% UltraMSK: version 1.0 beta 16
% Site: localhost.localdomain
% Date: 2015-06-23
% Frequency: 40800.000000 Hz
% Baud Rate: 200 Hz
% VLF Channel: 3
% PPS Channel: 4
% Jack Server: default
% Output Format: Cartesian
% End
60540.000 0.000339851 2.57209e-05 0.000334761 3.71397e-05
60560.000 0.000326104 1.07053e-06 0.000316973 1.70636e-05
60580.000 0.000322931 4.22677e-05 0.000338613 3.15181e-05
60600.000 0.000309044 6.80351e-05 0.000337178 7.12957e-05
60620.000 0.000201646 0.000244342 0.000216032 0.00025162
60640.000 0.000241214 0.000211633 0.00023296 0.00020383
% Warning: sampling overrun detected
60660.000 0.000261315 0.000209651 0.000248992 0.000199021
% Warning: sampling overrun detected
60680.000 0.000269141 0.000191439 0.000275902 0.000175628
60700.000 0.000261221 0.000146757 0.000284933 0.000162824
% Warning: sampling overrun detected
60720.000 0.000273775 0.000192624 0.000279462 0.000192424
60740.000 0.000321777 8.6081e-05 0.000327157 6.05155e-05
% Warning: sampling overrun detected
60760.000 0.000336042 2.39938e-05 0.000334062 3.48359e-05
% Warning: sampling overrun detected
60780.000 0.000312002 5.87862e-05 0.000332553 5.66172e-05
60800.000 0.000276104 0.000187027 0.000277072 0.000204696
60820.000 0.00028416 0.00015443 0.000291724 0.000151386
% Warning: sampling overrun detected
60840.000 0.000272381 0.00019564 0.000286514 0.000194117
60860.000 0.000298505 0.000145522 0.00030725 0.000129194
60880.000 0.000336925 3.32288e-05 0.000332068 2.79052e-05
60900.000 0.000295696 0.000114028 0.000303853 0.000108
60920.000 0.000306907 0.000114183 0.000300512 0.000120258
60940.000 0.000244326 0.000158648 0.000264232 0.000159642
60960.000 0.000255846 0.000185052 0.000250112 0.000224639
60980.000 0.000279033 0.000164741 0.000303388 0.00016726
61000.000 0.000298888 0.000121027 0.000305243 0.000114709
61020.000 0.000281454 0.000150323 0.000284637 0.000141573
61040.000 0.000145489 0.000271495 0.000146431 0.000285857
61060.000 1.6835e-06 0.000326732 -1.45385e-05 0.000323548
61080.000 -8.21111e-05 0.000310762 -6.53739e-05 0.000320427
61100.000 -0.000118287 0.000298776 -0.000108969 0.000300265
61120.000 -0.000114692 0.000304228 -0.000116263 0.000290214
61140.000 -0.000103569 0.000310635 -9.4921e-05 0.000310748
61160.000 -3.20755e-05 0.000328166 -2.96342e-05 0.000306878
61180.000 7.66684e-05 0.000319021 6.91478e-05 0.000313382
61200.000 3.58254e-05 0.000322071 3.48421e-05 0.00032499
61220.000 5.77491e-06 0.000346817 1.39624e-05 0.000325355
61240.000 2.31588e-05 0.000316279 2.28121e-05 0.000321546
61260.000 7.90896e-05 0.000309419 7.79675e-05 0.000304317
61280.000 3.27665e-05 0.00032222 4.08367e-05 0.000315596
61300.000 0.000139182 0.000295963 0.000125237 0.000299735
61320.000 0.000210587 0.000246229 0.000199638 0.000236001
61340.000 4.5113e-05 0.000322939 4.74604e-05 0.000306726
61360.000 3.34397e-05 0.000325389 4.61464e-05 0.000315451
61380.000 5.95247e-05 0.000322203 9.45388e-05 0.000303577
61400.000 3.53174e-05 0.000319751 3.60154e-05 0.00030594
61420.000 1.48087e-05 0.000311836 1.74516e-05 0.000313489
61440.000 7.25702e-05 0.000315202 8.19097e-05 0.00030529
61460.000 0.000155912 0.00027615 0.000160556 0.00027025
61480.000 0.000205755 0.000248913 0.000203672 0.000249728
61500.000 0.000179965 0.000270032 0.000175482 0.000260903
61520.000 7.20984e-05 0.000302094 5.48359e-05 0.000306461
61540.000 1.42989e-05 0.000317135 1.44258e-05 0.000320557
61560.000 -0.000100251 0.000302142 -7.13995e-05 0.000309339
61580.000 -0.00022899 0.000198156 -0.000218227 0.000191925
61600.000 -0.000216513 0.000230731 -0.000215573 0.00023272
61620.000 -0.000147687 0.000295601 -0.000147746 0.000293994
61640.000 -9.12857e-05 0.000313976 -8.02368e-05 0.000306076
61660.000 -1.89046e-05 0.000315005 -4.08665e-05 0.00030717
61680.000 -3.93598e-05 0.000329943 -3.28726e-05 0.000321649
61700.000 -0.000108182 0.000315762 -7.5878e-05 0.000324471
61720.000 -2.42895e-05 0.000301169 -7.14393e-05 0.000315651
61740.000 -8.46064e-05 0.000326397 -8.33781e-05 0.000313912
61760.000 2.12727e-05 0.000310447 3.19437e-05 0.000322388
61780.000 -4.14637e-05 0.000312403 -2.86022e-05 0.00030957
61800.000 -0.000108289 0.000305707 -9.03974e-05 0.000310426
61820.000 -9.85506e-05 0.000316801 -0.000101335 0.000303013
61840.000 -0.000147041 0.000283594 -0.000159213 0.000281079
61860.000 -0.000100127 0.000305736 -0.000108058 0.000312218
61880.000 -9.16322e-05 0.000339263 -7.80623e-05 0.000322942
61900.000 -9.58886e-06 0.000298694 -1.33769e-05 0.000296016
61920.000 -5.89432e-05 0.000331301 -5.44616e-05 0.00031958
61940.000 -7.01811e-05 0.000310959 -7.25809e-05 0.00029064
61960.000 -0.000177597 0.000253921 -0.000184725 0.000250204
61980.000 -0.000251166 0.000186888 -0.000263439 0.000199013
62000.000 -0.00031522 3.80485e-05 -0.000318861 4.47871e-05
62020.000 -0.000327357 -8.95022e-06 -0.000328099 1.73965e-07
62040.000 -0.000301716 0.000112243 -0.000300795 0.000110261
62060.000 -0.00023035 0.000221648 -0.000240241 0.000236437
62080.000 -0.000195248 0.000252855 -0.000196839 0.000245012
62100.000 -0.000171178 0.000255411 -0.000207291 0.000270297
62120.000 -0.000204171 0.000235466 -0.000209147 0.000224609
62140.000 -0.000261206 0.000173511 -0.000270227 0.000166694
62160.000 -0.000238711 0.000215556 -0.00023529 0.000214563
62180.000 -0.000212989 0.000256328 -0.00020191 0.000243215
62200.000 -7.55273e-05 0.000314112 -7.63246e-05 0.000326425
62220.000 -8.56744e-05 0.000309213 -9.51814e-05 0.000315604
62240.000 -2.43281e-05 0.000317905 -3.0058e-05 0.000329443
62260.000 4.7954e-06 0.000323374 1.80738e-05 0.000319302
62280.000 0.000151289 0.000301303 0.00014771 0.000292848
62300.000 0.000163816 0.000279935 0.000151092 0.000280765
62320.000 0.000232341 0.000244606 0.000221195 0.000247686
62340.000 0.000234508 0.000230344 0.0002451 0.000213175
62360.000 0.000269336 0.000189573 0.000265966 0.000188684
62380.000 0.000243085 0.000195721 0.000253178 0.000208681
62400.000 0.000301757 0.000151191 0.000280437 0.000150981
62420.000 0.000293936 0.000107566 0.000301265 0.000102936
62440.000 0.000322907 2.83108e-05 0.000331655 4.24091e-05
62460.000 0.000319567 5.6851e-05 0.000325178 5.58163e-05
62480.000 0.000314172 0.000129766 0.000323408 0.000106572
62500.000 0.000334009 6.3285e-05 0.000330536 6.5355e-05
62520.000 0.000329531 2.37128e-05 0.000327766 3.08759e-05
62540.000 0.000317501 -4.24328e-05 0.000328793 -3.79004e-05
62560.000 0.000325023 -0.000116615 0.000307805 -0.000111137
62580.000 0.000296257 -0.000138389 0.00030289 -0.000137627
62600.000 0.000321602 -0.000138986 0.000307635 -0.000136756
62620.000 0.000312746 -8.22502e-05 0.000309332 -8.81523e-05
62640.000 0.000310984 1.84986e-05 0.000320482 3.53309e-05
62660.000 0.000299326 0.000143834 0.000284902 0.000146718
62680.000 0.000244994 0.00022022 0.000240928 0.000218824
62700.000 0.000228039 0.00023731 0.000222783 0.00024904
62720.000 0.000259079 0.000176025 0.000279369 0.000171313
62740.000 0.000297583 4.49422e-05 0.000302035 6.32496e-05
62760.000 0.000306218 0.000111504 0.000299938 0.00012278
62780.000 0.000269215 0.000172755 0.000266801 0.000173112
62800.000 0.000322797 3.85483e-05 0.000308007 4.86211e-05
62820.000 0.000345061 7.29258e-06 0.0003392 2.31455e-05
62840.000 0.000339084 7.85046e-06 0.000349754 -7.57996e-06
62860.000 0.00031724 0.000129821 0.000309096 0.000124455
62880.000 0.00032117 7.20962e-05 0.000317198 8.1816e-05
62900.000 0.000313486 0.000122055 0.000303034 0.000124659
62920.000 0.00030595 0.000119476 0.000308479 0.000123422
62940.000 0.000196837 0.00025962 0.000192438 0.000272235
62960.000 9.49346e-05 0.00032124 9.28816e-05 0.000321157
62980.000 4.95141e-05 0.000328993 4.83284e-05 0.000320766
63000.000 -5.8992e-05 0.000332238 -5.62431e-05 0.000329525
63020.000 -0.000194583 0.000264157 -0.000213263 0.000256357
63040.000 -0.00023109 0.000217882 -0.000238647 0.000240924
63060.000 -0.000230322 0.000241256 -0.000226699 0.000234673
63080.000 -0.000308545 0.000125637 -0.000306149 0.000113204
63100.000 -0.000340995 3.97515e-05 -0.000342837 4.58706e-05
63120.000 -0.000320244 3.35992e-05 -0.000323588 2.64515e-05
63140.000 -0.000321969 -4.70693e-06 -0.000335177 5.93282e-07
63160.000 -0.000325442 5.60901e-05 -0.000337587 5.21634e-05
63180.000 -0.000340807 -3.56118e-05 -0.000319538 -3.30448e-05
63200.000 -0.000331847 -6.056e-05 -0.000330921 -5.63835e-05
63220.000 -0.000328042 3.66586e-05 -0.000323906 2.73602e-05
63240.000 -0.000332823 5.95767e-05 -0.000324691 5.97852e-05
63260.000 -0.00032357 7.27664e-05 -0.000310143 5.67185e-05
63280.000 -0.000311407 0.000115186 -0.000303824 0.000127309
63300.000 -0.000328533 5.69777e-05 -0.000328765 5.26153e-05
63320.000 -0.000334475 4.50162e-05 -0.000336329 5.18134e-05
63340.000 -0.000333347 -5.61009e-05 -0.000324751 -6.74085e-05
63360.000 -0.00033943 -1.3759e-05 -0.000336304 -1.3417e-05
63380.000 -0.000334926 3.4982e-05 -0.00032416 2.1812e-05
63400.000 -0.000295737 0.000133467 -0.000285258 0.000147453
63420.000 -0.000291683 0.000157152 -0.000305883 0.000144406
63440.000 -0.000273372 0.000176956 -0.000289086 0.000170066
63460.000 -0.000291549 0.000154825 -0.000288685 0.000152851
63480.000 -0.000304324 0.000132549 -0.000305768 0.000127222
63500.000 -0.000332068 3.98775e-05 -0.000328623 3.92277e-05
63520.000 -0.000328055 -3.28978e-05 -0.000330219 -2.76158e-05
63540.000 -0.00031586 2.04474e-05 -0.000319922 7.30167e-06
63560.000 -0.000321111 2.30755e-05 -0.000331213 -1.09706e-06
63580.000 -0.000326069 5.81595e-06 -0.000322117 1.35751e-05
63600.000 -0.000319955 -6.66195e-05 -0.000312206 -8.31919e-05
63620.000 -0.000182711 -0.000268292 -0.000161826 -0.000265879
63640.000 -0.000244146 -0.000218836 -0.000248007 -0.000211282
63660.000 -0.000270837 -0.000200031 -0.000249368 -0.000197454
63680.000 -0.000304127 -8.60025e-05 -0.000299143 -6.54374e-05
63700.000 -0.000309818 -5.63236e-05 -0.000303823 -5.00881e-05
63720.000 -0.000309174 -7.66536e-05 -0.000311697 -6.94375e-05
63740.000 -0.000291699 -0.000129112 -0.00029314 -0.000107653
63760.000 -0.000290191 -8.36533e-05 -0.000279125 -8.89382e-05
63780.000 -0.000305763 -0.000136446 -0.000295189 -0.000136505
63800.000 -0.000331218 -0.000106361 -0.000310763 -7.98512e-05
63820.000 -0.000319038 -0.000103014 -0.000308749 -0.000104621
% Warning: sampling overrun detected
63840.000 -0.000327175 -8.37545e-05 -0.000309589 -9.99893e-05
63860.000 -0.000275946 -0.000185623 -0.000277125 -0.000175717
63880.000 -0.000298817 -0.000144997 -0.000302531 -0.000136814
63900.000 -0.00025171 -0.000213824 -0.000240371 -0.000217051
63920.000 -0.000246218 -0.000220294 -0.000249191 -0.00021977
63940.000 -0.000259708 -0.000205764 -0.000262735 -0.000189649
63960.000 -0.000236936 -0.000236795 -0.000234701 -0.00021152
63980.000 -0.000325058 -0.000110285 -0.000310798 -0.000105877
64000.000 -0.000321721 1.71736e-05 -0.000327642 1.43139e-06
64020.000 -0.000326586 -7.22924e-05 -0.000328248 -7.22123e-05
64040.000 -0.000311072 -0.000138594 -0.00030176 -0.000139068
64060.000 -0.000270742 -0.000178515 -0.000258395 -0.000180988
64080.000 -0.000219634 -0.000225189 -0.000194432 -0.000244523
64100.000 -0.000261134 -0.000192248 -0.000273129 -0.000166059
64120.000 -0.000284637 -0.000156827 -0.000279414 -0.000160457
64140.000 -0.000294976 -0.000118861 -0.000301804 -0.000133898
64160.000 -0.000324861 -4.01582e-05 -0.000325038 -3.5964e-05
64180.000 -0.000314705 6.23949e-05 -0.000314029 7.57034e-05
64200.000 -0.000323148 7.15364e-05 -0.000317957 8.42562e-05
64220.000 -0.000276411 0.000151208 -0.000257747 0.000153555
64240.000 -0.000221398 0.000208479 -0.000229733 0.00024056
% Warning: sampling overrun detected
64260.000 -0.000200715 0.000255644 -0.000194472 0.000269471
64280.000 -0.000246359 0.000231257 -0.000233411 0.000224223
64300.000 -0.000110461 0.000312561 -0.000107205 0.00029754
64320.000 2.99321e-05 0.000320243 2.8248e-05 0.000321075
64340.000 8.00125e-05 0.000314671 9.0861e-05 0.000308916
64360.000 8.03857e-05 0.000317998 9.71216e-05 0.000321504
64380.000 0.00016361 0.000274555 0.000144865 0.00029608
64400.000 0.000142969 0.000308551 0.00014111 0.000287445
% Warning: sampling overrun detected
64420.000 8.11753e-05 0.000319407 7.70949e-05 0.000327939
% Warning: sampling overrun detected
64440.000 0.000183597 0.000283186 0.000175177 0.000277425
64460.000 0.000168617 0.000275892 0.000161487 0.000285381
64480.000 0.000186125 0.000258192 0.000168248 0.000261298
64500.000 9.62823e-05 0.000297191 0.000105507 0.000292425
64520.000 7.4776e-05 0.000317214 5.65718e-05 0.000325604
64540.000 3.68805e-05 0.000316146 3.97658e-05 0.000314675
64560.000 -2.05512e-05 0.000328869 -2.79359e-05 0.000313533
64580.000 -0.000109132 0.000294504 -0.00010307 0.000297231
64600.000 -0.000142195 0.000268842 -0.000140766 0.000273587
64620.000 -0.00028088 0.000131443 -0.000286598 0.00010538
64640.000 -0.000313175 8.05631e-05 -0.000315602 9.73581e-05
64660.000 -0.000301835 0.000117371 -0.00029375 0.000123418
64680.000 -0.000266749 0.000153625 -0.000258768 0.000172163
64700.000 -0.000233918 0.000226507 -0.00023161 0.000210824
64720.000 -0.000164467 0.000274716 -0.000172534 0.000266022
64740.000 -0.000234727 0.000240001 -0.000239424 0.000242404
64760.000 -0.000222788 0.000233886 -0.000213134 0.000230888
64780.000 -0.000127246 0.000293167 -0.000147534 0.000286774
64800.000 -0.000220844 0.000227903 -0.000208122 0.000251212
64820.000 -0.000289031 6.92478e-05 -0.000310627 6.86976e-05
64840.000 -0.000303787 -0.000100749 -0.0003041 -0.000107154
64860.000 -0.000268163 -0.000150961 -0.00028039 -0.000160998
64880.000 -0.00032774 -5.15552e-05 -0.000335957 -4.07644e-05
64900.000 -0.000310253 6.83487e-05 -0.000322722 7.90842e-05
64920.000 -0.000316216 9.49693e-05 -0.000308606 9.917e-05
64940.000 -0.000288446 0.0001367 -0.000294713 0.000145848
64960.000 -0.000308986 0.000100924 -0.000304262 8.87784e-05
64980.000 -0.000288627 0.000124257 -0.000293523 0.000126295
65000.000 -0.000269745 0.000164483 -0.000267071 0.000169386
65020.000 -0.000191248 0.000249233 -0.000187547 0.000252455
65040.000 -9.3438e-05 0.000308144 -8.90218e-05 0.00030651
65060.000 -0.000235309 0.000193799 -0.000240232 0.000209135
65080.000 -0.00029197 0.000139906 -0.00029668 0.000114906
65100.000 -0.000312887 8.43897e-05 -0.00030597 7.87605e-05
65120.000 -0.000318231 -1.01978e-05 -0.000317578 5.10578e-06
65140.000 -0.000324109 -8.52367e-07 -0.000317235 2.44538e-06
65160.000 -0.000327288 -5.65493e-05 -0.000307865 -5.52404e-05
65180.000 -0.000297725 -0.000128778 -0.000290535 -0.000143381
65200.000 -0.000289417 -0.000162372 -0.000273681 -0.000168049
65220.000 -0.000225358 -0.000226258 -0.000227535 -0.000240913
65240.000 -0.000196373 -0.00025631 -0.000194973 -0.000256083
65260.000 -0.000171267 -0.000280899 -0.000165821 -0.000285013
65280.000 -0.000186146 -0.000262938 -0.000182131 -0.000253565
65300.000 -0.000187644 -0.000261674 -0.00018327 -0.000278248
65320.000 9.19238e-06 -0.000308971 -3.14792e-06 -0.000319744
65340.000 -2.41038e-05 -0.000326353 -3.83275e-05 -0.000309615
65360.000 -2.19119e-05 -0.000326762 -1.13872e-05 -0.000326529
65380.000 5.5356e-05 -0.000308979 4.78805e-05 -0.000321624
65400.000 2.01148e-05 -0.000322209 1.69456e-05 -0.000333432
65420.000 -0.000168155 -0.000263012 -0.000183582 -0.000263324
65440.000 -0.000218837 -0.00022245 -0.000235115 -0.000234104
65460.000 -0.000286066 -0.000151314 -0.000292625 -0.000146826
65480.000 -0.000266645 -0.000192885 -0.000251613 -0.000200295
65500.000 -0.000270669 -0.000194203 -0.000272537 -0.000190178
65520.000 -0.000307501 -8.43976e-05 -0.000312001 -8.81989e-05
65540.000 -0.000295716 -0.000120739 -0.000306363 -0.000105311
65560.000 -0.000276136 -0.000179692 -0.000277414 -0.000181728
65580.000 -0.000267415 -0.000184221 -0.000276514 -0.000189456
65600.000 -0.000170789 -0.000268371 -0.000177226 -0.000259672
65620.000 -0.000121941 -0.000299807 -0.00011144 -0.00030495
65640.000 -0.00019037 -0.000257337 -0.000186633 -0.000251111
65660.000 -0.000304532 -9.00356e-05 -0.000320369 -8.98885e-05
65680.000 -0.000326222 -2.5186e-05 -0.000323274 -2.44301e-05
65700.000 -0.000203457 -0.00024862 -0.000212208 -0.000249529
65720.000 -0.000207338 -0.00024829 -0.000187569 -0.000252371
65740.000 -0.000281015 -0.000165891 -0.000284951 -0.000177612
65760.000 -0.00026597 -0.000191261 -0.000268473 -0.000169842
65780.000 -0.000198077 -0.000249255 -0.000203019 -0.000241848
65800.000 -3.57742e-05 -0.00032507 -3.8419e-05 -0.000322522
65820.000 -7.23397e-05 -0.000333685 -6.48491e-05 -0.000319926
65840.000 -0.000150439 -0.000298419 -0.000150779 -0.000307831
65860.000 -0.000212865 -0.000233131 -0.000218364 -0.000250908
65880.000 -0.000126161 -0.000273666 -0.000118269 -0.000283329
65900.000 5.04497e-05 -0.00029307 3.99122e-05 -0.000310784
65920.000 8.87689e-05 -0.000322131 0.000106446 -0.00031181
65940.000 5.65532e-05 -0.000334179 5.53712e-05 -0.000316415
65960.000 0.000146905 -0.000297849 0.000154835 -0.000288005
65980.000 0.000200045 -0.000251211 0.000197627 -0.000276985
66000.000 0.000179504 -0.000278388 0.000182157 -0.000253308
66020.000 0.000137837 -0.000300731 0.000128757 -0.000294677
66040.000 5.48946e-05 -0.000326747 5.63093e-05 -0.000337317
66060.000 0.000139871 -0.000298064 0.000150763 -0.000291716
66080.000 7.63471e-05 -0.000309704 6.53639e-05 -0.000305519
66100.000 3.07632e-05 -0.000313806 1.45694e-05 -0.000317828
66120.000 4.61355e-05 -0.000317609 2.78608e-05 -0.000320661
66140.000 8.47195e-05 -0.000323123 6.74582e-05 -0.00032685
66160.000 0.000168438 -0.000268804 0.00017811 -0.000256366
66180.000 0.00029047 -0.000132103 0.000283454 -0.000156146
66200.000 0.000244499 -0.000215604 0.000220897 -0.000213221
66220.000 0.000205427 -0.000249538 0.000201609 -0.000249296
66240.000 9.51534e-05 -0.00030592 8.94587e-05 -0.000297786
66260.000 0.000157868 -0.000267996 0.000165017 -0.000277399
66280.000 0.000136768 -0.000292255 0.000148469 -0.000284435
66300.000 0.000135749 -0.000284341 0.000113562 -0.000294872
66320.000 7.80796e-06 -0.00031063 1.32477e-05 -0.000309818
66340.000 2.50846e-05 -0.000326282 2.05616e-05 -0.000308407
66360.000 6.57429e-05 -0.000317931 5.42675e-05 -0.000315851
66380.000 3.62856e-05 -0.000319191 4.70161e-05 -0.000333765
66400.000 2.84408e-06 -0.000316262 1.18744e-05 -0.000325512
66420.000 5.18565e-06 -0.000328791 8.4891e-06 -0.000321575
66440.000 3.38827e-05 -0.000319889 3.19262e-05 -0.000318882
66460.000 0.000101778 -0.000314352 0.000120854 -0.000298403
66480.000 9.01579e-05 -0.000318322 9.6498e-05 -0.000313601
66500.000 8.19116e-05 -0.000300701 8.38045e-05 -0.000331744
66520.000 3.50977e-06 -0.000323895 -3.08938e-06 -0.000304985
66540.000 2.0098e-05 -0.000310119 3.25541e-05 -0.000302087
66560.000 9.25917e-05 -0.000316843 7.78088e-05 -0.000315253
66580.000 6.60493e-05 -0.000303802 5.79804e-05 -0.00030396
66600.000 9.71891e-05 -0.000298577 9.88849e-05 -0.000299853
66620.000 0.000111493 -0.00030629 9.21628e-05 -0.000299131
66640.000 0.000205191 -0.000250476 0.000185511 -0.000260539
66660.000 0.000219397 -0.00022652 0.000225781 -0.00023761
66680.000 0.000190167 -0.000262319 0.000174736 -0.000270667
66700.000 0.000204249 -0.000244319 0.000205483 -0.000242423
66720.000 0.000190508 -0.000251844 0.000193978 -0.000237637
66740.000 0.00023695 -0.000206836 0.000256094 -0.000201023
66760.000 0.000304621 -9.59169e-05 0.000303708 -6.66221e-05
66780.000 0.000304864 -7.31797e-05 0.000300625 -6.18454e-05
66800.000 0.000304659 0.000100961 0.000298328 0.000106164
66820.000 0.00027607 0.00013344 0.000288798 0.000124067
% Warning: sampling overrun detected
66840.000 0.000297636 -0.000129371 0.000276711 -0.000131652
66860.000 0.0002604 -0.000198646 0.000255557 -0.000180615
66880.000 0.000175696 -0.000268717 0.000161751 -0.00026572
66900.000 0.000127181 -0.000299096 0.00011799 -0.00030354
66920.000 9.79589e-05 -0.000292847 0.000101775 -0.000295844
66940.000 3.88188e-05 -0.000319126 2.31186e-05 -0.000313838
66960.000 7.42198e-05 -0.000306523 8.96082e-05 -0.000298571
66980.000 0.000137734 -0.000293634 0.000135578 -0.000281131
67000.000 0.000134093 -0.00028565 0.000146208 -0.00027598
67020.000 0.000160257 -0.00027565 0.000146064 -0.000280415
67040.000 4.01305e-05 -0.000324249 3.44196e-05 -0.000334603
67060.000 -7.13119e-05 -0.000310156 -6.59575e-05 -0.000301877
67080.000 -1.19539e-05 -0.000321899 -5.03095e-06 -0.000315831
67100.000 4.91699e-05 -0.000332684 6.0336e-05 -0.000309949
67120.000 -7.99829e-05 -0.000310507 -7.70649e-05 -0.000319685
67140.000 -7.06045e-06 -0.00031352 -1.55513e-05 -0.000304304
67160.000 0.00011494 -0.000300586 9.31689e-05 -0.00028828
67180.000 0.000103931 -0.00030206 9.03044e-05 -0.000305446
67200.000 0.000100912 -0.000301931 0.000104772 -0.000300924
67220.000 7.81875e-05 -0.000306118 8.38907e-05 -0.000292307
67240.000 0.000212455 -0.000245517 0.00021402 -0.000242636
67260.000 0.0001838 -0.000252284 0.000173244 -0.000280489
67280.000 0.000229347 -0.000224505 0.000221043 -0.000235801
67300.000 0.000136405 -0.000298974 0.000120696 -0.000303116
67320.000 -1.54114e-05 -0.000332868 -9.46124e-07 -0.000325013
67340.000 -6.3172e-05 -0.000313419 -9.06183e-05 -0.000302363
67360.000 -0.000190471 -0.000266321 -0.000172633 -0.000263404
67380.000 -0.00022639 -0.000212018 -0.000247619 -0.00021791
67400.000 -0.000199081 -0.000239107 -0.000192787 -0.000266878
67420.000 -0.000173241 -0.00026588 -0.000173743 -0.00026914
67440.000 -5.4322e-05 -0.000314421 -8.68894e-05 -0.000313956
67460.000 5.62373e-05 -0.000309584 7.83802e-05 -0.00032467
67480.000 0.000168921 -0.000270489 0.000187368 -0.000278474
67500.000 0.000103668 -0.000296142 0.000105548 -0.000304296
67520.000 -2.17022e-05 -0.000319571 -2.7185e-05 -0.000318084
67540.000 -0.000130545 -0.000293822 -0.000123175 -0.000297268
67560.000 -0.000205692 -0.000251023 -0.000205849 -0.000251352
67580.000 -0.000282295 -0.000144633 -0.000276935 -0.000144167
67600.000 -0.000297602 -0.000129011 -0.000302225 -0.000125169
67620.000 -0.000318778 -9.51413e-05 -0.000312643 -7.86673e-05
67640.000 -0.000313153 -0.000100834 -0.000313918 -0.000112755
67660.000 -0.000291528 -0.000152828 -0.000296346 -0.000153707
67680.000 -0.000291769 -0.00015291 -0.00027656 -0.000138153
67700.000 -0.000290848 -0.00012797 -0.000298113 -0.000124277
67720.000 -0.000222087 -0.000212833 -0.00024431 -0.00022033
67740.000 -0.000181425 -0.000263694 -0.000190153 -0.000254919
67760.000 -0.000235789 -0.000215492 -0.000234636 -0.000224562
67780.000 -0.000300181 -0.000107466 -0.000304222 -0.000115071
67800.000 -0.000309984 -6.79934e-05 -0.000302904 -6.26814e-05
67820.000 -0.000330405 -1.38717e-05 -0.000319201 -1.14623e-05
67840.000 -0.000314469 -6.17725e-05 -0.000309352 -5.33853e-05
67860.000 -0.000317276 -5.97848e-05 -0.000311685 -6.92329e-05
67880.000 -0.00032774 -6.20598e-05 -0.000311955 -6.76488e-05
67900.000 -0.000294419 -0.000134893 -0.000309875 -0.000114217
67920.000 -0.00020787 -0.000231648 -0.00022515 -0.000239708
67940.000 -0.000266821 -0.000185904 -0.000251651 -0.000194934
67960.000 -0.00031555 -4.46543e-05 -0.000329924 -3.53619e-05
67980.000 -0.000296242 -9.61118e-05 -0.000303995 -0.000103081
68000.000 -0.000275865 -0.000150914 -0.000277741 -0.000147018
68020.000 -0.000230222 -0.000228909 -0.000211456 -0.000231488
% Warning: sampling overrun detected
68040.000 -0.000235038 -0.000207085 -0.000241914 -0.000221573
68060.000 -0.000222063 -0.000224296 -0.000231793 -0.00022889
68080.000 -0.000259389 -0.000172882 -0.000263593 -0.000175319
68100.000 -0.000284271 -0.000144736 -0.00027683 -0.000150429
68120.000 -0.000237587 -0.000206553 -0.00023336 -0.000221157
68140.000 -0.000284043 -0.000161303 -0.000268757 -0.000154095
68160.000 -0.000242456 -0.000199712 -0.000236753 -0.00019909
68180.000 -0.000239014 -0.000254364 -0.000233661 -0.000231696
68200.000 -0.000170881 -0.000285432 -0.000186242 -0.000270975
68220.000 -0.00016926 -0.000274656 -0.000159506 -0.00025063
68240.000 -0.000260687 -0.000150746 -0.000255731 -0.000155064
68260.000 -0.000303027 -0.000103595 -0.000303191 -0.000100793
68280.000 -0.000283705 -0.000152408 -0.000280339 -0.000150139
68300.000 -0.000282834 -0.00013703 -0.000292405 -0.000127251
68320.000 -0.000254819 -0.000176208 -0.000251816 -0.000182519
68340.000 -0.000238562 -0.000205 -0.000226676 -0.000210733
68360.000 -0.000159784 -0.000264846 -0.000169552 -0.00026301
68380.000 -0.000195775 -0.000248108 -0.000202557 -0.000245782
68400.000 -0.000194983 -0.000251085 -0.00019177 -0.000258035
68420.000 -0.000149534 -0.000262741 -0.000148138 -0.000270113
68440.000 -1.38813e-05 -0.000317226 -2.46469e-07 -0.000305208
68460.000 8.92646e-06 -0.000298611 8.38225e-06 -0.000313946
68480.000 -3.02569e-05 -0.000315069 -2.80438e-05 -0.000317626
68500.000 -5.43789e-06 -0.000313805 5.74765e-06 -0.000321698
68520.000 -6.88287e-05 -0.000308793 -6.86312e-05 -0.000303146
68540.000 7.1641e-05 -0.000314999 4.33814e-05 -0.000305461
68560.000 0.00023578 -0.00019406 0.00023682 -0.000191248
68580.000 0.0003011 -0.000155449 0.000316949 -0.000140874
68600.000 0.000303063 -9.59803e-05 0.000293004 -9.42944e-05
68620.000 0.000312163 3.30965e-05 0.000306534 2.36321e-05
68640.000 0.00029404 8.87075e-05 0.000318284 9.40419e-05
68660.000 0.000248483 0.000187127 0.000254096 0.000178642
68680.000 0.000174946 0.000270896 0.000175801 0.00025161
68700.000 0.000197852 0.000230832 0.000195916 0.000225948
68720.000 0.000248002 0.000186108 0.000241146 0.000194345
68740.000 0.000283908 0.000111401 0.000284864 0.000128836
68760.000 0.000298585 0.000109777 0.000294698 0.000124649
68780.000 0.000235353 0.00023864 0.000219887 0.000242714
68800.000 0.000192235 0.000233966 0.000189791 0.00023898
68820.000 0.000272541 0.000116329 0.000266539 0.000126279
68840.000 0.000283294 0.000133609 0.000277033 0.000136926
68860.000 0.000257075 0.000178759 0.000240394 0.000182474
68880.000 0.000284124 0.000127849 0.000274889 0.000104961
68900.000 0.000314074 8.79857e-06 0.000302245 3.23464e-05
68920.000 0.0003115 2.92706e-05 0.00030573 3.97967e-05
68940.000 0.000312414 8.43214e-06 0.000306195 6.24291e-06
68960.000 0.00030794 -5.54046e-05 0.000305481 -4.81187e-05
68980.000 0.000311842 -5.94683e-05 0.000298353 -5.16175e-05
69000.000 0.000298609 -3.52165e-07 0.000306829 1.40495e-05
69020.000 0.000294013 0.00013805 0.000276217 0.000119938
69040.000 0.000305443 4.94448e-05 0.000309214 3.99875e-05
69060.000 0.000307174 2.97975e-05 0.000295586 2.08507e-05
69080.000 0.000298987 5.5732e-05 0.000298817 6.8574e-05
69100.000 0.000273973 0.000146374 0.000267322 0.000150727
69120.000 0.000282311 0.000105391 0.000288323 0.000120462
69140.000 0.000247616 0.000191602 0.000224206 0.000184677
69160.000 0.000209712 0.000225358 0.00021055 0.000238652
69180.000 0.000213432 0.000210513 0.000227985 0.000218011
69200.000 0.000281378 0.000138536 0.000285491 0.00012371
69220.000 0.000273532 0.000153357 0.000261479 0.000169835
69240.000 0.000297644 0.000104381 0.000313441 9.16671e-05
69260.000 0.00030677 8.57037e-05 0.000295794 8.1278e-05
69280.000 0.000276008 0.000142037 0.000267706 0.00015108
69300.000 0.000272792 0.000170497 0.000273589 0.00017778
69320.000 0.00029715 8.84656e-05 0.000289611 8.13218e-05
69340.000 0.000291413 8.24086e-05 0.000304994 9.47242e-05
69360.000 0.000309214 8.54495e-06 0.000326326 4.3184e-06
69380.000 0.000324189 -3.22311e-06 0.000320246 1.7351e-05
69400.000 0.000314645 6.23497e-05 0.00031008 5.54359e-05
69420.000 0.000315088 5.13933e-05 0.00031627 3.56201e-05
69440.000 0.000305927 -6.41065e-05 0.000311462 -8.08131e-05
69460.000 0.000295196 -9.81232e-05 0.000284339 -0.000117419
69480.000 0.000297306 -0.000104442 0.000292242 -0.000112477
% Warning: sampling overrun detected
69500.000 0.000311582 6.29711e-06 0.000311653 2.42305e-05
69520.000 0.000287508 9.48677e-05 0.000295373 0.000113945
69540.000 0.000302817 -7.14822e-06 0.000313964 -1.08556e-05
69560.000 0.000307646 -2.55753e-05 0.000307198 -1.21465e-05
69580.000 0.000308647 1.6663e-05 0.000301118 5.70713e-06
69600.000 0.000305265 6.90136e-05 0.000296694 7.0439e-05
69620.000 0.000299341 9.58885e-05 0.000292888 9.6389e-05
69640.000 0.000314951 4.59492e-05 0.000306689 2.78729e-05
69660.000 0.00030962 2.11165e-05 0.000308914 1.76163e-05
69680.000 0.000320933 2.69879e-05 0.00031354 -4.33209e-07
69700.000 0.00030606 4.90625e-05 0.000294493 5.02024e-05
69720.000 0.000261668 0.000168306 0.000258271 0.000159825
69740.000 0.000280081 0.000126266 0.00027873 0.000143689
% Warning: sampling overrun detected
69760.000 0.000303461 6.62488e-05 0.000307193 6.12591e-05
69780.000 0.000269612 -0.000127755 0.000280968 -0.000128295
69800.000 0.000285379 -0.000125112 0.000281901 -0.000126152
69820.000 0.000262472 -0.000160864 0.000271289 -0.000166256
% Warning: sampling overrun detected
69840.000 0.000262772 -0.000183729 0.000262432 -0.000166883
69860.000 0.000224656 -0.000202738 0.00023491 -0.000216899
69880.000 0.000248125 -0.000189883 0.000224816 -0.000193856
69900.000 0.000257922 -0.000166176 0.000264361 -0.00016834
69920.000 0.000167914 -0.000253565 0.000170844 -0.000273064
69940.000 0.000158468 -0.000250707 0.00015937 -0.00026703
69960.000 7.82027e-05 -0.00030669 8.26653e-05 -0.000316158
69980.000 -2.57252e-06 -0.000311384 1.62435e-05 -0.000311328
70000.000 9.10501e-05 -0.000302136 9.60946e-05 -0.000299114
70020.000 0.000141976 -0.000281317 0.00014114 -0.000278761
70040.000 0.000246863 -0.000163959 0.000259553 -0.000191503
70060.000 0.000305689 -9.48372e-05 0.000295949 -9.80321e-05
70080.000 0.000314234 -4.39843e-05 0.000305261 -5.1499e-05
70100.000 0.000296526 -4.50872e-05 0.000294239 -4.15639e-05
70120.000 0.000279775 -0.000150124 0.00027647 -0.000151809
70140.000 0.000261368 -0.00018316 0.000277725 -0.000175762
70160.000 0.000285398 -0.000138504 0.000270791 -0.000122153
70180.000 0.000287993 -0.000157462 0.000279588 -0.000154573
70200.000 0.000251532 -0.000206101 0.00023739 -0.000209027
70220.000 0.000240688 -0.000193785 0.000223519 -0.00020975
70240.000 0.000228885 -0.0002115 0.000233594 -0.000187045
70260.000 0.000215906 -0.000214919 0.000222098 -0.000218813
70280.000 0.0002055 -0.000236894 0.000193051 -0.000261337
70300.000 0.000125945 -0.000290195 0.000131451 -0.00028445
70320.000 0.000131292 -0.000281876 0.00014641 -0.000296043
70340.000 0.000238434 -0.000195118 0.000255604 -0.000188443
70360.000 0.000246946 -0.00019763 0.000247746 -0.000188321
70380.000 0.000242824 -0.00018914 0.000232406 -0.000193337
70400.000 0.000205918 -0.000218211 0.000229826 -0.000228137
70420.000 0.000229536 -0.000228528 0.00021311 -0.000213856
70440.000 0.000153437 -0.000285056 0.000161408 -0.000273808
70460.000 0.000159756 -0.000269697 0.000152244 -0.000280763
70480.000 5.98283e-05 -0.000303868 5.98236e-05 -0.000305783
70500.000 -9.89121e-05 -0.00030267 -0.000119565 -0.000298674
70520.000 -0.00010392 -0.000293673 -0.000107574 -0.000296788
70540.000 2.48812e-05 -0.000317496 3.15798e-05 -0.000317735
70560.000 0.000112041 -0.000281318 0.000123727 -0.000281538
70580.000 0.000226263 -0.000248425 0.000214723 -0.000234141
70600.000 0.000124255 -0.00025678 0.000127653 -0.000255756
70620.000 -4.49911e-05 -0.000304039 -2.64349e-05 -0.000318612
70640.000 2.05599e-05 -0.000327712 1.56228e-05 -0.000306838
70660.000 -8.1473e-05 -0.000300626 -6.46774e-05 -0.000322451
70680.000 3.68929e-05 -0.000320164 3.73504e-05 -0.000322651
70700.000 0.000181728 -0.000277797 0.00016919 -0.000273333
70720.000 0.000193287 -0.000241757 0.000197613 -0.000247761
70740.000 0.000218316 -0.000243276 0.000191567 -0.000239618
70760.000 0.000224888 -0.00021657 0.000216504 -0.000225021
70780.000 0.00013591 -0.000276922 0.000154525 -0.000277503
70800.000 4.29266e-05 -0.000306139 3.43896e-05 -0.000295043
70820.000 -3.46847e-05 -0.000308747 -1.98986e-05 -0.00031184
70840.000 0.000183187 -0.000274974 0.000165719 -0.000275509
70860.000 0.000199654 -0.000261045 0.000193427 -0.000254163
70880.000 0.000266443 -0.000174611 0.000262954 -0.000173839
70900.000 0.000262202 -0.000184753 0.000251429 -0.000187359
70920.000 0.000155584 -0.000277486 0.00016912 -0.000280426
70940.000 0.000272154 -0.000165246 0.000261779 -0.000180447
70960.000 0.00030635 -4.52882e-05 0.000320544 -5.63229e-05
70980.000 0.000319871 3.85749e-05 0.000309003 4.55733e-05
71000.000 0.000313887 -1.76724e-06 0.000304203 -9.06549e-06
71020.000 0.000308537 -7.44398e-05 0.000318389 -7.68525e-05
% Warning: sampling overrun detected
71040.000 0.000314801 -8.3469e-05 0.000321451 -6.13039e-05
71060.000 0.000314434 6.67516e-05 0.0003029 5.84039e-05
71080.000 0.000285161 0.000147811 0.000289736 0.000147194
71100.000 0.0003216 -1.53649e-06 0.000322673 -3.77609e-06
71120.000 0.000296776 -0.000107916 0.000310447 -8.96579e-05
71140.000 0.0002563 -0.000197255 0.0002714 -0.000174349
71160.000 0.000255362 -0.000188153 0.000245962 -0.000210774
71180.000 0.000272624 -0.000155807 0.000269469 -0.00016657
71200.000 0.000302291 -6.01495e-05 0.000323843 -5.77575e-05
71220.000 0.000325559 -4.66445e-05 0.000310967 -2.13692e-05
71240.000 0.000311873 -4.77761e-05 0.000315465 -4.30332e-05
71260.000 0.000311115 2.63178e-05 0.000311251 3.0217e-05
71280.000 0.000308693 5.11904e-05 0.000308935 5.29089e-05
71300.000 0.000308441 -7.82635e-05 0.00030765 -4.7423e-05
71320.000 0.000288938 -0.000109892 0.000296075 -0.000106284
71340.000 0.000263481 -0.000161309 0.000284895 -0.000148299
71360.000 0.000276692 -0.00013813 0.000288232 -0.000136118
71380.000 0.000287465 -0.000132779 0.000299186 -0.00013158
71400.000 0.000233287 -0.000207849 0.000246414 -0.000197354
71420.000 0.000256541 -0.000155413 0.000273939 -0.000160351
71440.000 0.000287612 -0.000120211 0.000299149 -0.000124344
71460.000 0.000311099 -0.000106099 0.000302564 -0.000106009
71480.000 0.000330537 -2.9076e-05 0.000331311 -1.44103e-05
71500.000 0.000311565 6.03843e-06 0.000318077 5.38079e-06
71520.000 0.000314576 -7.87591e-06 0.000326505 5.58508e-07
71540.000 0.000322796 -4.14603e-05 0.000313796 -4.86488e-05
71560.000 0.000300111 -0.00011486 0.000301522 -0.000131307
71580.000 0.000218876 -0.000233099 0.000220757 -0.000220293
71600.000 0.000184532 -0.000276542 0.000177943 -0.000258768
71620.000 0.000289706 -0.000109506 0.000302116 -0.000128384
% Warning: sampling overrun detected
71640.000 0.000317339 -6.39151e-05 0.000312491 -6.57212e-05
71660.000 0.000309139 -3.35305e-05 0.000310179 -4.0128e-05
71680.000 0.000328282 6.21686e-05 0.000326026 7.84825e-05
71700.000 0.000303148 -2.69682e-05 0.000303601 -9.39212e-06
71720.000 0.000275396 -0.000170341 0.00027773 -0.000167491
71740.000 0.000312575 -7.205e-05 0.000303351 -5.79567e-05
71760.000 0.000318505 1.71389e-05 0.000319857 5.9669e-06
71780.000 0.000307485 -1.27839e-05 0.000305053 -1.2047e-05
71800.000 0.000306633 -7.68184e-05 0.000311378 -7.4607e-05
71820.000 0.000299321 -0.000118222 0.000307852 -0.000107236
71840.000 0.000285656 -0.000147184 0.000275034 -0.000136509
71860.000 0.000255209 -0.000194319 0.000245561 -0.000201144
71880.000 0.000192477 -0.000246764 0.000172439 -0.000265122
71900.000 0.000130986 -0.000288664 0.000153796 -0.000287936
71920.000 0.000235133 -0.000223088 0.000244887 -0.000218618
71940.000 0.000237738 -0.000212881 0.000238258 -0.000220207
71960.000 0.000266806 -0.000173688 0.000261024 -0.000159813
71980.000 0.000266403 -0.000176538 0.000269924 -0.000163404
72000.000 0.00029037 -0.000135571 0.000279091 -0.000167342
% Warning: sampling overrun detected
72020.000 0.000296449 -0.000127127 0.000295243 -0.000133018
72040.000 0.000277558 -0.000126067 0.000281533 -0.000118707
72060.000 0.000317626 3.35663e-05 0.000346103 3.00235e-05
72080.000 0.000312067 8.8495e-05 0.000284532 0.000109201
72100.000 0.000315072 1.01566e-05 0.000305418 1.85778e-05
72120.000 0.000309939 2.73852e-05 0.000301766 2.13824e-05
72140.000 0.000331302 2.2847e-05 0.000327252 1.76336e-06
72160.000 0.000308966 -1.47216e-05 0.000320065 -2.39447e-05
72180.000 0.000319822 -1.07524e-05 0.000326818 -2.86251e-05
72200.000 0.000305815 -5.94254e-05 0.000311517 -7.08431e-05
72220.000 0.000317329 -9.74297e-05 0.000292676 -7.11776e-05
72240.000 0.000315789 -3.23615e-05 0.00031316 -3.89839e-05
72260.000 0.000309836 1.08447e-05 0.000308838 4.8306e-06
72280.000 0.000314866 -2.57289e-05 0.000339827 -1.70806e-05
72300.000 0.000307398 -5.19736e-05 0.000299149 -5.75438e-05
72320.000 0.000249207 -0.000230168 0.000248468 -0.000194672
72340.000 0.000280844 -0.000110924 0.000295225 -0.000109236
72360.000 0.00030864 8.81688e-05 0.000301488 0.000113555
72380.000 0.000315919 -8.17611e-06 0.000314399 -8.29371e-06
72400.000 0.000308744 -0.00014488 0.000309786 -0.000143438
72420.000 0.00029446 -0.000143954 0.000296004 -0.000147193
72440.000 0.000265567 -0.000209687 0.000252532 -0.000204241
72460.000 0.000263341 -0.000197425 0.0002769 -0.000203509
72480.000 0.000172304 -0.000276897 0.00015979 -0.000253646
72500.000 1.00675e-05 -0.000338726 4.28245e-05 -0.000327559
72520.000 2.28669e-05 -0.000324023 4.88465e-05 -0.00031777
72540.000 9.27065e-05 -0.000307756 0.00011162 -0.00030951
72560.000 -4.31433e-06 -0.00032631 -8.14827e-07 -0.000331574
72580.000 -6.6189e-05 -0.000319331 -6.04274e-05 -0.00032013
72600.000 -5.61217e-05 -0.000317989 -3.68184e-05 -0.000337537
72620.000 -0.00012257 -0.00028679 -0.000120929 -0.000316136
72640.000 -8.9676e-05 -0.000297423 -9.69534e-05 -0.000321345
72660.000 -0.000125608 -0.00030733 -0.000132554 -0.000316883
72680.000 2.71034e-05 -0.0003294 2.1785e-05 -0.000323428
72700.000 9.35987e-05 -0.000318046 8.98329e-05 -0.000323842
72720.000 -5.80659e-06 -0.000347106 -2.16166e-05 -0.000326746
72740.000 -0.000146649 -0.000287981 -0.000150729 -0.000287565
72760.000 -0.000242771 -0.000234933 -0.000235758 -0.000221464
72780.000 -0.000154439 -0.000296058 -0.000152233 -0.000276727
72800.000 -2.45146e-05 -0.000322403 -2.97822e-05 -0.000337298
72820.000 -8.47384e-05 -0.000328726 -6.86915e-05 -0.000336479
72840.000 -4.87599e-05 -0.000328736 -5.67773e-05 -0.000325816
72860.000 -6.88911e-05 -0.000319079 -6.26246e-05 -0.000323834
72880.000 -0.000109463 -0.000306764 -0.000107356 -0.000296131
72900.000 -0.000144865 -0.000278618 -0.000155761 -0.000288035
72920.000 -4.14375e-05 -0.000319611 -4.43985e-05 -0.000311276
72940.000 7.32544e-05 -0.000314639 7.86926e-05 -0.000306677
72960.000 0.000119214 -0.000302243 0.000132438 -0.00028889
72980.000 9.99682e-05 -0.000302759 0.00011674 -0.000298935
73000.000 6.50119e-05 -0.000311593 7.44508e-05 -0.000316067
73020.000 7.24408e-05 -0.000305393 7.84968e-05 -0.000317721
73040.000 8.21487e-05 -0.000312991 0.000102544 -0.000308735
73060.000 5.39654e-05 -0.000318406 7.21063e-05 -0.000324573
73080.000 0.000129119 -0.000296105 0.000126431 -0.000295338
73100.000 3.80066e-06 -0.000319872 1.70851e-05 -0.000339368
73120.000 5.80961e-05 -0.00031814 7.52934e-05 -0.000328859
73140.000 0.000139668 -0.000293324 0.000151406 -0.000298521
73160.000 0.000137989 -0.000295971 0.000134694 -0.000295318
73180.000 0.000240947 -0.000213765 0.000232059 -0.000218992
73200.000 0.000251739 -0.000225307 0.000246891 -0.000225248
73220.000 0.000274516 -0.000181597 0.000277471 -0.000183246
73240.000 0.000244434 -0.000220616 0.000237815 -0.000210894
73260.000 0.000248073 -0.000186552 0.000249913 -0.000205238
73280.000 0.000277311 -0.000173771 0.000289618 -0.000154806
73300.000 0.000282614 -0.000174389 0.000266166 -0.000177014
73320.000 0.000283265 -0.000144158 0.000297243 -0.000161178
73340.000 0.000284475 -0.000152845 0.000305071 -0.000154753
73360.000 0.000264364 -0.000177759 0.000258489 -0.000186301
73380.000 0.00028729 -0.000134771 0.000284897 -0.000147349
73400.000 0.000310081 -0.000111916 0.00031883 -0.000136697
73420.000 0.000212115 -0.000240318 0.000200762 -0.000236236
73440.000 0.000101438 -0.000305594 0.000103227 -0.000299667
73460.000 6.981e-05 -0.000343957 9.27261e-05 -0.000328595
73480.000 -3.23252e-06 -0.000327266 -1.81147e-05 -0.000325643
73500.000 -0.00019478 -0.000267012 -0.000201385 -0.000265254
73520.000 -0.000172632 -0.000271037 -0.000182533 -0.000270406
73540.000 -0.000217061 -0.000248099 -0.000224178 -0.000239168
73560.000 -0.000201302 -0.00024674 -0.000197066 -0.000248807
73580.000 -0.000181018 -0.000266369 -0.000181466 -0.000284613
73600.000 -0.000261966 -0.000200908 -0.000251713 -0.000222408
73620.000 -0.000195378 -0.000250654 -0.000211379 -0.000244441
73640.000 -0.000117882 -0.000304629 -9.28921e-05 -0.000312394
73660.000 -7.40956e-05 -0.000305383 -6.59207e-05 -0.000330058
73680.000 -6.96819e-05 -0.000328623 -7.26404e-05 -0.000325467
73700.000 -0.000222173 -0.0002525 -0.000198666 -0.000246084
73720.000 -0.000120588 -0.000316823 -9.27242e-05 -0.000308945
73740.000 6.07888e-05 -0.00030896 6.53279e-05 -0.000315321
73760.000 7.69262e-05 -0.000327467 7.67402e-05 -0.000308458
73780.000 -6.76332e-06 -0.00032255 -1.54395e-05 -0.000325608
73800.000 -3.74829e-05 -0.000325008 -5.64655e-05 -0.000329741
73820.000 1.85031e-05 -0.000331383 3.09142e-05 -0.000333653
73840.000 0.00014684 -0.000319857 0.000128119 -0.000293113
73860.000 0.000129868 -0.000303897 0.000129719 -0.000314971
73880.000 0.000265579 -0.000203611 0.000255252 -0.00019127
73900.000 0.000281237 -0.000168667 0.000287537 -0.000147969
73920.000 0.000273012 -0.00018215 0.000254973 -0.000188884
73940.000 0.000190426 -0.000258042 0.000185191 -0.000264237
73960.000 9.7386e-05 -0.00030416 8.91922e-05 -0.000303518
73980.000 4.90739e-05 -0.000330178 4.31202e-05 -0.000326107
74000.000 4.44676e-05 -0.000326281 7.8986e-05 -0.000312814
74020.000 5.29952e-05 -0.000323196 6.36609e-05 -0.000303705
74040.000 -3.69332e-05 -0.000312072 -6.73565e-06 -0.000323266
74060.000 1.77522e-05 -0.000311398 2.73506e-05 -0.000315537
74080.000 9.29394e-05 -0.00031486 8.75133e-05 -0.000309424
74100.000 0.000165124 -0.00027443 0.000180261 -0.000269756
74120.000 0.000124312 -0.000296354 0.000125268 -0.00030454
74140.000 0.000115581 -0.000310681 0.000122836 -0.000295724
74160.000 8.3935e-05 -0.000306766 9.30999e-05 -0.000316188
74180.000 0.000181493 -0.000267025 0.000185298 -0.000263066
74200.000 9.75494e-05 -0.000301396 0.000122366 -0.000299275
74220.000 2.57919e-05 -0.000322762 2.03985e-05 -0.000325541
74240.000 -1.07539e-06 -0.000317868 6.46778e-06 -0.000316941
74260.000 -5.15715e-05 -0.00032532 -5.77951e-05 -0.000323943
74280.000 -0.000118573 -0.000305417 -0.000122582 -0.00030366
74300.000 -0.000122013 -0.000297091 -0.000108363 -0.0002931
74320.000 -0.000102662 -0.000317329 -6.65108e-05 -0.000318488
74340.000 -0.000156029 -0.000288677 -0.000159768 -0.000281666
74360.000 -0.000108343 -0.000296386 -0.000109658 -0.000305074
74380.000 -0.000225277 -0.000222414 -0.000220705 -0.000233891
74400.000 -0.000214963 -0.000253704 -0.000200493 -0.000242309
74420.000 -0.000217331 -0.000245644 -0.00020715 -0.000245514
74440.000 -0.000205167 -0.000250351 -0.000206634 -0.000255149
74460.000 -0.000187429 -0.000264671 -0.000188921 -0.000262122
74480.000 -5.55084e-05 -0.000291666 -7.34791e-05 -0.000314801
74500.000 4.47817e-05 -0.000317306 4.552e-05 -0.000311953
74520.000 1.49935e-05 -0.00032558 2.1892e-05 -0.000317188
74540.000 1.91036e-05 -0.000327056 1.39636e-05 -0.000329143
74560.000 7.06448e-05 -0.000304276 8.70556e-05 -0.000305083
74580.000 5.22904e-05 -0.00032142 3.9159e-05 -0.000316132
74600.000 -1.20032e-05 -0.000316423 1.14139e-05 -0.000322957
74620.000 -4.15695e-05 -0.000319608 -4.50911e-05 -0.0003159
74640.000 -0.000117226 -0.000296056 -0.000139269 -0.000297672
74660.000 -0.000277024 -0.000142725 -0.000282345 -0.000143345
74680.000 -0.000284928 -0.000143815 -0.000269105 -0.000136823
74700.000 -0.000274716 -0.000120803 -0.000275012 -0.000133914
74720.000 -0.00032093 4.67048e-05 -0.000292033 5.37321e-05
74740.000 -0.000313215 -3.91541e-05 -0.000302662 -3.72897e-05
74760.000 -0.000282623 -0.00013871 -0.000277249 -0.000142459
74780.000 -0.000205609 -0.000236151 -0.000172501 -0.000265165
74800.000 -0.000184303 -0.000251751 -0.000207631 -0.000258907
74820.000 -7.63497e-05 -0.000315611 -7.53489e-05 -0.000307389
74840.000 -1.97082e-05 -0.000318784 -3.19109e-06 -0.000318158
74860.000 7.75006e-05 -0.000310115 7.51065e-05 -0.00031498
74880.000 -1.27077e-05 -0.000316506 -6.46056e-07 -0.00032764
74900.000 -8.38329e-05 -0.000311928 -9.30103e-05 -0.000305724
74920.000 -0.000177989 -0.000270567 -0.000191549 -0.000260189
74940.000 -0.000159507 -0.000286581 -0.000162472 -0.000270001
74960.000 -8.05938e-05 -0.000319946 -9.34297e-05 -0.000305488
74980.000 -4.75115e-05 -0.00032874 -6.69581e-05 -0.000313867
75000.000 8.24252e-06 -0.000323817 2.38062e-05 -0.000320368
75020.000 -7.1678e-06 -0.000332372 -3.31353e-06 -0.000329143
75040.000 7.40082e-05 -0.000314523 6.28284e-05 -0.000309
75060.000 0.000144794 -0.000290737 0.000129459 -0.000301748
75080.000 0.000124047 -0.000292237 0.000124832 -0.000291026
75100.000 0.00012155 -0.000310071 0.000116014 -0.000303056
75120.000 0.000212677 -0.000228102 0.000220472 -0.000221983
75140.000 0.000287613 -0.000168764 0.000280267 -0.000159745
75160.000 0.000236324 -0.000221771 0.000228918 -0.000227197
75180.000 0.000276341 -0.000139277 0.000306587 -0.000118787
75200.000 0.000313203 -6.39047e-05 0.00032403 -5.28826e-05
75220.000 0.000300147 -0.000153096 0.00029509 -0.000149763
% Warning: sampling overrun detected
75240.000 0.000273868 -0.000164438 0.000274242 -0.000176003
75260.000 0.000266522 -0.000180412 0.000261565 -0.000165252
% Warning: sampling overrun detected
75280.000 0.000192903 -0.000271122 0.000199331 -0.00026678
% Warning: sampling overrun detected
75300.000 0.000126481 -0.000294897 0.00013727 -0.00029906
% Warning: sampling overrun detected
75320.000 6.20575e-05 -0.00031704 6.24589e-05 -0.000322125
% Warning: sampling overrun detected
75340.000 1.23179e-05 -0.00031218 -1.95585e-06 -0.000329801
% Warning: sampling overrun detected
75360.000 -7.22612e-05 -0.000311615 -4.68607e-05 -0.000316938
% Warning: sampling overrun detected
75380.000 -0.000194942 -0.000253968 -0.000192443 -0.000259769
% Warning: sampling overrun detected
75400.000 -0.000225217 -0.000210477 -0.000221952 -0.000242005
% Warning: sampling overrun detected
75420.000 -0.000230082 -0.000224048 -0.000225905 -0.000230852
% Warning: sampling overrun detected
75440.000 -0.0002629 -0.000185271 -0.000247629 -0.000193395
% Warning: sampling overrun detected
75460.000 -0.000288168 -0.000164016 -0.000281027 -0.000160227
% Warning: sampling overrun detected
75480.000 -0.00021881 -0.00023032 -0.000230671 -0.000241457
% Warning: sampling overrun detected
75500.000 -0.000300134 -0.000126794 -0.000286505 -0.000112715
% Warning: sampling overrun detected
75520.000 -0.000323083 4.32576e-05 -0.000312742 5.53325e-05
75540.000 -0.000279351 0.000163535 -0.000278104 0.000184339
75560.000 -0.000215871 0.000233352 -0.0002457 0.000224768
% Warning: sampling overrun detected
75580.000 -0.000278645 0.000168317 -0.000280185 0.000173249
75600.000 -0.000283432 0.000165037 -0.000263816 0.000170734
% Warning: sampling overrun detected
75620.000 -0.000319792 0.000114983 -0.000291609 0.000108195
% Warning: sampling overrun detected
75640.000 -0.000325066 2.4995e-05 -0.000307772 4.49883e-05
% Warning: sampling overrun detected
75660.000 -0.000323191 -3.17838e-05 -0.000312092 -2.7264e-05
75680.000 -0.000318588 -8.50499e-05 -0.000314681 -9.42505e-05
% Warning: sampling overrun detected
75700.000 -0.000259686 -0.00017663 -0.00027371 -0.000169689
% Warning: sampling overrun detected
75720.000 -0.000319306 -7.88511e-05 -0.00029994 -8.38171e-05
% Warning: sampling overrun detected
75740.000 -0.000301655 -9.55579e-05 -0.000300476 -0.000103107
% Warning: sampling overrun detected
75760.000 -0.000313203 -0.000101277 -0.000309724 -8.12156e-05
% Warning: sampling overrun detected
75780.000 -0.000332775 -9.32671e-05 -0.000324185 -8.73435e-05
% Warning: sampling overrun detected
75800.000 -0.000285664 -0.000128759 -0.000287817 -0.000138569
% Warning: sampling overrun detected
75820.000 -0.000322389 -7.33896e-05 -0.000315378 -7.53756e-05
% Warning: sampling overrun detected
75840.000 -0.000253413 -0.000193644 -0.000247178 -0.000186872
75860.000 -0.000180597 -0.000271741 -0.000188011 -0.000259649
75880.000 -0.000238284 -0.000203027 -0.000232854 -0.000214891
75900.000 -0.000281658 -0.00014411 -0.000280846 -0.000149526
75920.000 -0.000303368 -0.000103407 -0.00030579 -0.000102635
75940.000 -0.000234593 -0.000218534 -0.000231542 -0.000222369
75960.000 -0.000189747 -0.000259731 -0.000169114 -0.000270813
75980.000 -7.50709e-05 -0.000309449 -8.10056e-05 -0.000295797
76000.000 -0.000116162 -0.000301087 -0.00011958 -0.000280883
76020.000 -1.09393e-05 -0.000310343 -3.5045e-05 -0.000305574
76040.000 -8.00681e-06 -0.000322866 -1.40611e-05 -0.000316384
76060.000 -6.11555e-05 -0.000334794 -7.27621e-05 -0.00031231
76080.000 2.18642e-06 -0.000327624 1.04966e-06 -0.000309916
76100.000 5.13944e-05 -0.000325489 5.16039e-05 -0.000319036
76120.000 8.00148e-05 -0.000307795 8.3373e-05 -0.000311677
76140.000 9.89812e-06 -0.000326119 -1.64762e-05 -0.000321012
76160.000 -3.04107e-05 -0.000330767 -3.79941e-05 -0.00031898
76180.000 -9.45714e-05 -0.000317188 -7.38428e-05 -0.000301189
76200.000 -0.00020936 -0.00026257 -0.000186944 -0.000258765
76220.000 -0.000213756 -0.000231837 -0.000224966 -0.000235453
76240.000 -0.000194056 -0.00026285 -0.000187512 -0.000256308
76260.000 -0.000300364 -0.000131634 -0.00030653 -0.000114968
76280.000 -0.000331011 -4.36484e-05 -0.000301117 -4.65275e-05
76300.000 -0.00031268 -9.65616e-05 -0.000310803 -9.17031e-05
76320.000 -0.000263027 -0.000176312 -0.000258181 -0.000176042
76340.000 -0.000248614 -0.000189112 -0.000275028 -0.000203484
76360.000 -0.00025519 -0.000203262 -0.000255976 -0.000202164
76380.000 -0.00019721 -0.000262411 -0.000187122 -0.000268124
76400.000 -9.07645e-05 -0.000317689 -7.3384e-05 -0.000306896
76420.000 3.27725e-05 -0.000326608 3.12524e-05 -0.00031608
76440.000 7.50806e-05 -0.000323095 6.91999e-05 -0.000304737
76460.000 -0.00010002 -0.000308656 -8.56723e-05 -0.000305914
76480.000 -0.00014309 -0.000292532 -0.000148756 -0.00027829
76500.000 3.26544e-05 -0.00031339 1.61022e-05 -0.000330359
76520.000 6.78111e-05 -0.000305102 6.13185e-05 -0.000313888
76540.000 -2.41967e-05 -0.000332886 -2.7322e-05 -0.000312346
76560.000 2.37869e-05 -0.000316909 4.33327e-05 -0.000294799
76580.000 -1.39705e-05 -0.000321291 -1.63606e-05 -0.000305427
76600.000 -0.000140554 -0.000302392 -0.000124875 -0.000304167
76620.000 -0.000182047 -0.000281298 -0.000184468 -0.00026246
76640.000 -0.000219995 -0.000239431 -0.000206623 -0.000244131
76660.000 -0.000263998 -0.000179964 -0.000257568 -0.000175158
76680.000 -0.000291497 -0.000136027 -0.000278201 -0.000142626
76700.000 -0.000234856 -0.0002153 -0.000219603 -0.000217597
76720.000 -0.000226137 -0.000258194 -0.000227387 -0.000231348
76740.000 -0.000273659 -0.000165657 -0.000272563 -0.000173844
76760.000 -0.000318678 -7.20713e-05 -0.000324246 -5.30569e-05
76780.000 -0.000305694 -0.000137359 -0.000311334 -0.000120797
76800.000 -0.000267373 -0.000188855 -0.000262481 -0.000190898
76820.000 -0.000298631 -0.000139999 -0.000292448 -0.000152559
76840.000 -0.000254519 -0.000216359 -0.000233373 -0.000216392
76860.000 -0.000196679 -0.000259641 -0.000201017 -0.00024893
76880.000 -0.000224552 -0.000229192 -0.000211314 -0.000237498
76900.000 -0.000138193 -0.000297817 -0.000149281 -0.00028887
76920.000 -0.00021811 -0.000238404 -0.00019471 -0.000252528
76940.000 -0.000228138 -0.000224666 -0.000215977 -0.000225152
76960.000 -0.000169129 -0.000291062 -0.000166956 -0.000258541
76980.000 -0.000313587 -4.86656e-05 -0.000305367 -3.81752e-05
77000.000 -0.000332269 2.00692e-05 -0.000314227 2.05976e-05
77020.000 -0.000290913 0.000100443 -0.000289038 0.000101365
77040.000 -0.000251735 0.000197762 -0.000243948 0.000199016
77060.000 -0.000217355 0.000223477 -0.000235541 0.000208023
77080.000 -0.000162785 0.00027042 -0.00016733 0.000262508
77100.000 -0.000170693 0.000274113 -0.000164884 0.000265517
77120.000 -0.000177365 0.00026374 -0.000191854 0.000259127
77140.000 -0.000258492 0.000196001 -0.000263345 0.000167213
77160.000 -0.000288059 0.000175085 -0.000267005 0.000143863
77180.000 -0.000320675 0.00010607 -0.00029665 9.49589e-05
77200.000 -0.000327405 8.66777e-05 -0.000316509 5.206e-05
77220.000 -0.000274203 0.000152592 -0.00027036 0.000155696
77240.000 -0.000257918 0.00019508 -0.000252402 0.000200397
77260.000 -0.000285899 0.000158493 -0.000268826 0.000141723
77280.000 -0.000320158 5.18113e-05 -0.000303227 6.08398e-05
77300.000 -0.000333134 -4.87024e-05 -0.000305152 -5.42437e-05
77320.000 -0.00032393 -5.01033e-05 -0.000297005 -4.35551e-05
77340.000 -0.000323286 -5.32106e-05 -0.000314771 -4.69507e-05
77360.000 -0.000332541 1.77198e-05 -0.000313582 2.09989e-05
77380.000 -0.000313301 -3.2451e-05 -0.000319746 -3.31587e-05
77400.000 -0.000303192 -6.90163e-05 -0.00030842 -7.17712e-05
77420.000 -0.000320431 -8.34821e-05 -0.000314249 -8.51383e-05
77440.000 -0.000313094 -5.70252e-05 -0.000322122 -7.25838e-05
77460.000 -0.000315804 -2.02338e-05 -0.000315645 -3.22239e-05
77480.000 -0.00033388 -5.5685e-05 -0.000315928 -6.32213e-05
77500.000 -0.000337008 -4.09403e-05 -0.000331273 -2.25465e-05
77520.000 -0.000315306 -0.000102871 -0.000308862 -0.000108401
77540.000 -0.000260815 -0.000202654 -0.000246486 -0.000190379
77560.000 -0.000314865 -7.55458e-05 -0.000311858 -9.87429e-05
77580.000 -0.000296382 -7.6813e-05 -0.000292353 -9.2193e-05
77600.000 -0.000316373 -3.61838e-05 -0.000311798 -4.02508e-05
77620.000 -0.000292135 -8.46163e-05 -0.000293522 -0.000100105
77640.000 -0.000300677 -0.000143167 -0.000297388 -0.000159859
77660.000 -0.000257416 -0.000207247 -0.000250384 -0.000181729
77680.000 -0.000286971 -0.000152146 -0.000285906 -0.000150839
77700.000 -0.000297303 -0.000101539 -0.000297429 -0.000126962
77720.000 -0.000316872 -6.38595e-05 -0.000305714 -5.22273e-05
77740.000 -0.000306183 -8.54438e-05 -0.000301791 -7.79105e-05
77760.000 -0.000320907 -6.08712e-05 -0.000313891 -5.30535e-05
77780.000 -0.000300091 -0.000106705 -0.000292791 -0.000104825
77800.000 -0.000238534 -0.000217011 -0.000226512 -0.000207203
77820.000 -0.000329986 -6.72393e-05 -0.000322101 -8.1234e-05
77840.000 -0.000312793 -5.16224e-05 -0.000322789 -5.67737e-05
77860.000 -0.000290405 -0.00012774 -0.000289348 -0.000135127
77880.000 -0.000214347 -0.000231424 -0.00022161 -0.000212262
77900.000 -0.000259584 -0.000215415 -0.000229691 -0.000210631
77920.000 -0.000220576 -0.000225605 -0.000221615 -0.000237399
77940.000 -0.000270069 -0.000194884 -0.000253001 -0.000198032
77960.000 -0.00018297 -0.000252915 -0.000180113 -0.000249618
77980.000 -8.53873e-05 -0.000317346 -9.80154e-05 -0.00030993
78000.000 -6.74257e-05 -0.00031114 -7.91029e-05 -0.000315042
78020.000 -0.000138456 -0.000281919 -0.000125391 -0.000283464
78040.000 -0.00022077 -0.00024107 -0.000216635 -0.000239181
78060.000 -0.000268246 -0.000178075 -0.000267555 -0.00016918
78080.000 -0.000287929 -0.00015058 -0.000279355 -0.00014078
78100.000 -0.000262687 -0.00018677 -0.000271054 -0.000199737
78120.000 -0.000306724 -0.000144774 -0.000287301 -0.000133505
78140.000 -0.000299017 -7.1494e-05 -0.000304352 -6.1494e-05
78160.000 -0.000324717 3.15847e-06 -0.000339541 9.20502e-06
78180.000 -0.000335306 2.24103e-05 -0.000322573 6.79288e-06
78200.000 -0.000308458 0.000101008 -0.000292893 8.73035e-05
78220.000 -0.000268961 0.000184311 -0.000266449 0.000175616
78240.000 -0.00016685 0.000288513 -0.00017055 0.00027772
78260.000 -7.74288e-05 0.000316159 -8.48791e-05 0.000314975
78280.000 5.87103e-07 0.000319914 1.48412e-06 0.000311945
78300.000 -1.01946e-07 0.000329061 2.96331e-06 0.000332126
78320.000 0.000108763 0.000315784 0.000100103 0.000299005
78340.000 9.98248e-05 0.000300977 0.0001039 0.000304809
78360.000 8.02122e-05 0.000294475 8.15942e-05 0.000293528
78380.000 -5.17601e-05 0.00033625 -3.35394e-05 0.000328227
78400.000 -0.000117887 0.000310913 -0.000130519 0.000301062
78420.000 -0.000183082 0.000287181 -0.000171397 0.000281853
78440.000 -7.89779e-05 0.000292695 -7.99769e-05 0.000289587
78460.000 -8.43658e-05 0.000309589 -5.86405e-05 0.000318377
78480.000 -0.000171105 0.000265171 -0.00015707 0.000266664
78500.000 -4.22385e-05 0.000331244 -4.00442e-05 0.000329797
78520.000 3.04625e-05 0.000340302 1.65129e-05 0.000320119
78540.000 8.9901e-05 0.000336408 9.04916e-05 0.000322037
78560.000 0.000123808 0.000305931 0.000137422 0.000292796
78580.000 0.000174117 0.000285824 0.000167743 0.00027706
78600.000 0.000159364 0.000290396 0.000133039 0.000299078
78620.000 9.99557e-05 0.000320502 8.97699e-05 0.000304172
78640.000 0.000135928 0.0003062 9.94574e-05 0.000302343
78660.000 0.000215611 0.000234013 0.000216978 0.000227601
78680.000 0.000241059 0.000210186 0.000237591 0.000213715
78700.000 0.000228421 0.00023883 0.000217757 0.000219779
78720.000 0.000198361 0.000252676 0.000176391 0.000275195
78740.000 0.000139653 0.000288305 0.000141771 0.000287054
78760.000 7.94856e-05 0.000323286 8.29987e-05 0.000306682
78780.000 5.08495e-05 0.000331758 4.94931e-05 0.000333354
78800.000 -6.95505e-06 0.000333296 -4.90369e-06 0.000316865
78820.000 -0.000132319 0.000298873 -0.000107444 0.000294516
78840.000 -0.000224441 0.000235866 -0.000228829 0.000222736
78860.000 -0.000235053 0.000232339 -0.000225849 0.000246607
78880.000 -0.000322743 5.95962e-05 -0.000303711 9.16445e-05
78900.000 -0.000298741 -0.00012248 -0.000284439 -0.000126084
78920.000 -0.000244855 -0.000205808 -0.000232391 -0.000203591
78940.000 -0.000276396 -0.000175088 -0.000277903 -0.000188164
78960.000 -0.000218986 -0.000234835 -0.000233787 -0.000254403
78980.000 -0.000154247 -0.00028219 -0.000152069 -0.000281679
79000.000 -5.7458e-05 -0.000329626 -5.96709e-05 -0.00031875
79020.000 -5.94352e-05 -0.000332505 -7.09104e-05 -0.000329196
79040.000 2.52235e-05 -0.000336882 1.69441e-05 -0.000336863
79060.000 3.25085e-05 -0.00033601 5.13754e-05 -0.000316785
79080.000 -4.62032e-05 -0.000340367 -6.71841e-05 -0.000325818
79100.000 -0.000100731 -0.000323932 -8.62645e-05 -0.000321526
79120.000 -0.000215241 -0.000241585 -0.000221685 -0.000233052
79140.000 -0.000254959 -0.000206049 -0.00026022 -0.000210545
79160.000 -0.000290218 -0.00015183 -0.00026842 -0.000181147
79180.000 -0.000256489 -0.000229207 -0.000250346 -0.000209131
79200.000 -0.000255538 -0.000198677 -0.000253059 -0.00019609
79220.000 -0.000248303 -0.000242448 -0.000256828 -0.000229462
79240.000 -0.000180349 -0.000254043 -0.000174738 -0.000251091
79260.000 -0.000152794 -0.000296711 -0.000146623 -0.000279601
79280.000 -0.000100287 -0.000308839 -9.77195e-05 -0.000298313
79300.000 -0.000104934 -0.000319735 -0.000105144 -0.000300728
79320.000 -0.000145546 -0.000293526 -0.000139782 -0.000298266
79340.000 -0.000267689 -0.000170728 -0.000273645 -0.000170495
79360.000 -0.00027424 -0.000191855 -0.00026782 -0.000187679
79380.000 -0.000257716 -0.000201837 -0.00025068 -0.000200204
79400.000 -0.000307949 -0.000116941 -0.000297034 -0.000105307
79420.000 -0.000263707 -0.000199278 -0.000254338 -0.000198371
79440.000 -0.000226401 -0.000225538 -0.000216098 -0.000236131
79460.000 -0.000240475 -0.000234278 -0.000239181 -0.000221397
79480.000 -0.000254423 -0.000202451 -0.000250173 -0.000200542
79500.000 -0.00028995 -0.000157218 -0.000275834 -0.000160787
79520.000 -0.000263438 -0.000242612 -0.000235463 -0.000222366
79540.000 -0.000184572 -0.000281997 -0.000184959 -0.00026759
79560.000 -0.000214176 -0.000229498 -0.000202386 -0.000246546
79580.000 -0.000207965 -0.00024592 -0.000191422 -0.000254058
79600.000 9.28766e-05 -0.000334033 6.52453e-05 -0.000313854
79620.000 7.68977e-05 -0.000328499 5.54937e-05 -0.000298908
79640.000 7.69311e-05 -0.000325713 7.88635e-05 -0.000310878
79660.000 3.96472e-05 -0.000331497 6.54544e-05 -0.000316951
79680.000 -7.07902e-05 -0.000315756 -8.94633e-05 -0.000290377
79700.000 4.85329e-05 -0.000325478 3.20964e-05 -0.000319999
79720.000 7.74781e-05 -0.000320992 8.10111e-05 -0.000311644
79740.000 7.39607e-05 -0.000327642 8.57867e-05 -0.000318526
79760.000 -4.11934e-05 -0.000330463 -3.29387e-05 -0.000320439
79780.000 -7.23711e-05 -0.0003113 -6.90811e-05 -0.000332555
79800.000 -0.000180499 -0.00028103 -0.000167116 -0.000274296
79820.000 -0.000177411 -0.000279096 -0.000166594 -0.00027332
79840.000 -0.000284361 -0.000178926 -0.000273125 -0.00017293
79860.000 -0.000323699 -9.68101e-05 -0.000304192 -0.000116576
79880.000 -0.000328113 -0.00010077 -0.00031293 -9.94002e-05
79900.000 -0.00034106 -7.09112e-05 -0.000332527 -6.936e-05
79920.000 -0.000310288 -0.000116076 -0.000314129 -0.000112096
79940.000 -0.00031572 -9.25026e-05 -0.000323061 -9.77509e-05
79960.000 -0.000303567 -0.000158316 -0.000300168 -0.000155957
79980.000 -0.000278929 -0.000169449 -0.000277748 -0.000180202
80000.000 -0.000300761 -9.63e-05 -0.000300459 -8.65632e-05
80020.000 -0.000321166 -4.60354e-05 -0.000308282 -4.48358e-05
80040.000 -0.000324502 -5.94346e-05 -0.000328328 -5.62955e-05
80060.000 -0.000325151 -5.66178e-05 -0.000314016 -5.06138e-05
80080.000 -0.000330112 -4.696e-05 -0.00031437 -6.88081e-05
80100.000 -0.000322029 -0.000100582 -0.000319777 -8.93534e-05
80120.000 -0.000335593 -5.3066e-05 -0.000315752 -5.70672e-05
80140.000 -0.000333351 5.66949e-05 -0.000311978 4.44123e-05
80160.000 -0.000325051 6.12988e-05 -0.000307469 7.72546e-05
80180.000 -0.000312187 0.000111656 -0.000293215 0.000136373
80200.000 -0.00032261 3.88092e-05 -0.000315627 4.15294e-05
80220.000 -0.000323235 -4.94344e-05 -0.000331406 -5.91703e-05
80240.000 -0.000334488 2.24517e-05 -0.000326116 9.05425e-06
80260.000 -0.000308277 9.76326e-05 -0.000301279 9.69336e-05
80280.000 -0.000295012 5.59731e-05 -0.000286703 5.31228e-05
80300.000 -0.000342059 -2.33962e-06 -0.000335136 1.16682e-05
80320.000 -0.000325546 3.07414e-05 -0.000305403 2.96775e-06
80340.000 -0.000338025 2.90516e-05 -0.000333155 2.01079e-05
80360.000 -0.000323505 -3.80866e-05 -0.000306909 -6.00281e-05
80380.000 -0.000308889 -0.000110986 -0.000296546 -0.000117187
80400.000 -0.000191907 -0.000282257 -0.000177157 -0.000281595
80420.000 -3.20855e-05 -0.000324315 -2.13676e-05 -0.000310131
80440.000 0.000130152 -0.000293714 0.000131018 -0.000300366
80460.000 0.000149956 -0.000312057 0.000130752 -0.000288096
80480.000 0.000177184 -0.000269573 0.0001831 -0.000269969
80500.000 0.000294895 -0.000142807 0.000298514 -0.00012941
80520.000 0.000316382 -0.000112018 0.000297087 -0.000114885
80540.000 0.000303237 -0.000142257 0.000290929 -0.000128379
80560.000 0.000262944 -0.000199859 0.000266973 -0.000194068
80580.000 0.000110944 -0.000314954 0.000104485 -0.000310357
80600.000 -6.38378e-06 -0.000330641 -2.45444e-05 -0.000332875
80620.000 1.91991e-05 -0.000335907 -4.39477e-06 -0.000319195
80640.000 9.40679e-05 -0.00032418 9.03152e-05 -0.000308266
80660.000 0.00015911 -0.000292666 0.000160646 -0.000291286
80680.000 0.000228729 -0.000234314 0.00023532 -0.000221804
80700.000 0.000268006 -0.000199909 0.000245394 -0.000190978
80720.000 0.000293653 -0.000142306 0.000297293 -0.000108769
80740.000 0.000327008 -3.51321e-05 0.0003152 -3.67497e-05
80760.000 0.000301369 -0.000137707 0.000287456 -0.000123856
80780.000 0.000275962 -0.00017634 0.000267123 -0.000163058
80800.000 0.000248263 -0.000213874 0.000241867 -0.000197557
80820.000 7.29657e-05 -0.000312328 5.74252e-05 -0.000317377
80840.000 -2.11766e-05 -0.000332588 -1.05584e-05 -0.000326974
80860.000 3.00353e-05 -0.000330642 3.4877e-05 -0.00033098
80880.000 9.71608e-05 -0.000309724 9.80062e-05 -0.000303141
80900.000 3.28077e-05 -0.000321379 5.45269e-05 -0.00031637
80920.000 -0.000177023 -0.000289833 -0.000157459 -0.000271599
80940.000 -0.000296543 -0.000150028 -0.000281819 -0.000157295
80960.000 -0.000301095 -0.000129134 -0.000301893 -0.000126514
80980.000 -0.0003149 -0.000121487 -0.000309445 -0.000103654
81000.000 -0.000287277 -0.000151373 -0.000276737 -0.000141049
81020.000 -0.000310906 -5.17571e-05 -0.000316962 -5.25931e-05
81040.000 -0.000325577 -6.86471e-05 -0.000298444 -6.4871e-05
81060.000 -0.000325453 -4.39729e-05 -0.000316219 -3.84873e-05
81080.000 -0.000329768 4.09587e-05 -0.000323076 3.62414e-05
81100.000 -0.000307134 1.06218e-06 -0.000314286 2.06763e-05
81120.000 -0.000285157 0.000165661 -0.000272411 0.000167502
81140.000 -0.000194362 0.000270503 -0.000192213 0.00024802
81160.000 -0.000139718 0.000305139 -0.00015231 0.000283528
81180.000 -8.23078e-05 0.000312238 -9.71566e-05 0.000311759
81200.000 -0.000179885 0.000247693 -0.000184647 0.000256271
81220.000 -0.000269753 0.00018783 -0.00025082 0.000183259
81240.000 -0.000317618 6.95556e-05 -0.000319753 6.6267e-05
81260.000 -0.000324028 3.82998e-05 -0.000293657 2.97756e-05
81280.000 -0.000296879 -0.000111317 -0.000297161 -0.000109167
81300.000 -0.00027711 -0.000154286 -0.000278282 -0.000127174
81320.000 -0.00026769 -0.000181986 -0.00026908 -0.000178164
81340.000 -0.000238968 -0.000194596 -0.000233187 -0.00021452
81360.000 -0.000267185 -0.000191339 -0.000252677 -0.0002013
81380.000 -0.000297423 -0.000134485 -0.00029662 -0.000126819
81400.000 -0.000275304 -0.000170587 -0.000243671 -0.00017978
81420.000 -0.000221218 -0.00024311 -0.000207596 -0.000232834
81440.000 -0.000273514 -0.000172322 -0.000266493 -0.000169464
81460.000 -0.000304706 -0.000110472 -0.000295889 -9.42716e-05
81480.000 -0.000222044 -0.000226886 -0.000213281 -0.000221576
81500.000 -0.000106016 -0.00030047 -0.000109179 -0.000287731
81520.000 -0.000105506 -0.000306797 -9.40117e-05 -0.000291222
81540.000 -0.000152848 -0.000282449 -0.000139221 -0.000266465
81560.000 -0.000137655 -0.000281528 -0.0001629 -0.000261741
81580.000 -0.00013803 -0.000290524 -0.000124238 -0.000288358
81600.000 -0.000205113 -0.000249994 -0.00019846 -0.00025109
81620.000 -0.000195742 -0.000248951 -0.000181937 -0.000252133
81640.000 -0.000227368 -0.000231913 -0.00022329 -0.000222628
81660.000 -0.000222816 -0.000231992 -0.00022181 -0.000220326
81680.000 -0.000294596 -0.000109899 -0.000284803 -0.000113467
81700.000 -0.000290568 -0.00011985 -0.000285023 -0.000113685
81720.000 -0.000307083 -6.11354e-05 -0.000308036 -5.5463e-05
81740.000 -0.000313805 -3.49549e-06 -0.000312779 9.26717e-06
81760.000 -0.000306898 1.68691e-05 -0.000305389 3.05154e-05
81780.000 -0.000310291 2.15835e-05 -0.000308071 2.71381e-05
81800.000 -0.000314733 4.08807e-05 -0.0002933 5.20324e-05
81820.000 -0.000289344 2.88084e-05 -0.000284496 3.26067e-05
81840.000 -0.000271094 0.000136164 -0.000266353 0.000134453
81860.000 -0.000316602 4.83309e-05 -0.000305899 5.29636e-05
81880.000 -0.000328814 -4.74172e-05 -0.00032063 -5.4335e-05
81900.000 -0.000311941 1.47386e-05 -0.000281812 1.95381e-05
81920.000 -0.000300488 0.000100731 -0.000278291 0.000105094
81940.000 -0.000297215 8.60055e-05 -0.000285861 8.30328e-05
81960.000 -0.000314666 7.58289e-05 -0.000298499 7.09505e-05
81980.000 -0.000289316 0.000155821 -0.000273649 0.000143905
82000.000 -0.000313666 8.7994e-05 -0.000307565 7.62837e-05
82020.000 -0.000310143 4.47573e-05 -0.000298325 2.67343e-05
82040.000 -0.000315692 1.45755e-05 -0.000304164 2.29491e-05
82060.000 -0.000316343 5.07212e-05 -0.000301412 5.76401e-05
82080.000 -0.000314557 5.07383e-05 -0.000309101 7.50158e-05
82100.000 -0.000319823 -4.46739e-05 -0.000306088 -5.2051e-05
82120.000 -0.000291675 -0.000144751 -0.00026636 -0.000132476
82140.000 -0.000251837 -0.000198779 -0.000251863 -0.000190752
82160.000 -0.000248494 -0.000202897 -0.000223509 -0.000198136
82180.000 -0.000159194 -0.000293336 -0.000155516 -0.000267968
82200.000 -0.000250148 -0.000190959 -0.000230165 -0.000191152
82220.000 -0.000299411 -8.22917e-05 -0.000304555 -8.82828e-05
82240.000 -0.000285156 -0.000141803 -0.000272473 -0.000138857
82260.000 -0.000215399 -0.000235585 -0.000229451 -0.000221009
82280.000 -0.00016796 -0.000275391 -0.000167115 -0.000274467
82300.000 -0.000191148 -0.000255164 -0.000178875 -0.000251788
82320.000 -0.00026597 -0.000190399 -0.000251242 -0.000185689
82340.000 -0.000207544 -0.000243772 -0.000203447 -0.000239494
82360.000 -0.000167022 -0.000270565 -0.000168389 -0.000273983
82380.000 -0.000171144 -0.000272234 -0.000181915 -0.000267472
82400.000 -0.000180599 -0.000277059 -0.000173216 -0.000281482
82420.000 -0.000109419 -0.000314239 -0.00010769 -0.000292517
82440.000 -8.0701e-05 -0.000326389 -6.7469e-05 -0.000318482
82460.000 3.8337e-05 -0.00032042 3.22281e-05 -0.000315476
82480.000 0.000143036 -0.000299577 0.000158526 -0.000273181
82500.000 0.000225952 -0.000244685 0.000198 -0.000241733
82520.000 0.000228298 -0.000221092 0.000202774 -0.000230313
82540.000 0.000214588 -0.000241995 0.000213458 -0.000234642
82560.000 0.000183192 -0.00025231 0.00019074 -0.000243517
82580.000 0.000274768 -0.000169207 0.000275969 -0.000172374
82600.000 0.000292203 -0.000129541 0.00030839 -0.000123698
82620.000 0.000313 -0.000104176 0.000299552 -9.20568e-05
82640.000 0.000322085 -6.9346e-05 0.000319436 -6.70041e-05
82660.000 0.000314784 -9.14335e-05 0.000313021 -9.30998e-05
82680.000 0.000339002 4.98658e-05 0.000306008 5.26153e-05
82700.000 0.000299021 0.000113481 0.00030891 9.02155e-05
82720.000 0.000320374 4.13229e-06 0.000318832 1.9539e-05
82740.000 0.000305717 -0.000121226 0.000310276 -0.000111498
82760.000 0.000290041 -0.000143607 0.00029145 -0.000136071
82780.000 0.000315953 -6.65315e-05 0.000309131 -6.53773e-05
82800.000 0.000305316 -0.000154644 0.000282599 -0.000139626
82820.000 0.000334412 -6.98198e-05 0.000316752 -6.15717e-05
82840.000 0.000304962 -0.000147812 0.000311844 -0.000136627
82860.000 0.00032929 -3.43419e-05 0.000328837 -8.58197e-06
82880.000 0.000341123 6.43313e-05 0.000337367 5.16842e-05
82900.000 0.000303627 0.000168302 0.000294305 0.000183318
82920.000 0.000301509 0.000150772 0.000315423 0.000146748
82940.000 0.000312775 0.000114655 0.000293063 0.000120978
82960.000 0.000325371 7.78344e-05 0.000317192 6.72545e-05
82980.000 0.000273227 0.000179063 0.000269083 0.000191604
83000.000 0.000226626 0.000246185 0.000213559 0.000239067
83020.000 0.000280898 0.000181699 0.000268169 0.000192186
83040.000 0.000322914 -1.91588e-05 0.000318685 -1.78423e-05
83060.000 0.000319318 1.06236e-06 0.000323033 1.4511e-05
83080.000 0.000280144 0.000150605 0.000284958 0.000149545
83100.000 0.0003108 8.43586e-05 0.000315826 6.61554e-05
83120.000 0.000316461 6.101e-05 0.000321003 7.79078e-05
83140.000 0.000302949 0.000110294 0.000301318 0.000124938
83160.000 0.00030713 0.000114749 0.00030122 0.00012109
83180.000 0.000327142 7.49508e-05 0.000318079 6.25031e-05
83200.000 0.000327943 -5.66764e-05 0.000327898 -5.15861e-05
83220.000 0.000342186 -7.40484e-06 0.000320899 1.83908e-07
83240.000 0.000298135 0.000133474 0.000300559 0.000123816
83260.000 0.000275232 0.000174905 0.000270172 0.000169018
83280.000 0.00029321 0.000150021 0.000278454 0.000154576
83300.000 0.000237521 0.000213718 0.000233854 0.000212778
83320.000 0.000189805 0.000254885 0.000183358 0.000277737
83340.000 0.000217333 0.000254156 0.000197721 0.000271468
83360.000 0.00022117 0.000261986 0.000224262 0.000251491
83380.000 0.000254487 0.000216752 0.000233539 0.00024596
83400.000 0.000276747 0.00019126 0.000271698 0.000170449
83420.000 0.000311191 7.80729e-05 0.000314363 7.37411e-05
83440.000 0.000327293 -6.3592e-05 0.000318233 -4.92716e-05
83460.000 0.000325961 5.00852e-06 0.000311752 -7.03505e-06
83480.000 0.000326517 2.21308e-05 0.000323155 1.43262e-05
83500.000 0.000323874 5.73742e-05 0.000326559 6.40382e-05
83520.000 0.000309291 7.41441e-05 0.000313306 5.46383e-05
83540.000 0.000309766 -7.51348e-05 0.000310734 -6.0361e-05
83560.000 0.000236573 -0.000239534 0.00021152 -0.000244137
83580.000 0.000170583 -0.000287583 0.000177369 -0.000272744
83600.000 0.00017857 -0.000267989 0.0001756 -0.000286037
83620.000 0.000111917 -0.000313477 0.000108398 -0.000308998
83640.000 -5.54207e-05 -0.000307523 -5.69795e-05 -0.000301607
83660.000 -0.00022868 -0.000241743 -0.000217816 -0.000242011
83680.000 -0.000249045 -0.000220469 -0.000247441 -0.000225651
83700.000 -0.000174904 -0.000282964 -0.000169877 -0.000265341
83720.000 -0.000154441 -0.00027945 -0.000162633 -0.00028292
83740.000 -9.91438e-05 -0.000300095 -0.000100424 -0.000320017
83760.000 4.98529e-06 -0.000319553 6.47117e-06 -0.000329435
83780.000 4.69831e-05 -0.000312158 5.86054e-05 -0.000316815
83800.000 5.22197e-05 -0.000325088 6.67426e-05 -0.000312659
83820.000 -5.30823e-05 -0.000316264 -5.49119e-05 -0.000321241
83840.000 -9.5371e-05 -0.000320734 -8.67521e-05 -0.000300379
83860.000 -0.00014996 -0.000288286 -0.000143644 -0.000290322
83880.000 -0.000127168 -0.000298054 -0.000121535 -0.000299814
83900.000 -0.000135118 -0.000292254 -0.000137257 -0.000290581
83920.000 -3.23977e-05 -0.000315103 -2.78335e-05 -0.000335082
83940.000 -0.000167771 -0.000280767 -0.000158766 -0.00028725
83960.000 -0.000174243 -0.000279181 -0.000161385 -0.000273398
83980.000 -0.00014031 -0.000291414 -0.000137813 -0.000289374
84000.000 -0.000131078 -0.000281391 -0.000135 -0.000289461
84020.000 -0.000142075 -0.000287511 -0.000137632 -0.000294049
84040.000 -0.000128765 -0.000306072 -0.00012995 -0.000295823
84060.000 -0.000129769 -0.000301334 -0.000116176 -0.000301888
84080.000 -0.000251065 -0.000202625 -0.000234934 -0.000212116
84100.000 -0.000239857 -0.000209675 -0.000235439 -0.000207064
84120.000 -0.000151787 -0.000286461 -0.000134413 -0.000285461
84140.000 2.64153e-05 -0.000317831 2.11611e-05 -0.00031291
84160.000 0.000183407 -0.000256555 0.000167352 -0.00027848
84180.000 0.000124144 -0.00030562 0.000110739 -0.000302758
84200.000 0.000143418 -0.000298564 0.000158944 -0.000284345
84220.000 0.00015166 -0.000279292 0.000163433 -0.000271849
84240.000 0.000249809 -0.000204455 0.000243273 -0.000216545
84260.000 0.000285583 -0.00015533 0.000287005 -0.000140647
84280.000 0.000284921 -0.000141175 0.000281744 -0.000147971
84300.000 0.000207421 -0.00024208 0.000190767 -0.0002552
84320.000 0.000131896 -0.000302872 0.000115035 -0.000289849
84340.000 8.14082e-05 -0.000303395 9.08166e-05 -0.000304911
84360.000 2.26684e-05 -0.000331631 5.71407e-05 -0.000312533
84380.000 7.02988e-05 -0.000316691 7.23858e-05 -0.000319282
84400.000 2.13167e-05 -0.000316684 3.1561e-05 -0.000325744
84420.000 9.59767e-05 -0.00030796 9.37594e-05 -0.000300305
84440.000 -6.51688e-06 -0.00033524 -1.22421e-06 -0.000313478
84460.000 0.00011124 -0.00029235 0.000103312 -0.000287605
84480.000 0.000187481 -0.000272539 0.000168866 -0.000260148
84500.000 0.000148775 -0.000285637 0.000147911 -0.000278536
84520.000 0.000144743 -0.000284918 0.000140086 -0.000277734
84540.000 0.000172693 -0.000282349 0.000146689 -0.00027861
84560.000 0.000148222 -0.000286049 0.000141735 -0.000283824
84580.000 9.57337e-05 -0.000299615 7.90285e-05 -0.000311718
84600.000 6.40985e-05 -0.000332629 7.40463e-05 -0.000309626
84620.000 8.0679e-05 -0.000321482 0.000100349 -0.000310641
84640.000 8.16737e-05 -0.000318059 8.14533e-05 -0.000309572
84660.000 5.11334e-05 -0.000333802 5.15378e-05 -0.000329785
84680.000 1.06668e-05 -0.000337099 3.08358e-05 -0.000342361
84700.000 3.49183e-05 -0.000317146 3.87963e-05 -0.000300482
84720.000 0.000138199 -0.000297563 0.00012519 -0.000326832
84740.000 0.000184649 -0.000267385 0.000181669 -0.000265726
84760.000 0.000115641 -0.000306666 0.000111335 -0.000309803
84780.000 0.000122477 -0.000298722 0.000104849 -0.000288866
84800.000 0.000196293 -0.000286052 0.000197289 -0.000281109
84820.000 0.00022694 -0.000238772 0.000237284 -0.000225276
% Warning: sampling overrun detected
84840.000 0.000156304 -0.000294815 0.000151583 -0.000292013
84860.000 0.000205395 -0.000250986 0.000203261 -0.000252147
84880.000 0.000245637 -0.000209355 0.00025413 -0.000230506
84900.000 0.000276599 -0.000174993 0.000284235 -0.000156444
84920.000 0.000240823 -0.000223811 0.000227075 -0.000218244
84940.000 0.000153752 -0.000276969 0.000157484 -0.000271714
84960.000 0.000104829 -0.000302884 8.79868e-05 -0.000292474
84980.000 2.34183e-05 -0.00031425 2.06813e-05 -0.000312715
85000.000 -7.09467e-05 -0.000312071 -5.89232e-05 -0.000304792
85020.000 -0.000135951 -0.000279601 -0.000137764 -0.000283313
85040.000 -0.000256704 -0.000193322 -0.000246977 -0.000190159
85060.000 -0.000315089 -9.6131e-06 -0.000302496 -2.08099e-05
85080.000 -0.000312665 4.76235e-05 -0.000318712 5.16085e-05
85100.000 -0.000243132 0.000178346 -0.000264643 0.000169921
85120.000 -0.000219175 0.000244528 -0.000198401 0.000244972
85140.000 -0.000183788 0.000271388 -0.000188639 0.000252935
85160.000 -0.000179109 0.000254266 -0.000207232 0.000253753
85180.000 -0.000214986 0.000250669 -0.000206718 0.000235751
85200.000 -0.000261209 0.000205184 -0.00026083 0.000189421
85220.000 -0.000225834 0.000225304 -0.000223324 0.000221084
85240.000 -0.000160572 0.000277581 -0.000168512 0.000287093
85260.000 -0.000151217 0.000277527 -0.000146618 0.000288991
85280.000 -2.23082e-05 0.000347106 -4.70213e-05 0.000322495
85300.000 -2.31059e-05 0.000323369 -2.37632e-05 0.000311772
85320.000 -5.13689e-05 0.000315979 -4.52794e-05 0.000329712
85340.000 -3.74039e-06 0.000315809 -1.68452e-05 0.000327352
85360.000 2.47899e-05 0.000327066 -3.17614e-06 0.000324697
85380.000 0.000124235 0.000287254 0.00012334 0.000297588
85400.000 0.000269814 0.000194395 0.000249366 0.000195466
85420.000 0.000273744 0.000167403 0.000272673 0.000173078
% Warning: sampling overrun detected
85440.000 0.000302634 0.000119493 0.000299827 0.000108627
85460.000 0.000297388 0.000114777 0.000300517 0.000112465
85480.000 0.000283376 0.000149812 0.000292121 0.000157846
% Warning: sampling overrun detected
85500.000 0.000303006 0.000125979 0.000285696 0.000123563
% Warning: sampling overrun detected
85520.000 0.000308771 0.000120861 0.000311202 0.000115596
% Warning: sampling overrun detected
85540.000 0.000267367 0.000193243 0.000260536 0.000167028
% Warning: sampling overrun detected
85560.000 0.000247798 0.000210557 0.000243352 0.000200227
85580.000 0.00030164 0.000107644 0.000302054 0.000123248
85600.000 0.000323352 -2.5175e-06 0.000320885 -1.80599e-05
85620.000 0.00033173 -3.15408e-05 0.00031077 -2.45661e-05
85640.000 0.000318628 -3.27804e-05 0.000321601 -4.15334e-05
85660.000 0.000321167 4.0857e-05 0.000325881 2.731e-05
% Warning: sampling overrun detected
85680.000 0.000291084 0.000171672 0.000290694 0.000173567
85700.000 0.000206563 0.00023789 0.000213806 0.000244184
85720.000 0.000273567 0.000180605 0.000263908 0.000194696
% Warning: sampling overrun detected
85740.000 0.000256555 0.000204166 0.000256152 0.000207275
85760.000 0.000306097 0.000103497 0.000315361 0.00011344
85780.000 0.000329367 1.89783e-05 0.000328326 1.93032e-05
% Warning: sampling overrun detected
85800.000 0.000328469 -6.05073e-05 0.000321319 -6.09955e-05
85820.000 0.000305235 -0.000108229 0.000311431 -0.000119289
85840.000 0.00027689 -0.000190966 0.00026538 -0.000173394
% Warning: sampling overrun detected
85860.000 0.000243277 -0.000197438 0.000257231 -0.000230272
% Warning: sampling overrun detected
85880.000 0.000282932 -0.000159156 0.000274919 -0.000147238
% Warning: sampling overrun detected
85900.000 0.000286855 -0.000168513 0.000267943 -0.000180172
% Warning: sampling overrun detected
85920.000 0.000222137 -0.000250917 0.000213611 -0.000245513
% Warning: sampling overrun detected
85940.000 0.000260433 -0.000187714 0.00027274 -0.000188019
% Warning: sampling overrun detected
85960.000 0.00022868 -0.000235494 0.000220734 -0.000228542
% Warning: sampling overrun detected
85980.000 0.000225249 -0.000248066 0.000221337 -0.000245239
% Warning: sampling overrun detected
86000.000 0.000203392 -0.00025835 0.000194026 -0.000265846
86020.000 0.00025877 -0.000187609 0.000280406 -0.000170166
% Warning: sampling overrun detected
86040.000 0.000314235 6.97273e-05 0.000325166 6.98265e-05
86060.000 0.000270743 0.000152026 0.000287789 0.000155162
86080.000 0.000305277 0.000132701 0.000308044 0.000127931
86100.000 0.000311586 0.000136587 0.00030911 0.000122194
86120.000 0.000328552 2.34006e-05 0.000325349 2.33835e-05
86140.000 0.00031549 -8.48215e-05 0.000329083 -6.85287e-05
86160.000 0.000317477 -7.30221e-05 0.00031088 -7.11418e-05
86180.000 0.00032858 8.95878e-06 0.000342433 1.82537e-05
86200.000 0.000327614 -4.50032e-05 0.000317918 -7.24324e-05
86220.000 0.000289977 -0.000133756 0.000283917 -0.000132549
86240.000 0.000255079 -0.00020947 0.000264136 -0.000180933
86260.000 0.000324073 -5.99569e-05 0.000313513 -5.07991e-05
86280.000 0.000319942 -7.35025e-06 0.00031921 9.44527e-07
86300.000 0.000331055 -6.77923e-05 0.00030955 -5.41542e-05
86320.000 0.000314743 -6.40946e-05 0.000327993 -6.70043e-05
86340.000 0.000320401 -6.3906e-05 0.00032088 -5.12287e-05
86360.000 0.000315363 -3.67295e-05 0.000312425 -4.56045e-05
86380.000 0.000309097 -6.60563e-05 0.00032738 -5.8461e-05
