% UltraMSK: version 1.0 beta 16
% Site: localhost.localdomain
% Date: 2015-01-22
% Frequency: 19800.000000 Hz
% Baud Rate: 200 Hz
% VLF Channel: 3
% PPS Channel: 4
% Jack Server: default
% Output Format: Cartesian
% End
68560.000 -0.000392106 -0.000563246 -0.00028189 -0.000365894
68580.000 -0.000383735 -0.000518719 -0.000266224 -0.000364863
68600.000 -0.00043418 -0.00054712 -0.000267704 -0.000334883
68620.000 -0.0002912 -0.000593012 -0.000200363 -0.000380323
68640.000 -0.000427484 -0.000495891 -0.00027384 -0.000358792
68660.000 -0.000487285 -0.000434333 -0.000319716 -0.000289755
68680.000 -0.00054603 -0.000412591 -0.000354735 -0.000305115
68700.000 -0.000616796 -0.000270108 -0.000385594 -0.000191633
68720.000 -0.000583244 -0.000259365 -0.000394901 -0.000178292
68740.000 -0.000521376 -0.000407251 -0.000354376 -0.000276135
68760.000 -0.000478426 -0.000427644 -0.000337166 -0.000317923
68780.000 -0.000645129 -0.000195908 -0.000380457 -0.000128638
68800.000 -0.000648673 -0.00016061 -0.000425711 -0.000107685
68820.000 -0.00058178 -0.000341614 -0.000364071 -0.000231571
68840.000 -0.000490356 -0.000436545 -0.000328161 -0.000305422
68860.000 -0.000532256 -0.000390262 -0.000341402 -0.000265775
68880.000 -0.000406302 -0.00053666 -0.00025232 -0.000358268
68900.000 -0.00024405 -0.000629262 -0.000144263 -0.0003877
68920.000 -6.31595e-05 -0.00066319 -4.36968e-06 -0.000428387
68940.000 0.000120538 -0.000664668 5.7126e-05 -0.000432436
68960.000 0.000164383 -0.000627653 0.00013051 -0.000414166
68980.000 7.612e-05 -0.000625766 5.8226e-05 -0.000398989
69000.000 -0.000314721 -0.000558593 -0.000180709 -0.000378125
69020.000 -0.000449401 -0.000470958 -0.000307114 -0.000295942
69040.000 -0.000250312 -0.00058353 -0.000163561 -0.000379516
69060.000 -5.26117e-05 -0.000644688 -2.6325e-05 -0.00040924
69080.000 6.53353e-05 -0.000652459 2.64371e-05 -0.000436443
69100.000 6.89657e-06 -0.000669474 -1.08301e-05 -0.000451965
69120.000 -0.000149273 -0.000660356 -7.28211e-05 -0.000396015
69140.000 4.23111e-05 -0.000651239 6.0818e-06 -0.000407398
69160.000 0.000421672 -0.000477382 0.000311192 -0.000322288
69180.000 0.000450628 -0.000481785 0.000291264 -0.000337941
69200.000 0.000372875 -0.000582447 0.000241302 -0.000377855
% Warning: sampling overrun detected
69220.000 0.000512438 -0.000448411 0.000325341 -0.000277042
69240.000 0.000537011 -0.000448586 0.000363771 -0.000307057
69260.000 0.000652003 -0.000167423 0.000462048 -0.000112647
69280.000 0.000582953 -0.000430262 0.000370644 -0.000244803
69300.000 0.000449555 -0.00054042 0.000329318 -0.000321776
69320.000 0.000390402 -0.000552107 0.00021486 -0.000378217
69340.000 0.000422931 -0.000539918 0.00027894 -0.00034336
69360.000 0.000492101 -0.000469533 0.000333775 -0.000294192
69380.000 0.000384109 -0.000563866 0.000274611 -0.00037351
69400.000 0.00029745 -0.000595993 0.000185527 -0.000372331
69420.000 0.000157848 -0.000635895 0.000114176 -0.000429642
69440.000 0.000390737 -0.000535907 0.000232463 -0.000360439
69460.000 0.000305654 -0.000576224 0.000194422 -0.000395822
69480.000 0.000465191 -0.00049344 0.000281073 -0.000322541
69500.000 0.000484795 -0.000493342 0.00028884 -0.000299904
69520.000 0.000422909 -0.000531524 0.000293904 -0.000298444
69540.000 0.000562792 -0.000361855 0.000362324 -0.000239786
69560.000 0.000553826 -0.000351241 0.000376291 -0.000228123
69580.000 0.000615495 -0.000220711 0.000401917 -0.000161864
69600.000 0.000636036 -8.68388e-05 0.000449337 -6.91568e-05
69620.000 0.000635067 -0.000237306 0.000392201 -0.000145414
69640.000 0.000572544 -0.000267603 0.000381892 -0.000186531
69660.000 0.00054411 -0.000395087 0.000339081 -0.000226461
69680.000 0.000622674 -0.000275543 0.00039599 -0.00018421
69700.000 0.000638666 -6.77254e-05 0.000420103 -1.61765e-05
69720.000 0.000663135 3.60202e-05 0.000413182 3.84111e-05
69740.000 0.000647145 0.000118282 0.000435058 8.69238e-05
69760.000 0.000582118 0.000301285 0.000377687 0.000186307
69780.000 0.000337024 0.000541934 0.000238355 0.000332387
69800.000 0.000313182 0.000588932 0.000202629 0.000375336
69820.000 4.12699e-05 0.000651933 5.0466e-05 0.000414839
69840.000 -9.23207e-05 0.000682423 -8.74552e-05 0.000408209
69860.000 -0.000152326 0.000633417 -0.000113908 0.000408047
69880.000 -1.24119e-05 0.000652954 9.89145e-06 0.000407591
69900.000 5.64886e-05 0.000641046 3.7072e-05 0.000423324
69920.000 -0.000144514 0.000612876 -0.000100202 0.000400877
69940.000 -0.000456261 0.0004641 -0.000304399 0.000301955
69960.000 -0.000408413 0.000517299 -0.000287374 0.000322635
69980.000 -0.000289947 0.000574108 -0.00017613 0.000366962
70000.000 -0.00021808 0.000596133 -0.000154674 0.000356972
70020.000 -0.000281501 0.000589845 -0.000193507 0.000408164
70040.000 -0.000492774 0.000464036 -0.000305921 0.000269239
70060.000 -0.000485282 0.000436734 -0.000305416 0.000294826
70080.000 -0.000330548 0.000568541 -0.000204984 0.000352642
70100.000 -0.000416106 0.000525485 -0.000256644 0.000322905
70120.000 -0.000158241 0.0006613 -6.96418e-05 0.000405878
70140.000 -2.9349e-05 0.000664774 -6.05284e-05 0.000438144
70160.000 -0.00010434 0.000645539 -5.30795e-05 0.000411295
70180.000 -0.000210288 0.000655422 -0.000124323 0.000388333
70200.000 0.000140559 0.000623432 8.42202e-05 0.000429266
70220.000 0.000235446 0.000606528 0.000138595 0.00041977
70240.000 0.000117186 0.0006433 9.44615e-05 0.000431349
70260.000 2.09664e-05 0.000656544 1.2544e-05 0.00039714
70280.000 4.65051e-05 0.000646838 1.357e-05 0.00042179
70300.000 -4.15144e-05 0.000663362 -3.50303e-05 0.000412301
70320.000 -0.000303003 0.000573587 -0.000184513 0.000374329
70340.000 -0.000547785 0.000381221 -0.000348359 0.000228801
70360.000 -0.00055053 0.000352672 -0.000369905 0.000222929
70380.000 -0.000568905 0.000324443 -0.000348052 0.000223871
70400.000 -0.000561593 0.000372856 -0.000343805 0.000216366
70420.000 -0.000640395 0.000181554 -0.000403078 0.000144034
70440.000 -0.000650084 5.67676e-05 -0.000421673 1.11486e-05
70460.000 -0.00065503 -0.000173649 -0.000390179 -7.43618e-05
70480.000 -0.000638912 -6.79602e-05 -0.000428466 -3.04305e-05
70500.000 -0.00065688 1.74309e-05 -0.00040979 1.11614e-05
70520.000 -0.000638656 5.29513e-05 -0.00041539 6.72874e-05
70540.000 -0.000643847 -8.07959e-05 -0.0004214 -3.82866e-05
70560.000 -0.000598732 -0.000241801 -0.00038634 -0.000153952
70580.000 -0.000497844 -0.000417201 -0.000339789 -0.000269017
70600.000 -0.000627229 -0.000208639 -0.000395874 -0.000125369
70620.000 -0.000540714 -0.000365068 -0.00039786 -0.000226724
70640.000 -0.000539955 -0.000278408 -0.00038869 -0.000218868
70660.000 -0.000626757 -0.000160455 -0.000408056 -0.00013175
70680.000 -0.000635126 0.000146915 -0.000436818 0.000101067
70700.000 -0.000602445 0.000208089 -0.000395682 0.000150707
70720.000 -0.000665729 7.66292e-05 -0.000425641 6.91123e-05
70740.000 -0.000593011 0.000272791 -0.000376266 0.000171717
70760.000 -0.000621043 6.5675e-05 -0.000452678 5.53478e-05
70780.000 -0.0006528 -2.27042e-05 -0.000438852 -3.85103e-05
70800.000 -0.000604983 0.000185932 -0.000409944 0.000145411
70820.000 -0.000510426 0.000366992 -0.000350063 0.000268063
70840.000 -0.000607045 0.000202592 -0.000395889 0.000131146
70860.000 -0.000615623 0.000238082 -0.000396002 0.000177
70880.000 -0.000569824 0.00026786 -0.000405492 0.000188695
70900.000 -0.000587348 0.000259697 -0.000423489 0.000156295
70920.000 -0.000636565 -5.26938e-05 -0.000431584 1.19921e-06
70940.000 -0.000607217 -0.000170011 -0.000438449 -5.14782e-05
70960.000 -0.000662936 3.40988e-05 -0.000449487 3.12669e-05
% Warning: sampling overrun detected
70980.000 -0.000599862 -0.000185419 -0.000431375 -0.000137842
71000.000 -0.000490714 -0.000380624 -0.000376559 -0.000271805
71020.000 -0.000419562 -0.000521761 -0.000285556 -0.00033878
71040.000 -0.000432646 -0.000466844 -0.000315672 -0.000303712
71060.000 -0.000463333 -0.0004579 -0.000327374 -0.000329463
71080.000 -0.000600129 -0.000179893 -0.000421523 -0.000105468
71100.000 -0.000642776 7.31672e-06 -0.000431587 -8.87499e-07
71120.000 -0.000623015 0.000106671 -0.000418454 8.58865e-05
71140.000 -0.000631211 5.39261e-05 -0.000469267 3.88473e-05
71160.000 -0.000614175 9.43176e-05 -0.000437234 9.17954e-05
71180.000 -0.000531279 0.00030189 -0.000395208 0.000217746
71200.000 -0.00053717 0.000351641 -0.000370885 0.000245642
71220.000 -0.000567159 0.000295844 -0.000414027 0.000209426
71240.000 -0.000616176 0.000184298 -0.00043802 0.000117958
71260.000 -0.000582987 0.000220022 -0.000408283 0.000170044
71280.000 -0.000580325 0.000201998 -0.000411477 0.000141116
71300.000 -0.000614863 0.000123807 -0.000463276 8.29326e-05
71320.000 -0.000632387 5.63673e-05 -0.000454572 -2.22011e-06
71340.000 -0.000664074 -5.14404e-07 -0.0004288 1.19717e-05
71360.000 -0.000637009 3.15934e-05 -0.00045748 2.03294e-05
71380.000 -0.000631014 3.66684e-05 -0.000462725 1.91624e-05
71400.000 -0.000601753 -2.05508e-05 -0.000470483 -1.70896e-05
71420.000 -0.000603762 0.000107966 -0.000450829 9.62946e-05
71440.000 -0.000595059 0.000234311 -0.000426911 0.00014213
71460.000 -0.000535885 0.000321433 -0.000355091 0.000238122
71480.000 -0.000354939 0.000521455 -0.000254188 0.000359999
71500.000 -0.000311813 0.000552082 -0.000205029 0.000402696
71520.000 -0.000437599 0.000422447 -0.000313372 0.000304267
71540.000 -0.000583796 0.000283497 -0.000400029 0.00016731
71560.000 -0.000567452 0.000339936 -0.000391926 0.000226669
% Warning: sampling overrun detected
71580.000 -0.000512636 0.000387399 -0.000378452 0.000247376
71600.000 -0.000479913 0.000402096 -0.000343673 0.000302475
71620.000 -0.000459698 0.000456687 -0.00030229 0.000307299
71640.000 -0.000521044 0.000370242 -0.000340694 0.00025059
71660.000 -0.000428124 0.000456291 -0.000285165 0.000315954
71680.000 -0.00028264 0.000559982 -0.00021032 0.000398773
71700.000 -0.000276134 0.000572888 -0.000176542 0.000404879
71720.000 -6.61504e-05 0.000592159 -2.58437e-05 0.000412485
71740.000 -6.34745e-05 0.000576778 -5.90156e-05 0.000428919
71760.000 2.31771e-06 0.000608454 -8.73851e-06 0.000446893
71780.000 -1.23064e-05 0.000594633 -4.83083e-06 0.000435283
71800.000 -4.28574e-05 0.000630256 -1.88852e-05 0.000433968
71820.000 -0.000289819 0.000554716 -0.000168183 0.000394043
71840.000 -0.000347812 0.000504097 -0.000263105 0.000377016
71860.000 -0.000337202 0.000497417 -0.000270378 0.000370302
71880.000 -0.000283174 0.000523991 -0.000198497 0.000391641
71900.000 -0.000274907 0.00055522 -0.000233933 0.000402081
71920.000 -0.00026971 0.000575763 -0.000181432 0.000390351
71940.000 -0.00027208 0.00056279 -0.000168247 0.000419878
71960.000 -0.000334361 0.000527218 -0.000236839 0.000374476
71980.000 -0.000393327 0.000487161 -0.000291667 0.000331168
72000.000 -0.000586243 0.000216139 -0.000411348 0.000190851
72020.000 -0.000564742 0.000248241 -0.000399401 0.000192349
72040.000 -0.000548265 0.000277889 -0.000404019 0.000188772
72060.000 -0.000545277 0.000297433 -0.000384243 0.000226542
72080.000 -0.000560356 0.000211506 -0.00042341 0.000175082
72100.000 -0.000535377 0.000288586 -0.00038342 0.000204151
72120.000 -0.000531343 0.000279146 -0.000378663 0.000220575
72140.000 -0.000551612 0.000234953 -0.000415374 0.000154157
72160.000 -0.000479561 0.000350078 -0.000366547 0.000220859
72180.000 -0.000604693 0.00014322 -0.0004355 0.000110859
72200.000 -0.000585673 0.000107379 -0.000455807 0.000105964
72220.000 -0.000575209 0.000153697 -0.000444268 0.0001189
72240.000 -0.000526718 0.000338461 -0.000381743 0.000228695
72260.000 -0.000516254 0.000296522 -0.00037072 0.00021738
72280.000 -0.000557802 0.000277508 -0.000395518 0.000191171
72300.000 -0.000500957 0.000337673 -0.000350514 0.00026807
72320.000 -0.000495409 0.000349048 -0.000357849 0.000261965
72340.000 -0.000158748 0.000575437 -0.000111296 0.000419269
72360.000 -0.000156255 0.000578838 -0.000102303 0.000418976
72380.000 -6.09725e-05 0.000589588 -7.56447e-05 0.000449914
72400.000 -0.000233468 0.000546131 -0.000188678 0.000390891
72420.000 -0.000373331 0.000484299 -0.000256611 0.000352832
72440.000 -0.000514302 0.000317198 -0.00036941 0.000204861
72460.000 -0.000510706 0.000299297 -0.000383439 0.000248907
72480.000 -0.000360151 0.000488695 -0.000279218 0.000334511
72500.000 -0.000285993 0.000516695 -0.000165021 0.000391229
72520.000 -0.000203341 0.000566867 -0.000170914 0.00041804
72540.000 -0.000476573 0.000363141 -0.000319936 0.000272881
72560.000 -0.000381165 0.000485388 -0.000246068 0.000359435
72580.000 -0.000222892 0.000567782 -0.000133881 0.000398474
72600.000 -1.47174e-05 0.000594039 2.26257e-05 0.00042911
72620.000 3.75795e-05 0.000607668 2.18421e-05 0.0004695
72640.000 0.000119057 0.000583942 6.95167e-05 0.000435382
72660.000 -4.09092e-05 0.000614703 -1.49665e-05 0.000429225
72680.000 6.77263e-05 0.000593739 4.51714e-05 0.000432256
72700.000 5.82747e-06 0.000604099 -2.14728e-05 0.000449401
72720.000 6.98249e-05 0.000607537 9.23722e-05 0.000421716
72740.000 0.00016023 0.000569582 0.000138438 0.000429714
72760.000 0.000410694 0.00044966 0.000315763 0.000316113
% Warning: sampling overrun detected
72780.000 0.000392822 0.000497173 0.000280618 0.000328271
72800.000 0.000500817 0.00034214 0.000363777 0.000258723
72820.000 0.000590695 8.64498e-05 0.000454058 7.0527e-05
72840.000 0.000516896 -0.00030336 0.000400442 -0.000170768
72860.000 0.000419187 -0.000441815 0.000297829 -0.000328053
72880.000 0.000392374 -0.000447804 0.000281213 -0.000345734
72900.000 0.000346096 -0.00049448 0.000247931 -0.000351122
72920.000 0.000365178 -0.000490385 0.000266562 -0.000353301
72940.000 0.000428094 -0.000429259 0.000312581 -0.000313103
72960.000 0.000311773 -0.000505794 0.000221597 -0.00040191
72980.000 0.000320695 -0.000521181 0.000258517 -0.000350068
73000.000 0.000135919 -0.000588502 7.6014e-05 -0.000453961
73020.000 -7.37087e-05 -0.000614688 -3.31004e-05 -0.000434902
73040.000 6.71195e-05 -0.000598207 6.32402e-05 -0.000444911
73060.000 0.000163701 -0.000583794 0.000119272 -0.000422859
73080.000 0.000130609 -0.000604304 9.86558e-05 -0.000431829
73100.000 -3.41514e-05 -0.000607529 -1.7543e-05 -0.000443305
73120.000 0.000123027 -0.000591015 7.92796e-05 -0.000435292
73140.000 0.000298631 -0.000527334 0.000206637 -0.000402459
73160.000 0.000316483 -0.000529258 0.000236261 -0.000379129
73180.000 0.000189095 -0.000581513 0.000159253 -0.000419654
73200.000 0.000137841 -0.000590532 8.92159e-05 -0.000413238
73220.000 0.000151497 -0.000616227 0.000109217 -0.000429465
73240.000 0.000246821 -0.00056407 0.0001707 -0.000405762
73260.000 0.0003639 -0.00049994 0.000260464 -0.000373896
73280.000 0.000400026 -0.000454501 0.000313741 -0.000351689
73300.000 0.000465804 -0.000371085 0.000365371 -0.000269988
73320.000 0.000504523 -0.000296019 0.000413783 -0.000222079
73340.000 0.00053242 -0.000311205 0.000373201 -0.00022778
73360.000 0.000509934 -0.000317207 0.00037739 -0.000237117
73380.000 0.000568282 -0.00018578 0.000442522 -0.000140825
73400.000 0.000600336 -6.9271e-05 0.000446784 -5.79798e-05
73420.000 0.00058745 0.00010927 0.000425112 6.53225e-05
73440.000 0.00031972 0.000500826 0.000231622 0.000363655
73460.000 0.000136732 0.000590108 6.87472e-05 0.000443263
73480.000 7.33626e-05 0.000613767 5.02757e-05 0.000442996
73500.000 0.000156501 0.000580609 0.000113897 0.000438401
73520.000 0.000208564 0.000570079 0.000141654 0.000423278
73540.000 0.000263505 0.000535035 0.000248879 0.000387177
73560.000 0.000121463 0.000583106 5.25636e-05 0.000438667
73580.000 -0.000180973 0.000563751 -0.00014138 0.000420244
73600.000 -0.000202791 0.000551636 -0.000176927 0.000419781
73620.000 -0.000348892 0.00049306 -0.000240693 0.000371076
73640.000 -0.000439322 0.000410231 -0.000299645 0.000302817
73660.000 -0.000147132 0.00057006 -0.000127074 0.000408628
73680.000 -0.000130807 0.000584418 -0.000112624 0.00040956
73700.000 -0.00024358 0.000530779 -0.000152658 0.000375471
73720.000 -0.000463603 0.000406095 -0.000341561 0.000281418
73740.000 -0.000578258 6.21582e-05 -0.000413647 4.32805e-05
73760.000 -0.000544191 -0.000163371 -0.00041864 -0.000114535
73780.000 -0.000589172 -0.000131869 -0.000454289 -9.96339e-05
73800.000 -0.00056973 0.000159116 -0.000436385 0.000134195
73820.000 -0.000543314 0.000237494 -0.000403659 0.000164539
73840.000 -0.000564179 0.000175824 -0.000405306 0.000119354
73860.000 -0.000602885 -7.72588e-06 -0.000436859 9.14421e-06
73880.000 -0.000579862 -0.000117558 -0.000433117 -7.69404e-05
73900.000 -0.000583311 9.43031e-05 -0.000420501 8.61628e-05
73920.000 -0.000543447 0.000175504 -0.000439034 0.00015093
73940.000 -0.000582734 0.000155665 -0.000429644 0.00012723
73960.000 -0.000563049 9.30991e-05 -0.000417428 0.000103227
73980.000 -0.00049928 -0.000336071 -0.000378203 -0.00025922
74000.000 -0.000352515 -0.000449082 -0.00021888 -0.000368022
74020.000 -4.80716e-05 -0.000600161 -2.39278e-05 -0.000435857
74040.000 -6.45103e-05 -0.00060932 -3.12506e-05 -0.000421356
74060.000 3.13335e-06 -0.000576763 -7.80693e-06 -0.000442042
74080.000 0.000124775 -0.000588671 0.000106962 -0.000415355
74100.000 -1.85582e-05 -0.000573292 8.37674e-06 -0.000430787
74120.000 -0.000180077 -0.000551304 -0.000147391 -0.000417236
74140.000 -7.77188e-05 -0.000574057 -5.49057e-05 -0.000452609
74160.000 -0.000257646 -0.00049442 -0.000195605 -0.000354936
74180.000 -0.000397261 -0.000431322 -0.000293827 -0.000316551
74200.000 -0.00048798 -0.000257456 -0.000369215 -0.00021591
74220.000 -0.000423482 -0.000364336 -0.000323212 -0.0002715
74240.000 -0.0003926 -0.000446035 -0.000305251 -0.00031912
74260.000 -0.000495955 -0.000317852 -0.000337096 -0.000219054
74280.000 -0.000478777 -0.000312083 -0.000381086 -0.00022255
74300.000 -0.000535931 -0.000198186 -0.00043274 -0.000130057
74320.000 -0.000563668 -0.000149115 -0.000409145 -0.000100994
74340.000 -0.000597006 0.000116909 -0.000454861 8.99704e-05
74360.000 -0.000531335 0.000227482 -0.000407443 0.000181653
74380.000 -0.000404475 0.000385646 -0.000304646 0.000305043
74400.000 -0.000379756 0.000442999 -0.000298544 0.000360788
74420.000 -0.00033751 0.000530424 -0.000244231 0.000397515
74440.000 -0.000462269 0.000393304 -0.000335904 0.000292313
74460.000 -0.00042489 0.00040889 -0.000307176 0.000285802
74480.000 -0.00057279 0.000135507 -0.000433146 0.000110182
74500.000 -0.000534677 0.000271401 -0.000368722 0.000196002
74520.000 -0.0004567 0.000390459 -0.000350048 0.00027407
74540.000 -0.000461007 0.000405378 -0.00031956 0.000321166
74560.000 -0.000524083 0.000323727 -0.000371898 0.000277725
% Warning: sampling overrun detected
74580.000 -0.000395861 0.000470133 -0.000281124 0.000350646
74600.000 -0.000319024 0.000499378 -0.000231913 0.000398956
74620.000 -0.000449839 0.000405437 -0.000356772 0.000296523
74640.000 -0.000538665 0.000260385 -0.000425681 0.000175768
74660.000 -0.000481831 0.000341965 -0.00036633 0.000284574
74680.000 -0.000535236 0.000268538 -0.000397404 0.000208752
74700.000 -0.000619295 -9.26589e-05 -0.000458808 -9.00128e-05
74720.000 -0.000584496 -3.0726e-05 -0.000460964 -2.40368e-05
74740.000 -0.000500393 -0.000302858 -0.000375845 -0.000229916
74760.000 -0.000243296 -0.000539734 -0.000190111 -0.000404462
74780.000 -0.000232395 -0.000539365 -0.00017007 -0.000427121
74800.000 -0.000218295 -0.000574524 -0.000192239 -0.000404101
74820.000 -0.000306681 -0.000501556 -0.00024564 -0.000371668
74840.000 -0.000141273 -0.000595053 -0.000106334 -0.00042895
74860.000 -0.000158848 -0.000585291 -0.000137234 -0.000426622
74880.000 -0.00012696 -0.000589393 -0.000100114 -0.000444506
74900.000 -4.75145e-05 -0.000590396 -1.6429e-05 -0.000454324
74920.000 9.76368e-05 -0.00059476 7.39951e-05 -0.000444066
74940.000 0.000354107 -0.00046793 0.000267859 -0.000359589
74960.000 0.000436296 -0.0004429 0.000346031 -0.000345236
74980.000 0.00034448 -0.000475794 0.000261903 -0.000374333
75000.000 0.000118594 -0.000576579 0.000125673 -0.000443726
75020.000 0.000204726 -0.000579483 0.000141015 -0.000439947
75040.000 0.000313813 -0.000477375 0.000225589 -0.000387056
75060.000 0.000468726 -0.00035677 0.000351388 -0.000269235
75080.000 0.000309714 -0.000490158 0.000252298 -0.000353541
75100.000 0.000426113 -0.00041363 0.000297854 -0.00033009
75120.000 0.000414466 -0.000446401 0.00031106 -0.000311514
75140.000 0.000349846 -0.000481819 0.00027155 -0.000361363
75160.000 0.000309467 -0.000503658 0.000253239 -0.00038837
% Warning: sampling overrun detected
75180.000 0.000346334 -0.000479917 0.000249922 -0.000375008
75200.000 0.000427817 -0.000414361 0.00033301 -0.000311196
75220.000 0.000262837 -0.000538405 0.000191516 -0.000417765
% Warning: sampling overrun detected
75240.000 0.000299671 -0.000516994 0.000207795 -0.000399417
% Warning: sampling overrun detected
75260.000 3.97264e-05 -0.000585568 1.28966e-05 -0.000468843
% Warning: sampling overrun detected
75280.000 -0.000138406 -0.000572952 -0.000116378 -0.000440198
75300.000 -0.000461102 -0.000389546 -0.000337424 -0.000285132
75320.000 -0.000539937 -0.00023066 -0.000439478 -0.000175122
75340.000 -0.000547471 -0.000261243 -0.000417945 -0.000192873
% Warning: sampling overrun detected
75360.000 -0.000576815 -0.000130392 -0.000435145 -0.000119173
75380.000 -0.000541398 -0.000251777 -0.000415674 -0.000153579
75400.000 -0.0005598 -0.000238173 -0.000387794 -0.000190551
% Warning: sampling overrun detected
75420.000 -0.000582841 -9.15888e-05 -0.000457991 -6.49553e-05
% Warning: sampling overrun detected
75440.000 -0.000549864 -0.000252933 -0.0004058 -0.000179652
% Warning: sampling overrun detected
75460.000 -0.0004093 -0.000409268 -0.0003044 -0.000301974
% Warning: sampling overrun detected
75480.000 -0.000339192 -0.000466182 -0.000261227 -0.000374781
75500.000 -7.63055e-05 -0.000576351 -5.51115e-05 -0.000453221
75520.000 -0.000173779 -0.000553505 -0.000127486 -0.000431783
% Warning: sampling overrun detected
75540.000 -0.000161599 -0.000563681 -0.000129043 -0.000418981
% Warning: sampling overrun detected
75560.000 -4.20876e-05 -0.000575812 -2.66113e-05 -0.000462172
% Warning: sampling overrun detected
75580.000 0.000126668 -0.000569389 7.69868e-05 -0.000426198
% Warning: sampling overrun detected
75600.000 0.000290325 -0.000492754 0.000239197 -0.000375998
% Warning: sampling overrun detected
75620.000 0.000443164 -0.000344425 0.000356818 -0.00028801
% Warning: sampling overrun detected
75640.000 0.00043896 -0.00038432 0.000364715 -0.000287272
75660.000 0.000363944 -0.000460945 0.000292439 -0.000338314
75680.000 0.000382623 -0.000414031 0.000308501 -0.000335937
75700.000 0.000407859 -0.000424454 0.000311954 -0.000340041
75720.000 0.000354781 -0.000451739 0.000288795 -0.000357723
75740.000 0.000190982 -0.000555116 0.000157222 -0.000435424
75760.000 0.000325181 -0.00047129 0.000262054 -0.000383878
75780.000 0.000302511 -0.000484752 0.000243321 -0.000401521
75800.000 8.28436e-05 -0.000576978 6.99964e-05 -0.000449824
75820.000 -4.55287e-05 -0.000586107 -1.07323e-05 -0.000459538
75840.000 0.000209359 -0.000536686 0.000162768 -0.000436527
75860.000 0.000172643 -0.000574508 0.000141595 -0.00042341
75880.000 0.000235697 -0.000535239 0.000188206 -0.000402106
75900.000 0.000289083 -0.000517615 0.000219202 -0.000384697
75920.000 0.000115249 -0.000561136 0.00012617 -0.000429133
75940.000 -0.000227762 -0.000522849 -0.000165935 -0.00039945
75960.000 -0.000268831 -0.000531668 -0.00019728 -0.000372996
75980.000 -0.000205912 -0.000550717 -0.000147358 -0.000390258
76000.000 -7.66044e-05 -0.000574767 -5.9137e-05 -0.000409291
76020.000 -0.000106199 -0.00059553 -8.41352e-05 -0.0004089
76040.000 -0.000164832 -0.000558431 -8.85225e-05 -0.000427639
76060.000 3.77035e-05 -0.000580349 4.24706e-05 -0.00045152
76080.000 -0.000196687 -0.000542982 -0.000149455 -0.000419312
76100.000 -0.00035455 -0.000461302 -0.000310227 -0.000345631
76120.000 -0.000173547 -0.000562195 -0.00010844 -0.000431991
76140.000 4.48543e-05 -0.000585295 2.64875e-05 -0.000443491
76160.000 -6.90064e-05 -0.0005793 -6.77199e-05 -0.000444874
76180.000 -0.000236916 -0.000543194 -0.000178837 -0.000403114
76200.000 -1.35781e-05 -0.000579581 7.3846e-06 -0.000444741
76220.000 0.000102173 -0.000586128 5.60532e-05 -0.000459529
76240.000 -0.000215128 -0.000538647 -0.000170754 -0.000414838
76260.000 -0.000515796 -0.000187782 -0.000414656 -0.000140728
76280.000 -0.00056557 0.000147951 -0.00043234 0.000117823
76300.000 -0.000520075 0.000237142 -0.000402776 0.00018719
76320.000 -0.000435357 0.000395113 -0.000332063 0.000318821
76340.000 -0.000344826 0.000453808 -0.000269614 0.000347954
76360.000 -0.00030616 0.000503282 -0.000215371 0.000389565
% Warning: sampling overrun detected
76380.000 -0.000280844 0.000509409 -0.000224408 0.000374143
% Warning: sampling overrun detected
76400.000 -0.000410703 0.000408992 -0.000331355 0.000302471
% Warning: sampling overrun detected
76420.000 -0.000358139 0.00045635 -0.000282189 0.000350067
% Warning: sampling overrun detected
76440.000 -0.000332786 0.000485917 -0.00024273 0.000350923
% Warning: sampling overrun detected
76460.000 -0.000302691 0.000507896 -0.000201663 0.000381291
% Warning: sampling overrun detected
76480.000 -0.000317521 0.000486485 -0.000233648 0.000381307
% Warning: sampling overrun detected
76500.000 -0.000127915 0.000592609 -8.0148e-05 0.000419823
% Warning: sampling overrun detected
76520.000 -0.000310312 0.000471287 -0.000262909 0.000372994
% Warning: sampling overrun detected
76540.000 -0.000168632 0.000531853 -0.000139296 0.000428721
% Warning: sampling overrun detected
76560.000 -0.000150029 0.000553801 -9.52833e-05 0.000429349
% Warning: sampling overrun detected
76580.000 -0.000207051 0.000534281 -0.00016989 0.000408833
% Warning: sampling overrun detected
76600.000 -0.000112628 0.000555656 -0.000122785 0.000433925
% Warning: sampling overrun detected
76620.000 -0.00019188 0.000547993 -0.000158131 0.000410108
% Warning: sampling overrun detected
76640.000 -0.0002931 0.000493469 -0.000226495 0.000368667
76660.000 -0.000325933 0.000477702 -0.000249537 0.000358524
% Warning: sampling overrun detected
76680.000 -0.000236892 0.000531662 -0.000174109 0.000373828
% Warning: sampling overrun detected
76700.000 -0.000273997 0.000504792 -0.000190097 0.00038824
% Warning: sampling overrun detected
76720.000 -0.000367775 0.000441389 -0.000288716 0.000346709
% Warning: sampling overrun detected
76740.000 -0.000391435 0.000426447 -0.000311472 0.000337816
% Warning: sampling overrun detected
76760.000 -0.000185196 0.000533897 -0.000147321 0.000424648
% Warning: sampling overrun detected
76780.000 8.85155e-05 0.000555186 6.31655e-05 0.000432663
% Warning: sampling overrun detected
76800.000 3.75813e-05 0.000581433 4.90284e-05 0.000436751
% Warning: sampling overrun detected
76820.000 3.64267e-05 0.000576765 3.07907e-05 0.000434422
% Warning: sampling overrun detected
76840.000 -4.54772e-05 0.000581366 -4.612e-05 0.000446107
% Warning: sampling overrun detected
76860.000 -0.00011508 0.000562652 -0.000131973 0.000433854
% Warning: sampling overrun detected
76880.000 -6.96537e-05 0.00058296 -6.91438e-05 0.000442882
% Warning: sampling overrun detected
76900.000 -0.000208054 0.000534096 -0.000150985 0.00040976
% Warning: sampling overrun detected
76920.000 -0.000130847 0.000562441 -0.000128106 0.000432123
% Warning: sampling overrun detected
76940.000 -0.000155991 0.000558468 -0.000110669 0.000419593
% Warning: sampling overrun detected
76960.000 -0.000144377 0.00054827 -0.000123961 0.000419173
% Warning: sampling overrun detected
76980.000 -0.00033492 0.000468507 -0.000236702 0.000362402
77000.000 -0.000225503 0.000523897 -0.000185466 0.000393997
77020.000 -0.000158305 0.000562994 -0.000129259 0.000430448
77040.000 -0.000210699 0.000526001 -0.000159229 0.000436291
77060.000 -0.000255477 0.000502317 -0.000215325 0.000369125
77080.000 -0.000309873 0.00048518 -0.000216761 0.000362605
77100.000 -0.000367625 0.000405825 -0.000281295 0.000334475
77120.000 -0.000126122 0.000564254 -0.000105619 0.000432715
77140.000 4.84688e-05 0.000569982 4.18313e-05 0.000435749
77160.000 -2.1513e-05 0.000577811 -1.70734e-06 0.000441086
77180.000 9.91125e-05 0.000549569 8.34922e-05 0.000437069
77200.000 2.21898e-05 0.00056385 2.82449e-05 0.000431542
77220.000 4.98658e-05 0.000581833 4.336e-05 0.000469135
77240.000 5.92614e-05 0.000585924 3.61612e-05 0.000421569
77260.000 -0.000121719 0.000571507 -8.86546e-05 0.000448521
77280.000 1.44898e-05 0.000568744 1.33534e-05 0.00044974
77300.000 -0.000170792 0.000537818 -0.000125871 0.000422472
77320.000 -0.000236644 0.000501378 -0.000187457 0.000388976
77340.000 -0.000251842 0.000504163 -0.00018802 0.000402358
77360.000 3.10086e-06 0.000578903 -1.32416e-05 0.0004561
77380.000 2.59397e-05 0.000569048 4.99231e-05 0.000443538
77400.000 -2.22664e-05 0.000570878 3.19145e-06 0.000446984
77420.000 -0.000217888 0.000513518 -0.000178454 0.000379433
77440.000 -0.000180322 0.000530958 -0.000124562 0.000408551
77460.000 -0.000217521 0.000522201 -0.000156724 0.000423761
77480.000 -0.000389264 0.000429109 -0.00028375 0.000312801
77500.000 -0.000133358 0.000552269 -0.000127289 0.000422924
77520.000 -0.00017303 0.000520851 -0.000118405 0.000429158
77540.000 -0.000297776 0.000475451 -0.000247691 0.000373499
77560.000 -0.00045017 0.000339253 -0.000333132 0.00029096
77580.000 -0.000531425 0.000230307 -0.000388428 0.000177169
77600.000 -0.000558524 6.73887e-05 -0.000440983 4.54701e-05
77620.000 -0.000569536 7.15397e-05 -0.000436725 6.15502e-05
77640.000 -0.000565052 4.67157e-05 -0.000436064 3.05148e-05
77660.000 -0.000571855 6.25816e-05 -0.000450363 3.48855e-05
77680.000 -0.000495423 0.000258863 -0.000394217 0.000184385
77700.000 -0.000586962 0.000100799 -0.000448507 6.9765e-05
77720.000 -0.00056423 -6.94928e-05 -0.00043491 -5.96916e-05
77740.000 -0.000567447 1.34976e-05 -0.000428151 2.48056e-06
77760.000 -0.00051193 0.000267139 -0.000384261 0.000204751
77780.000 -0.000504038 0.000293395 -0.000380595 0.000236827
77800.000 -0.000383503 0.000441785 -0.000292092 0.000341664
77820.000 -0.000418948 0.000365204 -0.000337101 0.00027974
77840.000 -0.000336746 0.000443338 -0.000270873 0.000349732
77860.000 -0.000159245 0.000542553 -0.000133893 0.000430181
77880.000 -7.76118e-05 0.000566609 -7.45351e-05 0.000441383
77900.000 -7.96241e-05 0.00055378 -6.28055e-05 0.000433818
77920.000 -0.000237361 0.000491111 -0.000215989 0.000393059
77940.000 -0.00022281 0.000538432 -0.000146388 0.000403542
77960.000 -0.000114059 0.000559537 -8.94779e-05 0.000437142
77980.000 -0.00015981 0.000548324 -0.00014946 0.000438144
78000.000 -0.000115129 0.000561624 -8.94616e-05 0.000436885
78020.000 5.23102e-06 0.000585074 -1.74878e-05 0.000435126
78040.000 4.5652e-05 0.000590156 3.96552e-05 0.000444508
78060.000 1.29184e-05 0.000586278 5.25171e-06 0.000453095
78080.000 -0.000181025 0.000544217 -0.000126473 0.000426745
78100.000 -0.000388793 0.000419912 -0.00027688 0.000354546
78120.000 -0.000377159 0.000425863 -0.000322987 0.000347152
78140.000 -0.000444438 0.000372836 -0.00032186 0.000306595
78160.000 -0.000272838 0.000488987 -0.000241909 0.0003786
78180.000 -0.000240313 0.000514996 -0.000195444 0.000412812
78200.000 -0.000317784 0.000469526 -0.000235163 0.000369046
78220.000 -0.000337123 0.000428436 -0.000281464 0.000359001
78240.000 -0.000274072 0.000493014 -0.000246783 0.000388121
78260.000 -0.000296916 0.00045907 -0.000265281 0.000360937
78280.000 -0.000370972 0.00042291 -0.000298236 0.000334203
78300.000 -0.000237751 0.000533486 -0.000161553 0.000400534
78320.000 -2.52588e-05 0.000523891 -3.12504e-05 0.000408947
78340.000 -1.72719e-05 0.000550307 1.1071e-05 0.000469184
78360.000 -0.00013133 0.000567713 -8.82845e-05 0.000420123
78380.000 -0.000204405 0.000538192 -0.000168254 0.000405417
78400.000 -0.000204271 0.000528644 -0.000158922 0.00039891
78420.000 -0.000209863 0.000543158 -0.00013424 0.000427732
78440.000 -0.000160372 0.000552541 -0.000116102 0.000421535
78460.000 -0.00013037 0.000556942 -0.000104744 0.000432832
78480.000 -0.000125423 0.00057066 -9.75105e-05 0.000409276
78500.000 -0.000273803 0.000501497 -0.000204304 0.000383345
78520.000 -0.000349625 0.000452153 -0.000265506 0.000344254
78540.000 -0.000428757 0.000371682 -0.000316094 0.000297847
78560.000 -0.000412951 0.000379959 -0.000333643 0.000282845
78580.000 -0.000466536 0.000305207 -0.000378131 0.000226124
78600.000 -0.000343515 0.00046666 -0.00025784 0.000354022
78620.000 -0.000262217 0.000497213 -0.000234069 0.000384751
78640.000 -0.000437462 0.000366879 -0.000347629 0.000301906
78660.000 -0.000192232 0.000552025 -0.000139815 0.000397234
78680.000 0.000118087 0.000543479 6.45714e-05 0.000423505
78700.000 0.000280176 0.000494088 0.000235245 0.000375221
78720.000 0.000356789 0.000426728 0.000269385 0.000333329
78740.000 0.000276924 0.00049665 0.000229435 0.000375606
78760.000 0.00030199 0.000495527 0.000241719 0.000344831
% Warning: sampling overrun detected
78780.000 0.000198563 0.000539869 0.000138935 0.00043987
78800.000 0.000255822 0.000487548 0.000185218 0.000394813
78820.000 0.00029539 0.000467756 0.000239224 0.000355619
78840.000 0.000299525 0.000480889 0.000231039 0.00034531
78860.000 0.000123414 0.000554739 0.000120803 0.000411573
78880.000 -7.39789e-05 0.000576305 -3.04631e-05 0.000429882
78900.000 3.34902e-05 0.000553421 1.33304e-05 0.000439837
78920.000 8.42357e-05 0.000578125 7.91267e-05 0.000432079
78940.000 -0.000140572 0.000548694 -0.000101633 0.000426777
78960.000 -0.000404267 0.000412115 -0.00032934 0.000316547
78980.000 -0.000249416 0.000519485 -0.000184771 0.000383059
79000.000 -0.000256852 0.000524147 -0.000196849 0.000387827
79020.000 -0.000465227 0.000309818 -0.000373204 0.000239057
79040.000 -0.000480205 0.000332667 -0.000367084 0.000274704
79060.000 -0.000467722 0.000301672 -0.000385141 0.000219917
79080.000 -0.000503064 0.000238661 -0.000404284 0.000183476
79100.000 -0.000369576 0.000439829 -0.000270537 0.000333919
79120.000 -0.000250213 0.000504335 -0.000210227 0.00036846
79140.000 -0.000191297 0.00052218 -0.000149448 0.000432997
79160.000 -0.000520182 0.000120515 -0.000420581 8.88542e-05
79180.000 -0.000576919 1.79655e-05 -0.000449685 -1.07899e-05
79200.000 -0.000531197 9.29201e-05 -0.000440594 4.38981e-05
79220.000 -0.000497823 0.000233244 -0.000352377 0.000206256
79240.000 -0.000533345 -2.48207e-05 -0.000452199 -3.02665e-05
79260.000 -0.000556241 3.40632e-05 -0.000440198 4.3526e-05
79280.000 -0.000580985 2.87219e-05 -0.000451684 3.56748e-05
79300.000 -0.000548008 0.00012838 -0.000423931 0.000100218
79320.000 -0.000552574 4.92586e-05 -0.000441424 4.08314e-05
79340.000 -0.000522028 -0.000160109 -0.000414016 -0.000128001
79360.000 -0.000560595 -6.22374e-05 -0.000425918 -4.76582e-05
79380.000 -0.000534017 0.000171119 -0.000419115 9.61181e-05
79400.000 -0.000554391 -3.25298e-05 -0.000432688 -2.73385e-05
79420.000 -0.00055033 -1.82708e-05 -0.000430963 -2.14397e-05
79440.000 -0.000526598 0.000226958 -0.000401911 0.000167433
79460.000 -0.00055795 4.27572e-05 -0.00042772 4.58291e-05
79480.000 -0.000547362 0.000135706 -0.000434838 8.92849e-05
79500.000 -0.000559125 -0.000106647 -0.000444327 -7.18879e-05
79520.000 -0.00054981 6.60539e-05 -0.000425891 6.15021e-05
79540.000 -0.000553138 8.1734e-06 -0.000442237 3.85498e-05
79560.000 -0.000556013 4.59347e-05 -0.000441382 2.20644e-05
79580.000 -0.000541135 0.000108915 -0.00043387 7.74346e-05
79600.000 -0.000538108 -0.000109637 -0.000414709 -8.70852e-05
79620.000 -0.000522407 -0.000180866 -0.000395089 -0.000141249
79640.000 -0.000483105 -0.000271874 -0.000377997 -0.000245123
79660.000 -0.000505017 -0.000237238 -0.000362734 -0.000189426
79680.000 -0.000549812 -8.61067e-05 -0.000428986 -7.404e-05
79700.000 -0.000557089 -1.7511e-05 -0.000441336 -3.55925e-05
79720.000 -0.000539644 4.45014e-05 -0.00042708 4.45312e-05
79740.000 -0.000536119 2.77015e-05 -0.000394047 4.57069e-05
79760.000 -0.000552771 -4.46629e-05 -0.000419247 -4.4661e-05
79780.000 -0.000547188 1.4216e-05 -0.000429728 3.62103e-05
79800.000 -0.00053847 0.000153735 -0.000416675 0.000115157
79820.000 -0.000531213 0.000145064 -0.000423855 0.000119927
79840.000 -0.000547585 0.000129411 -0.000429346 9.73995e-05
79860.000 -0.000561381 4.05848e-05 -0.000444605 3.96394e-05
79880.000 -0.000563521 3.59772e-06 -0.000433828 -1.44075e-05
79900.000 -0.000532445 -9.70247e-05 -0.000431388 -8.48018e-05
79920.000 -0.000544645 -0.000129919 -0.00040156 -0.000123919
79940.000 -0.000491944 -0.000224901 -0.000381029 -0.000181828
79960.000 -0.000371607 -0.000393272 -0.000288836 -0.000298947
79980.000 -0.000483265 -0.000224539 -0.000380559 -0.000162683
80000.000 -0.000551391 9.4739e-06 -0.000434206 -1.97412e-05
80020.000 -0.000510078 -0.000184187 -0.000397422 -0.000141903
80040.000 -0.00051251 -0.000137979 -0.000422988 -0.000117309
80060.000 -0.000525463 -0.000116176 -0.00041718 -7.16533e-05
80080.000 -0.000527645 -0.00015012 -0.00041758 -0.000135493
80100.000 -0.000434289 -0.000333878 -0.000352262 -0.000259103
80120.000 -0.000458043 -0.000301785 -0.000332924 -0.000240104
80140.000 -0.000499888 -0.000160695 -0.000385076 -0.000162748
80160.000 -0.000492396 -0.000239957 -0.000385336 -0.000214773
80180.000 -0.000371769 -0.000393972 -0.000293366 -0.000289428
80200.000 -0.00050379 -0.000219448 -0.000386465 -0.000170027
80220.000 -0.000551213 -8.92356e-05 -0.000424565 -4.5942e-05
80240.000 -0.000557463 -4.13838e-05 -0.000435825 -2.46723e-05
80260.000 -0.000552724 6.21569e-07 -0.000444343 -4.4228e-06
80280.000 -0.000536671 -0.000157923 -0.000408555 -9.84253e-05
80300.000 -0.000540518 -2.98225e-05 -0.000421275 -3.13749e-05
80320.000 -0.000496571 -0.000181561 -0.000402733 -0.000128745
80340.000 -0.000544301 -6.30483e-05 -0.000423556 -4.54929e-05
80360.000 -0.000531715 4.74658e-05 -0.000437254 1.37235e-05
80380.000 -0.000529649 0.000118536 -0.000432637 8.02711e-05
80400.000 -0.000513062 0.000112742 -0.000397002 8.44199e-05
80420.000 -0.000532955 -9.99449e-05 -0.000406252 -8.43276e-05
80440.000 -0.00048288 -0.00021881 -0.000390917 -0.000137676
80460.000 -0.000525715 -0.000163049 -0.000381945 -0.000121508
80480.000 -0.000542723 -3.52975e-05 -0.000418681 -4.63354e-06
80500.000 -0.000529198 -0.000127576 -0.000407677 -9.60921e-05
80520.000 -0.000492548 -0.000215574 -0.000376214 -0.000180337
80540.000 -0.000512665 -0.000192278 -0.000398453 -0.000128562
80560.000 -0.000519758 -0.000112909 -0.000421202 -9.84434e-05
% Warning: sampling overrun detected
80580.000 -0.000535871 -0.000100231 -0.000421491 -9.63681e-05
80600.000 -0.000529313 -0.000127482 -0.000414565 -9.1652e-05
80620.000 -0.000524 -5.55242e-05 -0.000441188 -6.81775e-05
% Warning: sampling overrun detected
80640.000 -0.000524085 9.26693e-05 -0.000419 6.9399e-05
80660.000 -0.000531632 -9.7491e-05 -0.000419552 -8.09035e-05
80680.000 -0.000460237 -0.000298965 -0.000344857 -0.000246053
% Warning: sampling overrun detected
80700.000 -0.000530061 -0.000176352 -0.000397983 -0.000132062
80720.000 -0.000510757 -0.00023656 -0.000366251 -0.000162922
80740.000 -0.000503207 -0.000201906 -0.000406387 -0.000129092
% Warning: sampling overrun detected
80760.000 -0.000528344 -0.00012913 -0.000403836 -0.00011436
% Warning: sampling overrun detected
80780.000 -0.000451743 -0.000266914 -0.000352171 -0.000246978
% Warning: sampling overrun detected
80800.000 -0.000494984 -0.000197437 -0.000399252 -0.0001441
80820.000 -0.000520071 -0.000162818 -0.000437742 -0.000140961
80840.000 -0.000440602 -0.000274868 -0.000350624 -0.000200234
80860.000 -0.000311528 -0.000431944 -0.000232968 -0.00034517
% Warning: sampling overrun detected
80880.000 -0.000365265 -0.000415387 -0.000296578 -0.000299923
% Warning: sampling overrun detected
80900.000 -0.00020031 -0.000484069 -0.000145533 -0.000386255
% Warning: sampling overrun detected
80920.000 -0.000101968 -0.00054561 -7.19404e-05 -0.000408495
% Warning: sampling overrun detected
80940.000 -9.118e-05 -0.000548732 -9.70531e-05 -0.000425095
80960.000 -9.94014e-06 -0.000568478 -1.32619e-06 -0.000421247
80980.000 -2.37884e-05 -0.000518211 -4.72445e-05 -0.000436746
% Warning: sampling overrun detected
81000.000 8.7327e-06 -0.000526957 -6.6191e-07 -0.000417961
81020.000 0.000105495 -0.000541102 6.38857e-05 -0.000405519
81040.000 -6.48209e-06 -0.000556877 -4.76217e-06 -0.000430407
% Warning: sampling overrun detected
81060.000 -0.000216387 -0.000495654 -0.000184483 -0.000376019
81080.000 -0.000242465 -0.000499286 -0.000153623 -0.000391009
81100.000 -2.01166e-05 -0.00053994 -3.13047e-05 -0.000424964
% Warning: sampling overrun detected
81120.000 -0.000196934 -0.000498642 -0.000174777 -0.000406714
% Warning: sampling overrun detected
81140.000 -0.000215412 -0.00050934 -0.000126928 -0.000387263
% Warning: sampling overrun detected
81160.000 -0.00026258 -0.000497097 -0.000187525 -0.000381048
81180.000 -0.000157641 -0.000522108 -0.00011872 -0.000403029
81200.000 9.56946e-05 -0.00054274 4.79863e-05 -0.000406341
81220.000 -8.06867e-08 -0.000541753 -1.44046e-05 -0.000419818
81240.000 3.20986e-05 -0.000553525 1.94255e-05 -0.000402251
81260.000 0.000140209 -0.000540627 9.73973e-05 -0.000417818
81280.000 3.716e-05 -0.000556383 1.45221e-05 -0.000406472
81300.000 -7.33681e-05 -0.000543282 -5.03554e-05 -0.000424413
81320.000 -0.000157732 -0.000532812 -0.000130775 -0.000418246
81340.000 -0.000191517 -0.000525262 -0.000127154 -0.000393957
81360.000 -4.2451e-06 -0.000534698 -1.65453e-05 -0.000392982
81380.000 0.000187631 -0.000510941 0.000154177 -0.00038902
81400.000 0.000162702 -0.000534245 9.77496e-05 -0.000418054
81420.000 0.000177739 -0.000539595 0.00014036 -0.000406659
81440.000 9.40656e-05 -0.000554748 7.19753e-05 -0.000423189
81460.000 0.000114048 -0.000552584 9.92899e-05 -0.000424091
81480.000 8.016e-05 -0.000573976 6.13281e-05 -0.000446375
81500.000 -3.9768e-05 -0.000572056 -1.62164e-05 -0.000418929
81520.000 -0.000192445 -0.000524267 -0.00014905 -0.000396599
81540.000 -0.000281153 -0.000455411 -0.000218163 -0.000393872
81560.000 -0.000299548 -0.000440073 -0.000257494 -0.000355663
81580.000 -0.000330164 -0.000439836 -0.000268108 -0.000329349
81600.000 -0.000246913 -0.000503827 -0.000201656 -0.000375056
81620.000 -0.000370072 -0.000442023 -0.000283021 -0.000323763
81640.000 -0.000361647 -0.000437059 -0.000258722 -0.000345713
81660.000 -0.000361657 -0.000436634 -0.000291549 -0.000339143
81680.000 -0.000274352 -0.000477842 -0.000192406 -0.000378105
81700.000 -1.26187e-05 -0.000562028 -5.13526e-05 -0.00043824
81720.000 4.46433e-05 -0.000543338 3.90286e-05 -0.000437839
81740.000 3.43167e-05 -0.000567434 4.31637e-05 -0.000432298
81760.000 4.42266e-05 -0.00053494 2.70671e-05 -0.000456336
% Warning: sampling overrun detected
81780.000 0.000126432 -0.000519359 0.000103794 -0.000415101
81800.000 0.000164399 -0.000504293 0.000132917 -0.000400847
81820.000 0.000230085 -0.000489881 0.000193616 -0.000396468
81840.000 0.000365815 -0.000424366 0.000287331 -0.000313443
81860.000 0.000257629 -0.000486431 0.00021993 -0.000388217
81880.000 0.000195327 -0.000523534 0.000157261 -0.000413302
81900.000 0.000216841 -0.000512415 0.000154491 -0.000386874
81920.000 0.000283984 -0.00047167 0.000225404 -0.000353656
81940.000 0.000364284 -0.000398976 0.000270184 -0.000333388
81960.000 0.000458714 -0.000308624 0.000366715 -0.00024603
81980.000 0.000467348 -0.000288358 0.00036912 -0.000219915
82000.000 0.000552411 -0.000125545 0.000437853 -0.000118768
82020.000 0.00053725 -5.09903e-05 0.000436995 -2.3175e-05
82040.000 0.000520921 0.000143381 0.000439684 7.30819e-05
82060.000 0.000482406 0.00024133 0.000378547 0.000186043
82080.000 0.000101174 0.000545313 8.6548e-05 0.000421012
82100.000 3.23829e-05 0.000542662 4.69362e-06 0.000438239
82120.000 9.70898e-05 0.000547839 7.80372e-05 0.000415366
82140.000 0.000198869 0.000500025 0.000126288 0.000410537
82160.000 -4.01415e-05 0.000539547 -4.53793e-05 0.000434645
82180.000 -1.82732e-05 0.00054844 -4.02139e-05 0.000421222
82200.000 -1.90162e-05 0.000554411 -3.17857e-06 0.000430537
82220.000 -0.000150661 0.000536881 -0.000102441 0.00043353
82240.000 -0.000128155 0.000525133 -8.82654e-05 0.000427354
82260.000 1.38536e-05 0.000562226 -8.64265e-06 0.00044923
82280.000 -5.85184e-05 0.00055724 -5.44816e-05 0.000418862
82300.000 -0.000286526 0.000491301 -0.000188202 0.000366711
82320.000 -0.000269096 0.000486683 -0.000201984 0.000365078
82340.000 -0.000299024 0.000456506 -0.000220492 0.000351911
82360.000 -0.000455767 0.000303982 -0.000353646 0.00025838
82380.000 -0.000364512 0.000388621 -0.00030202 0.000305546
82400.000 -0.000369667 0.000427689 -0.000292608 0.000318158
82420.000 -0.000307755 0.000461872 -0.000243423 0.000349191
82440.000 -0.000366762 0.000380525 -0.000287934 0.000329011
82460.000 -0.000428084 0.000354674 -0.000307039 0.000290026
82480.000 -0.000298971 0.000453007 -0.00024549 0.00034151
82500.000 -0.000493722 0.000234421 -0.000371982 0.000218027
82520.000 -0.000534037 0.000158662 -0.0004145 0.000122377
82540.000 -0.000486928 0.000260431 -0.000403063 0.000205603
82560.000 -0.000482348 0.000267999 -0.00037315 0.000206479
82580.000 -0.000368764 0.000396628 -0.000286163 0.000297439
82600.000 -0.000234791 0.000503755 -0.000194306 0.000392301
82620.000 -0.000356534 0.000427556 -0.000269461 0.00033494
82640.000 -0.000365122 0.000418827 -0.000274991 0.000335751
82660.000 -0.000344435 0.000420151 -0.00024026 0.000362742
82680.000 -0.000416291 0.000333575 -0.000320486 0.000290634
82700.000 -0.000508966 0.000241084 -0.000399706 0.000189685
82720.000 -0.000508275 0.000223413 -0.000391207 0.000153377
82740.000 -0.000466838 0.000266382 -0.00037385 0.000212246
82760.000 -0.000399457 0.000378735 -0.000312463 0.000309161
82780.000 -0.00030533 0.000471088 -0.000241639 0.000338707
82800.000 -0.000220143 0.000524412 -0.000148704 0.000384031
82820.000 -0.000216862 0.000496457 -0.000147526 0.000384853
82840.000 -7.07127e-05 0.000538907 -3.71729e-05 0.000429753
82860.000 -0.000142687 0.000530147 -0.000119256 0.000397502
82880.000 -0.00023446 0.000483655 -0.000174624 0.000375225
82900.000 -0.000279021 0.000461538 -0.000229646 0.000352503
82920.000 -0.000421131 0.000361549 -0.000322034 0.000276439
82940.000 -0.000364675 0.000414801 -0.000279532 0.000317634
82960.000 -0.000253436 0.000471101 -0.000227892 0.000347682
82980.000 -0.000307479 0.000444757 -0.000248674 0.000305975
83000.000 -0.000240773 0.000486115 -0.000194947 0.00038376
83020.000 -0.000145591 0.000508269 -0.000135623 0.000390961
83040.000 -0.00026218 0.000459864 -0.000210049 0.000367231
83060.000 -0.000202192 0.000505656 -0.000159759 0.000391327
83080.000 -0.000230613 0.000496715 -0.000160367 0.000371433
83100.000 -0.000246047 0.000464942 -0.00018751 0.000375571
83120.000 -0.000330021 0.000415724 -0.00024221 0.000325727
83140.000 -0.000359946 0.000390109 -0.000288419 0.000320471
83160.000 -0.000337779 0.000427486 -0.000272876 0.000315345
83180.000 -0.000207977 0.000499109 -0.000171532 0.000381173
83200.000 -0.000139748 0.000510487 -9.11934e-05 0.00039949
83220.000 -0.000133911 0.000501238 -8.91101e-05 0.000408362
83240.000 -0.00018565 0.00050651 -0.000136773 0.000385358
83260.000 -0.000312708 0.000424828 -0.000230495 0.000344784
83280.000 -0.000280597 0.000436284 -0.000241774 0.000330469
83300.000 -0.000360192 0.000397284 -0.000273366 0.000313086
83320.000 -0.000279408 0.000454159 -0.000218664 0.000344145
83340.000 -0.000359183 0.000374407 -0.000276392 0.000313157
83360.000 -0.000360985 0.000384818 -0.00028092 0.000299513
83380.000 -0.000362477 0.000354291 -0.000312965 0.000285144
83400.000 -0.000364438 0.000347021 -0.000303468 0.000291171
83420.000 -0.000437574 0.000240569 -0.000359842 0.000200264
83440.000 -0.000438333 0.000336996 -0.000331211 0.000274212
83460.000 -0.000401548 0.000339632 -0.000320011 0.00025808
83480.000 -0.000328079 0.000432116 -0.000257718 0.000317196
83500.000 -0.000294143 0.000448898 -0.000238062 0.000368227
83520.000 -0.000130995 0.000500004 -8.59091e-05 0.000377392
83540.000 -3.47748e-05 0.000519565 -3.14161e-05 0.000423211
83560.000 -0.000114876 0.000490701 -0.00011272 0.000410685
% Warning: sampling overrun detected
83580.000 -2.78629e-05 0.000518083 -1.73813e-05 0.000405525
83600.000 -0.000168302 0.000477096 -0.000136352 0.000365595
83620.000 -3.55882e-05 0.000503603 -2.41851e-05 0.000399097
83640.000 -6.99449e-05 0.000517655 -6.94095e-05 0.000402292
83660.000 6.0705e-05 0.000530017 4.90874e-05 0.000423806
83680.000 3.4202e-05 0.000510449 4.23953e-05 0.000410578
83700.000 0.000103503 0.000499816 8.34523e-05 0.000401643
83720.000 0.000132685 0.000507071 8.68288e-05 0.000403833
83740.000 0.000232161 0.000473252 0.00016884 0.000389789
83760.000 0.000322312 0.000403519 0.000259551 0.000325216
83780.000 0.000409119 0.000328264 0.000307442 0.000241162
83800.000 0.000392917 0.000347916 0.000306044 0.000278312
83820.000 0.000264928 0.00044623 0.000210961 0.000329485
83840.000 0.000224516 0.000469644 0.000169231 0.000347171
83860.000 0.00021318 0.000464488 0.000169309 0.000357516
83880.000 0.00026283 0.000439084 0.000201414 0.000352546
83900.000 0.000356418 0.00037446 0.00027135 0.000299473
83920.000 0.00048268 0.000244312 0.000372638 0.000171112
83940.000 0.000483358 0.000185004 0.000380755 0.000165296
83960.000 0.00043698 0.000277504 0.000314511 0.000217773
83980.000 0.000399145 0.000324587 0.000305577 0.000238628
84000.000 0.000354158 0.000398117 0.000259547 0.000292078
84020.000 0.00033917 0.000412519 0.000237034 0.000327742
84040.000 0.000325879 0.000392447 0.000244031 0.000310993
84060.000 0.000369677 0.000336105 0.000292664 0.000271995
84080.000 0.00019839 0.000487912 0.000160598 0.00036628
84100.000 0.000315418 0.000414807 0.000219632 0.000312201
84120.000 0.000303891 0.000488578 0.000244443 0.000331203
84140.000 0.000274804 0.000454897 0.000205212 0.000363065
84160.000 0.000132902 0.000514386 9.93507e-05 0.000386864
84180.000 0.000331137 0.00040513 0.00024977 0.000343691
84200.000 0.000456678 0.000281437 0.000348341 0.000206655
84220.000 0.000500804 7.0841e-05 0.000405342 7.00222e-05
84240.000 0.000527805 -1.26189e-05 0.000432354 -1.042e-05
84260.000 0.00052966 -7.96363e-05 0.000390378 -7.02447e-05
84280.000 0.000464758 -0.000185047 0.000372022 -0.000151598
84300.000 0.000499132 -0.000137168 0.000384036 -0.000121019
% Warning: sampling overrun detected
84320.000 0.000472014 -0.000184194 0.000364437 -0.000151303
84340.000 0.000512816 -0.000114761 0.00038261 -6.67643e-05
84360.000 0.000520318 6.83602e-06 0.000411611 8.26929e-06
84380.000 0.000493243 7.18983e-05 0.000393527 4.82939e-05
84400.000 0.000473866 0.000155398 0.000383355 0.000134781
84420.000 0.000503816 -4.37337e-05 0.000412613 -2.25665e-05
84440.000 0.000511095 -2.79945e-05 0.000403609 -2.18264e-05
84460.000 0.000524744 -0.000101768 0.000408037 -8.62741e-05
84480.000 0.000460898 -0.0002024 0.000349742 -0.000165177
84500.000 0.000308482 -0.000387469 0.000232886 -0.000310213
84520.000 0.000239604 -0.000429847 0.000223108 -0.000317886
84540.000 0.000116563 -0.000536821 8.34425e-05 -0.000375832
84560.000 0.000176572 -0.000490215 0.000144585 -0.000380836
84580.000 0.000346181 -0.000398749 0.000245752 -0.000303977
84600.000 0.000216177 -0.000462029 0.000176703 -0.000391916
% Warning: sampling overrun detected
84620.000 0.000185362 -0.000489207 0.000170696 -0.000376104
% Warning: sampling overrun detected
84640.000 0.000393197 -0.0003572 0.000267196 -0.000241869
84660.000 0.000489369 -0.000180783 0.000394337 -0.000115237
84680.000 0.000506427 -0.000124395 0.000398005 -9.53755e-05
84700.000 0.000488502 -0.000124683 0.000390972 -0.000116968
84720.000 0.000496833 -4.38129e-05 0.000410762 -5.32215e-06
84740.000 0.000514842 0.000109627 0.000402873 5.85543e-05
84760.000 0.000477992 0.00018951 0.000395634 0.000144169
84780.000 0.000505583 0.000177196 0.000394499 0.000114793
84800.000 0.000326921 0.000412584 0.000229401 0.000335673
84820.000 0.000191376 0.00047763 0.00017754 0.000364009
84840.000 5.88241e-05 0.000518693 2.11667e-05 0.000401364
84860.000 3.7341e-05 0.000528417 2.58015e-05 0.000428786
84880.000 -5.05793e-05 0.000520452 -1.20461e-05 0.000372967
84900.000 -0.000238847 0.000459161 -0.000178645 0.000347836
84920.000 -0.00022031 0.000482579 -0.000184698 0.000355792
84940.000 -0.000132814 0.000534125 -0.000103789 0.000379644
84960.000 -0.000219048 0.000483914 -0.00017361 0.000367222
84980.000 -0.00032287 0.000455478 -0.000254881 0.000336222
85000.000 -0.000359109 0.000389847 -0.000291396 0.000289212
85020.000 -0.000253348 0.000475886 -0.000202017 0.000341225
85040.000 -0.000373612 0.000383003 -0.000275094 0.000278892
85060.000 -0.000409228 0.000344014 -0.000306093 0.000242019
85080.000 -0.000302452 0.000435808 -0.000231483 0.000312721
85100.000 -0.000250341 0.000493128 -0.000142346 0.000357871
85120.000 -0.000129658 0.000524701 -7.84204e-05 0.000405978
85140.000 -0.000238519 0.000494141 -0.000201199 0.000351585
85160.000 -0.000106958 0.000533871 -7.11116e-05 0.000384448
85180.000 -7.24315e-05 0.000542381 -1.27508e-05 0.000412327
85200.000 4.48889e-05 0.00057046 2.93001e-05 0.000398179
85220.000 -4.59004e-05 0.000543862 -3.62364e-06 0.000391437
85240.000 -0.000292695 0.000475398 -0.000220117 0.000362386
85260.000 -0.00033511 0.000444117 -0.000238709 0.000320956
85280.000 -0.00036695 0.000394188 -0.000269675 0.0003198
85300.000 -0.000359371 0.000397217 -0.000269738 0.000317146
85320.000 -4.33101e-05 0.000540651 -2.50291e-05 0.00039522
85340.000 7.65924e-05 0.000533044 8.45481e-05 0.000424918
85360.000 0.000151753 0.000547123 8.22621e-05 0.000408441
85380.000 0.000165401 0.000524515 0.000145636 0.000380475
85400.000 0.000221006 0.000499449 0.000181857 0.000393252
85420.000 0.000375209 0.000387487 0.000258564 0.000312725
85440.000 0.000493533 0.000218121 0.000368578 0.000171169
85460.000 0.000474463 0.000240688 0.000374131 0.000185979
85480.000 0.000287606 0.000441127 0.000215711 0.00032792
85500.000 0.000101173 0.000533845 7.27732e-05 0.000402333
85520.000 -1.87226e-06 0.000536417 8.45566e-06 0.000387333
85540.000 -3.74509e-05 0.000570182 -8.87036e-06 0.000420836
85560.000 -2.31009e-05 0.000560442 -2.63747e-05 0.000432106
85580.000 1.24928e-05 0.000568676 3.64631e-06 0.000440124
85600.000 -3.09581e-05 0.000535311 -2.20487e-05 0.000435438
85620.000 5.70974e-05 0.000530228 6.10772e-05 0.000406916
85640.000 0.000225543 0.000519219 0.000171131 0.0003874
85660.000 0.000334879 0.000439096 0.000258489 0.000325747
85680.000 0.000269297 0.000476999 0.000236824 0.000372921
85700.000 0.00036111 0.000385244 0.000260216 0.000319231
85720.000 0.00049049 0.000178456 0.000380239 0.000133929
85740.000 0.000515197 -0.00012654 0.00040452 -9.75131e-05
85760.000 0.000479864 -0.00019171 0.000359873 -0.000152489
85780.000 0.000539735 6.34606e-05 0.000410393 5.14465e-05
85800.000 0.000496412 0.000213075 0.000364746 0.000179383
85820.000 0.000338815 0.00039972 0.000283893 0.000307007
85840.000 0.000318093 0.000440341 0.000236555 0.000356994
85860.000 0.000325201 0.000423567 0.000267914 0.000311176
85880.000 0.000448288 0.000320931 0.000327692 0.000276322
85900.000 0.000414831 0.000341573 0.000306285 0.000254286
85920.000 0.000304785 0.000451846 0.000239642 0.000337116
85940.000 0.000249367 0.000474508 0.000177978 0.000384605
85960.000 0.000315948 0.000429163 0.000232657 0.000337012
85980.000 0.000454098 0.000306365 0.000333467 0.000232697
86000.000 0.000491613 0.000145941 0.000373755 0.000128865
86020.000 0.000537741 7.14512e-05 0.000397652 5.54584e-05
86040.000 0.000526621 0.000133576 0.000398364 9.21558e-05
86060.000 0.000511668 0.000172861 0.000391089 0.000118174
86080.000 0.000527746 7.71079e-05 0.000427554 5.74089e-05
86100.000 0.000515162 9.49286e-05 0.00040786 6.15858e-05
86120.000 0.000433123 0.000294701 0.00032332 0.000221652
86140.000 0.000349847 0.0004172 0.000253269 0.000326175
86160.000 0.000361553 0.000392562 0.000279774 0.000278634
86180.000 0.000382907 0.000391127 0.00027451 0.000295684
86200.000 0.000134378 0.000514335 9.68358e-05 0.000391973
86220.000 0.000178754 0.000503845 0.00012661 0.000403541
86240.000 0.000234929 0.000482685 0.000176615 0.000387078
86260.000 0.000180195 0.000503058 0.000167902 0.000383473
86280.000 6.8396e-06 0.000539365 9.08028e-06 0.000419576
86300.000 -8.8423e-05 0.000532174 -7.08284e-05 0.000407674
86320.000 -3.77888e-05 0.000546402 4.43879e-06 0.000425558
86340.000 -5.69316e-05 0.000527101 -3.55427e-05 0.000412208
86360.000 -0.000166057 0.000535621 -9.71733e-05 0.000404476
86380.000 -0.000222478 0.000507075 -0.000162768 0.000389802
