% UltraMSK: version 1.0 beta 16
% Site: localhost.localdomain
% Date: 2015-01-22
% Frequency: 22100.000000 Hz
% Baud Rate: 200 Hz
% VLF Channel: 3
% PPS Channel: 4
% Jack Server: default
% Output Format: Cartesian
% End
68560.000 0.00513843 0.00227761 0.00533853 0.00234827
68580.000 0.00462871 0.0036186 0.00474378 0.00367692
68600.000 0.00462818 0.00373367 0.0046964 0.00378718
68620.000 0.00437544 0.00400633 0.00448702 0.00402739
68640.000 0.00433582 0.004157 0.00437737 0.00425162
68660.000 0.00424289 0.00414654 0.00440444 0.00421411
68680.000 0.00429604 0.0041114 0.00440566 0.00417225
68700.000 0.00451103 0.0039521 0.00462931 0.00400052
68720.000 0.00446355 0.00391423 0.00459814 0.00397408
68740.000 0.00469433 0.00372922 0.00479823 0.0037896
68760.000 0.00467156 0.00368527 0.0047785 0.00371948
68780.000 0.00473769 0.00358678 0.00486705 0.00360508
68800.000 0.00476516 0.00351012 0.0048859 0.00352413
68820.000 0.00477211 0.00348361 0.00490151 0.00348871
68840.000 0.00478904 0.00342073 0.00495818 0.00344442
68860.000 0.00491502 0.00322622 0.00502162 0.00326211
68880.000 0.00501025 0.00308071 0.00510848 0.00311198
68900.000 0.00496429 0.00306507 0.00510135 0.00308922
68920.000 0.00497187 0.00313778 0.00506604 0.00311131
68940.000 0.00497284 0.00309926 0.00509131 0.00312012
68960.000 0.00506059 0.00302415 0.00513665 0.00307393
68980.000 0.00495616 0.0030391 0.00506735 0.00307836
69000.000 0.00486655 0.00306957 0.0050042 0.00303959
69020.000 0.00488696 0.00299812 0.00509118 0.00301278
69040.000 0.00496945 0.00292866 0.00508446 0.00296082
69060.000 0.00497615 0.00287298 0.00508989 0.00285736
69080.000 0.00492014 0.00285839 0.00506407 0.00287571
69100.000 0.00494897 0.00274607 0.00512012 0.0027204
69120.000 0.00509897 0.00253082 0.00517012 0.00258335
69140.000 0.00500224 0.00262201 0.00512043 0.00263739
69160.000 0.00497263 0.00267431 0.00513142 0.00271809
69180.000 0.00497443 0.00262415 0.0051209 0.00266774
69200.000 0.00499429 0.0025923 0.00510045 0.00263834
% Warning: sampling overrun detected
69220.000 0.00506484 0.00252498 0.00515659 0.00252918
69240.000 0.00505797 0.00253991 0.00518562 0.00252354
69260.000 0.00502351 0.00266363 0.00504703 0.00266032
69280.000 0.0049832 0.00258719 0.00531716 0.00251824
69300.000 0.00514561 0.0024805 0.00522527 0.00244808
69320.000 0.00510655 0.00244136 0.00529717 0.00249463
69340.000 0.00508279 0.00254094 0.00518383 0.00257308
69360.000 0.00512131 0.00253913 0.00519823 0.00258967
69380.000 0.00518446 0.00250966 0.00529519 0.00248695
69400.000 0.00512365 0.00249954 0.00526152 0.00251877
69420.000 0.00517644 0.00244245 0.00528836 0.00248018
69440.000 0.00521511 0.00240751 0.00529819 0.00236786
69460.000 0.00519705 0.0022633 0.00534909 0.00235188
69480.000 0.00524007 0.0022741 0.00537397 0.0022583
69500.000 0.00524945 0.00230445 0.00536369 0.00233179
69520.000 0.00519219 0.00231807 0.00531262 0.00227656
69540.000 0.00520748 0.00211942 0.00533685 0.00212206
69560.000 0.00514513 0.00228481 0.00527379 0.0022862
69580.000 0.00519515 0.00229011 0.00525621 0.0022955
69600.000 0.00512838 0.0022498 0.0052893 0.00227694
69620.000 0.00515056 0.00221401 0.00521862 0.002236
69640.000 0.00511962 0.00214682 0.00536938 0.00213284
69660.000 0.00522744 0.00214439 0.0053231 0.00211572
69680.000 0.00523056 0.00221522 0.00525373 0.00232767
69700.000 0.00514721 0.00230395 0.00541664 0.00219946
69720.000 0.0052539 0.00221624 0.00532253 0.00226095
69740.000 0.00522342 0.00226498 0.00530342 0.002265
69760.000 0.00530945 0.00216799 0.00542475 0.00215644
69780.000 0.00525412 0.00227862 0.00536554 0.00225888
69800.000 0.00530864 0.00217018 0.00540043 0.00218988
69820.000 0.0052449 0.00227053 0.00541396 0.00223203
69840.000 0.00532699 0.00222429 0.0054052 0.00216826
69860.000 0.0053332 0.002186 0.00540255 0.00220347
69880.000 0.00523814 0.00216723 0.0054716 0.00212088
69900.000 0.00538647 0.00209161 0.00536271 0.00216229
69920.000 0.00532966 0.0020679 0.00537388 0.00199463
69940.000 0.00533666 0.00207071 0.00532837 0.00202778
69960.000 0.00526664 0.00205167 0.00542081 0.00197614
69980.000 0.00523128 0.00207101 0.0054586 0.00206744
70000.000 0.00526078 0.00201949 0.00546118 0.00203633
70020.000 0.00524314 0.00203121 0.00551548 0.00202065
70040.000 0.00526399 0.00204915 0.00538361 0.00206838
70060.000 0.00523192 0.00209789 0.00540771 0.00212137
70080.000 0.00528898 0.00202582 0.00540557 0.0020089
70100.000 0.0053476 0.0019832 0.00544256 0.00197705
70120.000 0.00527182 0.00198692 0.00544495 0.00201475
70140.000 0.00536696 0.00183345 0.00548496 0.00187629
70160.000 0.00534107 0.00192897 0.00548582 0.00194929
70180.000 0.00535206 0.0019874 0.00550229 0.00196842
70200.000 0.00543469 0.00191802 0.00552189 0.00193443
70220.000 0.00537545 0.00195074 0.00548997 0.00197377
70240.000 0.00539482 0.00193894 0.00548287 0.00197136
70260.000 0.00535753 0.00206309 0.00543716 0.0020554
70280.000 0.00531018 0.0020553 0.00548697 0.00203871
70300.000 0.00535993 0.00199979 0.00546368 0.00202488
70320.000 0.00539373 0.00196675 0.00547383 0.00199012
70340.000 0.00533252 0.00193859 0.00550433 0.00186873
70360.000 0.00532003 0.00198845 0.00535708 0.00195804
70380.000 0.00526094 0.0019956 0.00541272 0.00194992
70400.000 0.00521019 0.0019404 0.00542149 0.00193937
70420.000 0.00523753 0.0019438 0.00535768 0.00193062
70440.000 0.0052278 0.00195273 0.00535199 0.00194085
70460.000 0.00526801 0.00191428 0.00538228 0.00192323
70480.000 0.0053044 0.00187616 0.00542145 0.00187965
70500.000 0.00529404 0.00188194 0.00541967 0.00186954
70520.000 0.00522673 0.00189954 0.00544538 0.00186896
70540.000 0.00529072 0.0018719 0.00539073 0.00184623
70560.000 0.00528721 0.0018168 0.00543527 0.00179349
70580.000 0.00534224 0.00177618 0.00540122 0.00182087
70600.000 0.00526235 0.00177303 0.00539636 0.00174737
70620.000 0.00525462 0.00186251 0.00532342 0.00185957
70640.000 0.00512165 0.00194163 0.00528586 0.00195851
70660.000 0.00515328 0.00178971 0.0053108 0.00182828
70680.000 0.00510225 0.00189761 0.00528337 0.00186929
70700.000 0.00522577 0.00182562 0.00529537 0.00183404
70720.000 0.00514325 0.00187063 0.00528611 0.0018495
70740.000 0.00504311 0.00184724 0.00525503 0.00181532
70760.000 0.00509011 0.00177 0.00522699 0.00176317
70780.000 0.00516311 0.00177027 0.00528536 0.00178412
70800.000 0.00505801 0.0018843 0.0052533 0.00185632
70820.000 0.00510843 0.00178817 0.0052347 0.00184941
70840.000 0.00510308 0.00180062 0.00526584 0.00173788
70860.000 0.00510535 0.00173893 0.00531042 0.00177705
70880.000 0.00518022 0.00171393 0.00523153 0.00161982
70900.000 0.00510063 0.00173621 0.00537546 0.00168226
70920.000 0.00517277 0.00166018 0.00532104 0.00169648
70940.000 0.00516176 0.00165161 0.00530647 0.00159202
70960.000 0.00516751 0.00166015 0.00534329 0.00165004
% Warning: sampling overrun detected
70980.000 0.00520176 0.00161797 0.00525507 0.00158434
71000.000 0.0051417 0.00165627 0.00529092 0.00168352
71020.000 0.00513134 0.00164807 0.00525389 0.00161551
71040.000 0.00504889 0.00161982 0.00522327 0.00158243
71060.000 0.00512812 0.00158779 0.0052174 0.0015666
71080.000 0.00504809 0.00167954 0.00522501 0.0016957
71100.000 0.00511203 0.00150691 0.00526863 0.00147607
71120.000 0.00506401 0.00159775 0.00517933 0.00157857
71140.000 0.00499144 0.00159256 0.00515191 0.00158915
71160.000 0.00499333 0.0015804 0.00514568 0.00156331
71180.000 0.00501608 0.00160142 0.00519329 0.00158967
71200.000 0.00501291 0.00160492 0.00512941 0.00157335
71220.000 0.00494623 0.00162041 0.00509201 0.0016376
71240.000 0.00500939 0.0016313 0.00508498 0.00162649
71260.000 0.0048843 0.00162687 0.00511574 0.00158209
71280.000 0.00495286 0.00161517 0.00508613 0.00163531
71300.000 0.00500817 0.00154934 0.00513609 0.00155279
71320.000 0.00500239 0.00161026 0.00515321 0.00156478
71340.000 0.00497812 0.00159487 0.00505212 0.00160341
71360.000 0.0048661 0.00169401 0.00503601 0.00169909
71380.000 0.00493908 0.00161353 0.00510034 0.00158354
71400.000 0.0050193 0.00157074 0.00511089 0.00158172
71420.000 0.00491926 0.00167354 0.00510903 0.00168992
71440.000 0.00499306 0.00157043 0.00501918 0.00153852
71460.000 0.00496574 0.00157772 0.00500726 0.00156369
71480.000 0.00489383 0.00158281 0.00505319 0.00161008
71500.000 0.00482027 0.00161899 0.00510191 0.00157492
71520.000 0.00490234 0.00148452 0.00508952 0.00142659
71540.000 0.00492436 0.00151113 0.0049988 0.00143386
71560.000 0.00489773 0.00150923 0.00499097 0.00146045
% Warning: sampling overrun detected
71580.000 0.00488166 0.0016167 0.00502161 0.00153646
71600.000 0.00481399 0.00157616 0.0050523 0.00155324
71620.000 0.00496115 0.00160973 0.00502439 0.00170122
71640.000 0.00492048 0.00168169 0.00501648 0.00163559
71660.000 0.00487344 0.00169564 0.00499491 0.0017351
71680.000 0.00482927 0.0017467 0.0049576 0.00167027
71700.000 0.00480859 0.00170852 0.00499722 0.00169338
71720.000 0.00475316 0.00179209 0.00498616 0.00173386
71740.000 0.00471885 0.00175454 0.00495067 0.00173377
71760.000 0.00484696 0.00159761 0.00487814 0.00172422
71780.000 0.00477792 0.00170347 0.00482954 0.00170914
71800.000 0.00475274 0.00165089 0.00497455 0.00163306
71820.000 0.00475377 0.00171331 0.00487541 0.00170983
71840.000 0.00473212 0.00174862 0.00485738 0.00177168
71860.000 0.00476898 0.00176681 0.00484934 0.00174081
71880.000 0.00473699 0.00174563 0.0048378 0.00173409
71900.000 0.00474024 0.00179008 0.00483365 0.0018212
71920.000 0.00460591 0.00185165 0.0048186 0.00181255
71940.000 0.00474316 0.00175758 0.00481305 0.00180009
71960.000 0.00474643 0.00175894 0.00481276 0.00180308
71980.000 0.00466499 0.0017694 0.00480551 0.00173416
72000.000 0.00468023 0.00171388 0.00478429 0.00173146
72020.000 0.00465267 0.00176961 0.00473521 0.00172878
72040.000 0.00460561 0.00175821 0.00474696 0.00177143
72060.000 0.00469174 0.00172951 0.0047014 0.00176049
72080.000 0.00458851 0.00176295 0.00469321 0.00175695
72100.000 0.00459622 0.00176538 0.00464775 0.00183072
72120.000 0.00450103 0.00180233 0.00468146 0.00180179
72140.000 0.00465856 0.0017671 0.00461173 0.00184469
72160.000 0.00454825 0.00174352 0.00462664 0.00170199
72180.000 0.00457884 0.00183725 0.00461301 0.0017405
72200.000 0.00457025 0.00163576 0.00461555 0.00168759
72220.000 0.00453466 0.00173965 0.00465506 0.00178366
72240.000 0.00450886 0.00165942 0.00472396 0.00162877
72260.000 0.00457319 0.00170679 0.00469108 0.0016495
72280.000 0.0046204 0.00162971 0.00476929 0.00163388
72300.000 0.00457567 0.00168377 0.00470928 0.00168535
72320.000 0.00451209 0.00174943 0.00463276 0.0017472
72340.000 0.00449043 0.0017592 0.0046176 0.00177172
72360.000 0.00452524 0.00175877 0.00461874 0.00175504
72380.000 0.00446757 0.00177493 0.00461198 0.0017826
72400.000 0.00447335 0.00173335 0.00461469 0.00167265
72420.000 0.00453117 0.00164501 0.0046029 0.00168878
72440.000 0.00446059 0.00162604 0.00469184 0.00158706
72460.000 0.00445447 0.001637 0.00462944 0.00163948
72480.000 0.00437971 0.00164248 0.0046027 0.00162057
72500.000 0.00444312 0.00157314 0.00456954 0.00150514
72520.000 0.00438172 0.0015999 0.00450809 0.00160206
72540.000 0.00445043 0.00153821 0.00450011 0.00153656
72560.000 0.00446153 0.00154848 0.00446833 0.00166778
72580.000 0.00441377 0.00154098 0.00443032 0.00157646
72600.000 0.00439016 0.00151603 0.00452411 0.00149312
72620.000 0.00437567 0.00149647 0.00447757 0.00150113
72640.000 0.00438093 0.0015576 0.00441132 0.00157985
72660.000 0.00430666 0.0015893 0.00442811 0.00158987
72680.000 0.00435916 0.00155407 0.00440938 0.00157261
72700.000 0.00435319 0.00156049 0.00447562 0.00156188
72720.000 0.00437383 0.00138391 0.00449222 0.00139097
72740.000 0.00430473 0.00155447 0.00443651 0.00155045
72760.000 0.00428114 0.00151843 0.00438478 0.00151545
% Warning: sampling overrun detected
72780.000 0.00428771 0.00141202 0.00453162 0.00141409
72800.000 0.00430839 0.00156793 0.00437408 0.00157295
72820.000 0.00427562 0.00150742 0.00446805 0.00146912
72840.000 0.00436481 0.00146023 0.00441106 0.00146829
72860.000 0.00428707 0.00152845 0.00444488 0.00150918
72880.000 0.00432204 0.001547 0.00440766 0.00154372
72900.000 0.00432496 0.00150034 0.00443255 0.0014569
72920.000 0.00427045 0.00150224 0.00442682 0.0014595
72940.000 0.00436091 0.00149985 0.00441944 0.00149246
72960.000 0.00436335 0.00136938 0.00447155 0.00137815
72980.000 0.00435502 0.00144808 0.00441625 0.00142046
73000.000 0.00432759 0.00149417 0.00440073 0.00154031
73020.000 0.00428621 0.00149517 0.00440525 0.00148878
73040.000 0.0043318 0.00149626 0.0043839 0.00151022
73060.000 0.00433791 0.00148781 0.00438912 0.00148642
73080.000 0.00430112 0.00153511 0.00445218 0.00152176
73100.000 0.00431116 0.0015293 0.00443877 0.0015623
73120.000 0.00440189 0.0014513 0.00438119 0.00153492
73140.000 0.00426927 0.00156262 0.00435378 0.00156908
73160.000 0.00424563 0.0016064 0.00440959 0.00160284
73180.000 0.00433154 0.00148268 0.00442022 0.00147793
73200.000 0.00421732 0.0015853 0.00431997 0.00157617
73220.000 0.00429451 0.00159234 0.00436454 0.00162632
73240.000 0.00432432 0.00158221 0.00437033 0.00159559
73260.000 0.0043186 0.00155631 0.00448864 0.00150883
73280.000 0.00435653 0.0015196 0.00446446 0.00151051
73300.000 0.0043116 0.00159075 0.00445972 0.00160066
73320.000 0.00429224 0.00164611 0.00436578 0.00169119
73340.000 0.00431175 0.00158849 0.00442869 0.00159113
73360.000 0.00431771 0.00155384 0.00442089 0.00155712
73380.000 0.00428016 0.00163387 0.00438499 0.00162607
73400.000 0.00427929 0.00156327 0.00441602 0.00152495
73420.000 0.00426423 0.00163005 0.00437892 0.00167333
73440.000 0.00427169 0.00153256 0.00438263 0.0014803
73460.000 0.0041978 0.00162579 0.00431809 0.00164015
73480.000 0.00423837 0.00162962 0.00432557 0.00163059
73500.000 0.00421464 0.00160513 0.00432962 0.00159387
73520.000 0.00420488 0.00159124 0.00429052 0.00154789
73540.000 0.00422485 0.00158305 0.00430889 0.00159041
73560.000 0.00423494 0.00157626 0.00433402 0.00161648
73580.000 0.00415957 0.00158593 0.00432082 0.00159045
73600.000 0.00425329 0.00154862 0.00432447 0.0015928
73620.000 0.00417538 0.00159527 0.00430877 0.00159564
73640.000 0.0041972 0.00160722 0.00427288 0.00166217
73660.000 0.00417112 0.001651 0.00424499 0.00168607
73680.000 0.00410039 0.00168792 0.00420895 0.00166065
73700.000 0.0041228 0.00173477 0.00420451 0.00180213
73720.000 0.00419185 0.00168439 0.00421993 0.00175963
73740.000 0.00407532 0.00173992 0.00423922 0.00171437
73760.000 0.00414909 0.00160604 0.00415579 0.00163297
73780.000 0.00403708 0.00171728 0.00423049 0.00170887
73800.000 0.00416254 0.00164956 0.0042045 0.00171456
73820.000 0.00409851 0.00168054 0.00422029 0.00167772
73840.000 0.00410427 0.00160277 0.00426325 0.00157331
73860.000 0.00414511 0.00160521 0.00411907 0.00166976
73880.000 0.00399576 0.00164693 0.00422474 0.00161361
73900.000 0.00412129 0.00155773 0.00415168 0.00160728
73920.000 0.00404492 0.00155185 0.00423465 0.00152239
73940.000 0.00406831 0.00167847 0.00410982 0.00169105
73960.000 0.0040322 0.0016115 0.00420795 0.00156432
73980.000 0.00405781 0.0015811 0.00427175 0.00154233
74000.000 0.00412697 0.00157668 0.00418113 0.00160421
74020.000 0.00409748 0.00159246 0.00416437 0.00156469
74040.000 0.00411235 0.00155867 0.0041953 0.00150196
74060.000 0.00404992 0.00162953 0.00420917 0.00167668
74080.000 0.00401482 0.00162355 0.004159 0.00155325
74100.000 0.00409268 0.00155161 0.00415381 0.0015659
74120.000 0.00404474 0.00159956 0.00422448 0.00156367
74140.000 0.00419669 0.0015149 0.00421406 0.00148226
74160.000 0.00412397 0.0015339 0.00433998 0.00152202
74180.000 0.00409396 0.00161427 0.00417757 0.00161333
74200.000 0.00415696 0.00151903 0.00419866 0.00147496
74220.000 0.00411582 0.00147102 0.0042852 0.00148718
74240.000 0.00413512 0.00154325 0.00412095 0.00164335
74260.000 0.00408616 0.00158935 0.00414204 0.00168062
74280.000 0.00408605 0.00164777 0.00423833 0.00165395
74300.000 0.00404782 0.00152365 0.00429739 0.00149487
74320.000 0.00405633 0.00155295 0.00410269 0.00156404
74340.000 0.00399004 0.00164697 0.00406272 0.00170001
74360.000 0.00405136 0.00149589 0.00405441 0.00161247
74380.000 0.00398794 0.00157245 0.00399175 0.00163447
74400.000 0.00405964 0.00146833 0.00404716 0.00152984
74420.000 0.00403253 0.00140548 0.00403864 0.00140911
74440.000 0.00411929 0.000438291 0.00426506 0.000442874
74460.000 0.00411876 0.000660449 0.00424725 0.000776014
74480.000 0.00394593 0.00144625 0.00408886 0.00147625
74500.000 0.00398039 0.00137565 0.00412303 0.00137717
74520.000 0.00403331 0.00115157 0.00414119 0.00116664
74540.000 0.00403964 0.00135902 0.00421316 0.00135188
74560.000 0.0040691 0.00127479 0.00426614 0.00121978
% Warning: sampling overrun detected
74580.000 0.00406134 0.0013079 0.00422845 0.00132332
74600.000 0.00411191 0.00134566 0.00420896 0.00135815
74620.000 0.00416763 0.0012513 0.00428185 0.00126223
74640.000 0.00414739 0.00127119 0.00426843 0.00128576
74660.000 0.00414204 0.00124528 0.00425886 0.00128125
74680.000 0.00415983 0.00117095 0.00427584 0.00117926
74700.000 0.00414063 0.00116026 0.00421743 0.00117892
74720.000 0.00407886 0.00126824 0.00420523 0.0012699
74740.000 0.00413424 0.00118714 0.00421564 0.00119049
74760.000 0.00408947 0.00123798 0.00424839 0.00122741
74780.000 0.00410729 0.00122617 0.0042124 0.00123602
74800.000 0.00410106 0.00112338 0.00423871 0.00117508
74820.000 0.00410219 0.00115124 0.00424161 0.00115039
74840.000 0.00406278 0.00128049 0.00416899 0.0012897
74860.000 0.00412869 0.00116815 0.00419241 0.00118913
74880.000 0.00411173 0.00129344 0.00423854 0.00126618
74900.000 0.00415927 0.000978589 0.0042729 0.00101187
74920.000 0.00413353 0.00113968 0.00420892 0.00116062
74940.000 0.00413164 0.00129051 0.00420731 0.00134697
74960.000 0.00409691 0.00121474 0.0041415 0.00125924
74980.000 0.00410575 0.00131856 0.00418229 0.00133612
75000.000 0.00417339 0.000895157 0.00428485 0.000904842
75020.000 0.00428458 -0.000115937 0.00435121 -0.000151898
75040.000 0.00425957 5.51652e-05 0.00434844 7.74633e-05
75060.000 0.00431073 -4.36564e-05 0.00434179 -0.000166534
75080.000 0.00424446 0.000466546 0.00427842 0.000468662
75100.000 0.00416448 0.000957759 0.00427556 0.000988759
75120.000 0.00417872 0.000950174 0.00427892 0.000977587
75140.000 0.00414632 0.00101617 0.00420557 0.00108966
75160.000 0.00409335 0.00102491 0.00422278 0.00111412
% Warning: sampling overrun detected
75180.000 0.00406539 0.00118483 0.00417536 0.0011902
75200.000 0.00405333 0.00113762 0.00418889 0.00119743
75220.000 0.00410976 0.00119158 0.00419902 0.00119738
% Warning: sampling overrun detected
75240.000 0.00408177 0.00108468 0.00418304 0.00112284
% Warning: sampling overrun detected
75260.000 0.00411874 0.0011016 0.00420851 0.00117803
% Warning: sampling overrun detected
75280.000 0.0041374 0.000855798 0.00423642 0.000928531
75300.000 0.00415043 0.000807562 0.00419183 0.000961687
75320.000 0.00415532 0.000737508 0.00424351 0.000843695
75340.000 0.00408639 0.00105541 0.00418334 0.00110658
% Warning: sampling overrun detected
75360.000 0.00417542 0.000855106 0.0042273 0.00100637
75380.000 0.00409924 0.000697425 0.00422075 0.000897381
75400.000 0.00417099 0.00066214 0.00419149 0.000819862
% Warning: sampling overrun detected
75420.000 0.00412446 0.000769805 0.0042138 0.000896912
% Warning: sampling overrun detected
75440.000 0.00415301 0.000780549 0.00420919 0.00097729
% Warning: sampling overrun detected
75460.000 0.00415663 0.000764321 0.00417744 0.000947655
% Warning: sampling overrun detected
75480.000 0.00411646 0.000712621 0.00417923 0.000901412
75500.000 0.00411768 0.000683376 0.00420986 0.000868477
75520.000 0.00414342 0.000701587 0.00420526 0.000896768
% Warning: sampling overrun detected
75540.000 0.00420178 0.000714645 0.00420073 0.000841348
% Warning: sampling overrun detected
75560.000 0.00414471 0.000652713 0.00423431 0.000868362
% Warning: sampling overrun detected
75580.000 0.00413675 0.000657515 0.00420735 0.000808299
% Warning: sampling overrun detected
75600.000 0.0040959 0.000686718 0.00419636 0.000919479
% Warning: sampling overrun detected
75620.000 0.0041717 0.000695372 0.00422066 0.00087062
% Warning: sampling overrun detected
75640.000 0.00417203 0.000669063 0.00424148 0.000832961
75660.000 0.00416936 0.000598648 0.00422639 0.000801424
75680.000 0.00415284 0.000611952 0.00420318 0.000787985
75700.000 0.00412165 0.00062554 0.00419896 0.000795663
75720.000 0.00416519 0.000644795 0.00423411 0.000810131
75740.000 0.00423227 0.000653914 0.00420346 0.000800925
75760.000 0.00413286 0.000597237 0.00427102 0.000785796
75780.000 0.00415112 0.000566293 0.00422785 0.000712507
75800.000 0.00416448 0.000566708 0.00422228 0.000697588
75820.000 0.00412145 0.000589345 0.00424775 0.0007154
75840.000 0.00413816 0.000597639 0.00422581 0.000737986
75860.000 0.00417247 0.000622492 0.0042126 0.000757529
75880.000 0.00413727 0.000569968 0.00417637 0.00070532
75900.000 0.00413098 0.000570562 0.00418796 0.000691155
75920.000 0.00408572 0.000562722 0.00418521 0.000658228
75940.000 0.00413011 0.000584092 0.00419477 0.000679405
75960.000 0.00409446 0.000527248 0.00423132 0.000702226
75980.000 0.00409916 0.000582388 0.00420595 0.000706499
76000.000 0.00412179 0.000584813 0.00419505 0.000704887
76020.000 0.0041344 0.000605946 0.00417541 0.000726501
76040.000 0.00412657 0.000624195 0.00417411 0.000711578
76060.000 0.00412077 0.000612914 0.00420014 0.000743648
76080.000 0.00415242 0.000617296 0.00423912 0.000703935
76100.000 0.00411871 0.000585591 0.00423589 0.000709976
76120.000 0.00413992 0.000656009 0.00424806 0.000736073
76140.000 0.00413978 0.000647796 0.00425062 0.000761069
76160.000 0.004168 0.00066663 0.00427236 0.000752066
76180.000 0.00418379 0.000691044 0.00424791 0.000784829
76200.000 0.00412595 0.000700976 0.00427081 0.000821048
76220.000 0.00413773 0.000751793 0.00422838 0.00083426
76240.000 0.00410769 0.000739777 0.00423887 0.000854098
76260.000 0.00415073 0.000756571 0.00423808 0.00085731
76280.000 0.00412017 0.000790339 0.00421173 0.000872232
76300.000 0.00410919 0.000793714 0.00418856 0.00085042
76320.000 0.00407335 0.000768345 0.00416752 0.000843082
76340.000 0.0041334 0.000771379 0.00419155 0.000826039
76360.000 0.00411629 0.000802861 0.00419803 0.000851318
% Warning: sampling overrun detected
76380.000 0.00412766 0.000763913 0.00423859 0.000795935
% Warning: sampling overrun detected
76400.000 0.00412519 0.000778822 0.00421117 0.000851716
% Warning: sampling overrun detected
76420.000 0.0040511 0.000797872 0.00421076 0.000890951
% Warning: sampling overrun detected
76440.000 0.00406873 0.000792568 0.00421016 0.000854913
% Warning: sampling overrun detected
76460.000 0.00401748 0.000778415 0.0041421 0.00086305
% Warning: sampling overrun detected
76480.000 0.00407328 0.000823808 0.0041384 0.000871973
% Warning: sampling overrun detected
76500.000 0.0040974 0.00085236 0.00414328 0.000891506
% Warning: sampling overrun detected
76520.000 0.00404348 0.000848515 0.00422399 0.000919147
% Warning: sampling overrun detected
76540.000 0.0041294 0.000824735 0.0041979 0.000876321
% Warning: sampling overrun detected
76560.000 0.00409704 0.000784895 0.0042203 0.000863959
% Warning: sampling overrun detected
76580.000 0.00412899 0.00082363 0.00422221 0.000892478
% Warning: sampling overrun detected
76600.000 0.00407695 0.00084092 0.00418122 0.000867733
% Warning: sampling overrun detected
76620.000 0.00409899 0.000839721 0.00411834 0.000838747
% Warning: sampling overrun detected
76640.000 0.00405459 0.000824981 0.00415363 0.0009199
76660.000 0.00406669 0.00079092 0.00413428 0.000853534
% Warning: sampling overrun detected
76680.000 0.00404092 0.000783114 0.00413997 0.000856457
% Warning: sampling overrun detected
76700.000 0.00399785 0.000791689 0.00416017 0.000834291
% Warning: sampling overrun detected
76720.000 0.00405954 0.000777712 0.00413214 0.00081447
% Warning: sampling overrun detected
76740.000 0.00409697 0.000809664 0.00415007 0.000852533
% Warning: sampling overrun detected
76760.000 0.00407564 0.000770127 0.00416084 0.000789028
% Warning: sampling overrun detected
76780.000 0.00400893 0.000775555 0.00418317 0.000836114
% Warning: sampling overrun detected
76800.000 0.00400029 0.000748058 0.0041347 0.000788946
% Warning: sampling overrun detected
76820.000 0.00403906 0.000711665 0.00418769 0.000766251
% Warning: sampling overrun detected
76840.000 0.00408252 0.000733391 0.00416196 0.000804617
% Warning: sampling overrun detected
76860.000 0.00405687 0.000757769 0.00419134 0.000797614
% Warning: sampling overrun detected
76880.000 0.00409156 0.000810634 0.00415387 0.000818007
% Warning: sampling overrun detected
76900.000 0.00408793 0.00081756 0.0041663 0.000840706
% Warning: sampling overrun detected
76920.000 0.00408382 0.000805769 0.00417192 0.000828995
% Warning: sampling overrun detected
76940.000 0.00412466 0.000838389 0.00418159 0.000875628
% Warning: sampling overrun detected
76960.000 0.00408607 0.000811503 0.00419924 0.000856144
% Warning: sampling overrun detected
76980.000 0.00409299 0.000809881 0.00415618 0.000859182
77000.000 0.00410031 0.000835918 0.00419992 0.0008371
77020.000 0.00415978 0.000841467 0.00421684 0.000914244
77040.000 0.00408424 0.000832777 0.00422137 0.000909158
77060.000 0.00410299 0.000854156 0.00419897 0.000874639
77080.000 0.00416486 0.00091081 0.00415605 0.000859173
77100.000 0.00404002 0.000859469 0.00425368 0.000922055
77120.000 0.00416147 0.000771162 0.00421913 0.00089007
77140.000 0.00417988 0.000941262 0.00421036 0.000991688
77160.000 0.00421653 0.000980219 0.00418934 0.000995914
77180.000 0.00415375 0.000969611 0.00430438 0.00103141
77200.000 0.00417141 0.000982885 0.00422407 0.00100517
77220.000 0.00420553 0.000909744 0.00418763 0.000980096
77240.000 0.00412587 0.000952886 0.00422775 0.000988449
77260.000 0.00409106 0.000957848 0.00425274 0.00103944
77280.000 0.00415412 0.000960331 0.00416453 0.00101559
77300.000 0.00414883 0.000976949 0.00417354 0.00104094
77320.000 0.00409629 0.00106904 0.00425923 0.0011168
77340.000 0.00410334 0.0010727 0.0042262 0.0010383
77360.000 0.00419919 0.00109574 0.0041448 0.00109469
77380.000 0.00418816 0.00101837 0.00414619 0.00103796
77400.000 0.00411777 0.00102436 0.00422603 0.0010826
77420.000 0.0041081 0.00102449 0.00422921 0.00108511
77440.000 0.00411953 0.00104508 0.00420042 0.00104773
77460.000 0.00413723 0.00101482 0.00422812 0.00105414
77480.000 0.0041256 0.000952915 0.00416608 0.000997939
77500.000 0.00407076 0.000899889 0.00419034 0.000970708
77520.000 0.00409188 0.000879245 0.00410539 0.000925556
77540.000 0.00404756 0.000928389 0.00413932 0.000944114
77560.000 0.00409788 0.000916694 0.00415438 0.000985774
77580.000 0.00407578 0.000907198 0.00421935 0.000962123
77600.000 0.00409858 0.000908873 0.00420606 0.000966665
77620.000 0.00405551 0.000925978 0.00425124 0.000940193
77640.000 0.00414589 0.00101154 0.00414411 0.000954085
77660.000 0.0040978 0.00101854 0.00420055 0.00101484
77680.000 0.00413876 0.000999141 0.00419725 0.00106042
77700.000 0.00410424 0.000983429 0.00421111 0.000952051
77720.000 0.00407894 0.000955975 0.00428541 0.00101631
77740.000 0.00407524 0.000959218 0.00428119 0.00102651
77760.000 0.00409844 0.000963972 0.00427658 0.00102339
77780.000 0.00403494 0.000992828 0.00423169 0.00103972
77800.000 0.00409953 0.000994624 0.00421232 0.00101026
77820.000 0.0041351 0.00100913 0.00422794 0.00103214
77840.000 0.00414546 0.00101088 0.00421739 0.00102106
77860.000 0.00417439 0.000974502 0.00425277 0.00102579
77880.000 0.00416494 0.000973987 0.00424084 0.00100773
77900.000 0.00412087 0.000986803 0.00421306 0.00101786
77920.000 0.00413524 0.00102425 0.00418261 0.00101678
77940.000 0.00407329 0.000992047 0.00422925 0.00104664
77960.000 0.00409869 0.00100555 0.00421421 0.00102507
77980.000 0.00410887 0.000981985 0.00420916 0.0010241
78000.000 0.00414712 0.00102131 0.00419446 0.00103362
78020.000 0.00411115 0.000998217 0.00426301 0.00105583
78040.000 0.00412469 0.000998277 0.00416987 0.0010549
78060.000 0.00408433 0.000978457 0.00417689 0.00103692
78080.000 0.00408072 0.00100208 0.00416882 0.0010155
78100.000 0.00405722 0.000994325 0.00416602 0.00101614
78120.000 0.00406219 0.000965085 0.00416037 0.000997062
78140.000 0.00401193 0.000952991 0.00414234 0.00103257
78160.000 0.004038 0.000992147 0.00407404 0.00101228
78180.000 0.00399421 0.00100691 0.00412842 0.00106298
78200.000 0.00399147 0.0010206 0.00411574 0.00106252
78220.000 0.00404604 0.00105401 0.00406426 0.000996932
78240.000 0.00400161 0.000981666 0.00412323 0.00110551
78260.000 0.00397897 0.0010574 0.0040743 0.0010332
78280.000 0.0039699 0.00100886 0.00407765 0.0010815
78300.000 0.00392547 0.000994707 0.00407782 0.00101293
78320.000 0.00393981 0.00103492 0.00408359 0.00105441
78340.000 0.00399875 0.00103054 0.00408717 0.00106212
78360.000 0.00406692 0.0010495 0.00407587 0.00104876
78380.000 0.00401661 0.00100673 0.00416039 0.00109086
78400.000 0.00409929 0.000924742 0.00414543 0.0010227
78420.000 0.00405402 0.00095814 0.00418198 0.000946555
78440.000 0.00411606 0.000903285 0.00410356 0.000927565
78460.000 0.00409447 0.000939002 0.00416837 0.000962105
78480.000 0.00409843 0.00095138 0.00417528 0.000949375
78500.000 0.00410795 0.000914861 0.00417294 0.000949778
78520.000 0.0040897 0.000901128 0.00421777 0.000912411
78540.000 0.00409671 0.000868439 0.00421343 0.000925655
78560.000 0.00407463 0.000878757 0.00419544 0.00094573
78580.000 0.00409854 0.0008783 0.00413464 0.000907947
78600.000 0.00406234 0.000872197 0.00413985 0.000902455
78620.000 0.00407769 0.000869811 0.00419242 0.000902047
78640.000 0.00410054 0.000874276 0.00420308 0.000911558
78660.000 0.00406266 0.000868076 0.00422587 0.000919797
78680.000 0.00414172 0.000842795 0.00413827 0.000903105
78700.000 0.00406854 0.000808767 0.00422344 0.000870502
78720.000 0.00413219 0.000877343 0.00418146 0.000804189
78740.000 0.00414031 0.000808958 0.00421272 0.000881007
78760.000 0.00402155 0.000800861 0.00426137 0.000857559
% Warning: sampling overrun detected
78780.000 0.00410159 0.000691764 0.00421032 0.000781099
78800.000 0.00419184 0.000708004 0.00413926 0.000782667
78820.000 0.00409523 0.000815338 0.0042432 0.000785919
78840.000 0.00408255 0.000809777 0.00426276 0.000852721
78860.000 0.00415422 0.000708166 0.00421379 0.000812875
78880.000 0.00412424 0.00081669 0.00425821 0.000807681
78900.000 0.00414645 0.000777262 0.00424711 0.00080011
78920.000 0.00414006 0.000786412 0.00425344 0.000813404
78940.000 0.00412141 0.000719903 0.0042322 0.000768655
78960.000 0.00419339 0.000832752 0.00419729 0.000807006
78980.000 0.00421012 0.000840175 0.00421507 0.000832001
79000.000 0.00421907 0.000660818 0.00428301 0.000782463
79020.000 0.00411695 0.00074863 0.00431624 0.000813954
79040.000 0.00413113 0.000723085 0.00428481 0.000699047
79060.000 0.00413935 0.000767096 0.00421885 0.000721532
79080.000 0.00415065 0.000711002 0.00431256 0.000771342
79100.000 0.00420461 0.000708406 0.00431941 0.000755
79120.000 0.00425318 0.000715934 0.00434755 0.000729953
79140.000 0.00426377 0.000688949 0.00433695 0.000718972
79160.000 0.00428727 0.000646032 0.00436368 0.000699543
79180.000 0.00424041 0.000654743 0.00437771 0.000665762
79200.000 0.00426934 0.000663271 0.00428974 0.00064175
79220.000 0.00426855 0.000679547 0.0042928 0.000677554
79240.000 0.00428795 0.000656823 0.00429292 0.00066793
79260.000 0.00419618 0.000633719 0.00442288 0.000720336
79280.000 0.00429185 0.000671174 0.00431706 0.000638236
79300.000 0.00427436 0.000621259 0.00437889 0.000681846
79320.000 0.00429653 0.000655193 0.00440752 0.000691928
79340.000 0.00426287 0.000680171 0.00436958 0.000687834
79360.000 0.00430338 0.000680404 0.00432339 0.000728184
79380.000 0.00428484 0.000718766 0.00436495 0.000823637
79400.000 0.00421034 0.000708227 0.00438935 0.000761677
79420.000 0.00428321 0.000733356 0.00435736 0.000711516
79440.000 0.00428082 0.000708294 0.00439875 0.000745316
79460.000 0.00429407 0.000747557 0.00434818 0.000769898
79480.000 0.00432333 0.000759388 0.00434024 0.000746468
79500.000 0.00429041 0.000752031 0.00431609 0.00075879
79520.000 0.00417863 0.000735962 0.00431883 0.000754291
79540.000 0.00421676 0.000705345 0.00427337 0.00072789
79560.000 0.00421465 0.000681819 0.0042759 0.000697387
79580.000 0.00417069 0.000685419 0.00429012 0.000685671
79600.000 0.00415812 0.000631523 0.00429049 0.000681505
79620.000 0.00414079 0.000617334 0.0042526 0.000653718
79640.000 0.00411896 0.000640019 0.00421523 0.000624179
79660.000 0.00410709 0.000638438 0.0042016 0.000659884
79680.000 0.0040912 0.000644337 0.00415713 0.000640578
79700.000 0.00410409 0.000630477 0.0041602 0.000646189
79720.000 0.00409131 0.000631004 0.00420592 0.000655148
79740.000 0.0041113 0.000656304 0.00419203 0.00067587
79760.000 0.00411978 0.000658395 0.00424837 0.000704536
79780.000 0.00412895 0.000678944 0.00419284 0.000716654
79800.000 0.00410401 0.00068469 0.00419488 0.00068942
79820.000 0.00411539 0.000668517 0.0042084 0.000688252
79840.000 0.00407658 0.000680353 0.00418228 0.000717805
79860.000 0.0040429 0.000727379 0.00416282 0.000724105
79880.000 0.00398411 0.000712388 0.00411169 0.000748152
79900.000 0.00396207 0.000726495 0.00405295 0.000745042
79920.000 0.00391751 0.000716088 0.00409511 0.000768316
79940.000 0.00396774 0.000759205 0.00400822 0.000796227
79960.000 0.00389603 0.000782454 0.00403086 0.000762563
79980.000 0.00396024 0.000760635 0.00395955 0.000789661
80000.000 0.0038951 0.000744143 0.00401344 0.000805321
80020.000 0.0038759 0.000761941 0.00394464 0.000786964
80040.000 0.00389043 0.000741294 0.00395453 0.000760253
80060.000 0.00388064 0.000767247 0.0039584 0.000759956
80080.000 0.00387155 0.000755756 0.00398385 0.000749156
80100.000 0.00391598 0.000678207 0.00399631 0.000750676
80120.000 0.0039124 0.000735732 0.00402086 0.000734735
80140.000 0.00393069 0.000728452 0.00403863 0.000729515
80160.000 0.00395828 0.000701568 0.00401985 0.000754755
80180.000 0.0039513 0.000717463 0.00399553 0.000727732
80200.000 0.00391256 0.000673519 0.00400272 0.000687792
80220.000 0.00386203 0.000672896 0.00402091 0.000682308
80240.000 0.00387699 0.00068365 0.00396495 0.000682512
80260.000 0.00383737 0.000664503 0.00394823 0.000706613
80280.000 0.00374925 0.000678471 0.00397905 0.000667083
80300.000 0.00374779 0.000661717 0.0039267 0.000674814
80320.000 0.00381804 0.000673648 0.00387944 0.000716102
80340.000 0.00379393 0.000695769 0.00390139 0.000683704
80360.000 0.00376574 0.00067604 0.00391693 0.000727739
80380.000 0.00381877 0.00056684 0.00386347 0.00066371
80400.000 0.00382303 0.000681546 0.00384194 0.000696943
80420.000 0.00381614 0.000722683 0.00382657 0.000695137
80440.000 0.00376385 0.000696305 0.00385024 0.000717596
80460.000 0.00374365 0.000675731 0.0038534 0.00073642
80480.000 0.00379254 0.00072425 0.00380912 0.000667707
80500.000 0.00374087 0.000667573 0.00383306 0.000712897
80520.000 0.00375972 0.000694658 0.00377866 0.000676742
80540.000 0.00372048 0.000675084 0.00379938 0.000709565
80560.000 0.00369695 0.000667104 0.00381686 0.000701188
% Warning: sampling overrun detected
80580.000 0.00371203 0.000702495 0.00381718 0.000708579
80600.000 0.00371528 0.000771265 0.0038204 0.000728788
80620.000 0.00372643 0.000726579 0.00381872 0.000743129
% Warning: sampling overrun detected
80640.000 0.00376375 0.000722759 0.00383935 0.000692289
80660.000 0.00373545 0.000658163 0.00382555 0.000689714
80680.000 0.00375673 0.000656156 0.00381962 0.000691093
% Warning: sampling overrun detected
80700.000 0.00378607 0.000656513 0.00384724 0.000645219
80720.000 0.0038106 0.000624212 0.00387794 0.000655514
80740.000 0.00387331 0.000605995 0.00387919 0.000631008
% Warning: sampling overrun detected
80760.000 0.00380202 0.000592665 0.00388365 0.000655251
% Warning: sampling overrun detected
80780.000 0.00375341 0.000636234 0.00384965 0.000637214
% Warning: sampling overrun detected
80800.000 0.00377535 0.000637318 0.00384207 0.000655571
80820.000 0.00376771 0.000604528 0.00384902 0.000671385
80840.000 0.00379205 0.000604313 0.00387768 0.000618929
80860.000 0.00379887 0.000614767 0.00386966 0.000624095
% Warning: sampling overrun detected
80880.000 0.00378034 0.000612113 0.00386969 0.000589382
% Warning: sampling overrun detected
80900.000 0.00376754 0.000619212 0.00384492 0.000594555
% Warning: sampling overrun detected
80920.000 0.00377208 0.000599478 0.0038164 0.000627268
% Warning: sampling overrun detected
80940.000 0.0037423 0.00062739 0.00383515 0.000682722
80960.000 0.00371354 0.000596083 0.00379542 0.000614301
80980.000 0.00369999 0.000637488 0.00377545 0.000613531
% Warning: sampling overrun detected
81000.000 0.00365437 0.000578484 0.00372313 0.000608439
81020.000 0.00364938 0.000627475 0.00373693 0.000622965
81040.000 0.00366901 0.00060638 0.00378108 0.000637971
% Warning: sampling overrun detected
81060.000 0.00366579 0.000621439 0.00379593 0.000644391
81080.000 0.00370746 0.000605422 0.00376339 0.000627302
81100.000 0.00372152 0.000610224 0.00380952 0.000611891
% Warning: sampling overrun detected
81120.000 0.00376829 0.000613105 0.00378483 0.000657107
% Warning: sampling overrun detected
81140.000 0.00373056 0.000627447 0.00380967 0.000629869
% Warning: sampling overrun detected
81160.000 0.00373073 0.000599233 0.00385312 0.000646749
81180.000 0.00377582 0.000602682 0.00381097 0.000588101
81200.000 0.0037282 0.0005871 0.00382644 0.000609157
81220.000 0.00377074 0.00060054 0.00384608 0.000618218
81240.000 0.00374477 0.000614233 0.00384243 0.000634179
81260.000 0.00372303 0.000624717 0.00385054 0.000633104
81280.000 0.003778 0.000629829 0.00381918 0.000652505
81300.000 0.00378279 0.000623203 0.00384323 0.000626616
81320.000 0.00375971 0.000578704 0.00383034 0.000600776
81340.000 0.00376515 0.000580968 0.00381348 0.000614652
81360.000 0.00369863 0.00059152 0.00382518 0.000635216
81380.000 0.00372391 0.000615083 0.003715 0.000582751
81400.000 0.00365104 0.000560863 0.00377601 0.00057043
81420.000 0.00366577 0.000546415 0.0037316 0.000543617
81440.000 0.00364697 0.000504858 0.00374848 0.000547662
81460.000 0.00362844 0.000508961 0.00370109 0.000488541
81480.000 0.00359145 0.000462214 0.00372225 0.000476941
81500.000 0.00359806 0.000459276 0.00373268 0.000445257
81520.000 0.00363239 0.000432352 0.0037432 0.00050804
81540.000 0.003602 0.000428111 0.00375245 0.000486021
81560.000 0.00365208 0.000436014 0.00367449 0.000455455
81580.000 0.00357787 0.000437645 0.00373363 0.000426652
81600.000 0.00364833 0.00041493 0.00372465 0.000416426
81620.000 0.0036446 0.00037836 0.00371223 0.000419262
81640.000 0.00362055 0.000376956 0.00368246 0.000369946
81660.000 0.00354549 0.000350033 0.00364849 0.000380204
81680.000 0.00354541 0.00035218 0.00365931 0.000355154
81700.000 0.0035034 0.000322085 0.00368531 0.000304597
81720.000 0.00353838 0.000290136 0.00359611 0.000322932
81740.000 0.00351199 0.000295066 0.00362998 0.000308223
81760.000 0.00354171 0.000320589 0.0036102 0.000314977
% Warning: sampling overrun detected
81780.000 0.00358947 0.000296261 0.00362545 0.000337067
81800.000 0.00355232 0.000330445 0.00363009 0.000349088
81820.000 0.00353618 0.000363926 0.00361136 0.000339058
81840.000 0.00355991 0.000322085 0.00363484 0.000351482
81860.000 0.00352898 0.000325773 0.00362502 0.00032208
81880.000 0.00353591 0.000305302 0.00362643 0.000311072
81900.000 0.00351064 0.000328633 0.00361534 0.000326164
81920.000 0.00355752 0.000375921 0.00363142 0.000370679
81940.000 0.00352837 0.000362763 0.00363139 0.000404216
81960.000 0.00359378 0.000416496 0.00364168 0.000381784
81980.000 0.00356047 0.000384315 0.00365012 0.000403871
82000.000 0.00359707 0.000369737 0.00369468 0.000431148
82020.000 0.00359967 0.000382977 0.00367759 0.000389241
82040.000 0.00362582 0.000361906 0.00369968 0.00037857
82060.000 0.0036 0.000370984 0.00368687 0.00037701
82080.000 0.00359677 0.0003922 0.00369607 0.000423735
82100.000 0.00365533 0.000409263 0.00370765 0.000417072
82120.000 0.00364801 0.00040537 0.00373637 0.000445602
82140.000 0.00364176 0.00038166 0.0037269 0.000417373
82160.000 0.00368451 0.00040502 0.00372762 0.000414087
82180.000 0.00360096 0.000386321 0.0037279 0.000400363
82200.000 0.00361146 0.000382857 0.00366869 0.000431157
82220.000 0.00359128 0.000408428 0.00370254 0.000419989
82240.000 0.00361474 0.000402638 0.00366319 0.000413471
82260.000 0.00356601 0.000413827 0.00363594 0.000405386
82280.000 0.00354526 0.000457042 0.00364205 0.000458355
82300.000 0.00354455 0.000461646 0.00362057 0.00048477
82320.000 0.00352003 0.000419404 0.00359662 0.000457926
82340.000 0.00353071 0.000437977 0.00358363 0.000449921
82360.000 0.0035429 0.000410649 0.00357817 0.000408676
82380.000 0.00348904 0.000403727 0.00358824 0.000394955
82400.000 0.00343523 0.0003767 0.00358406 0.000368186
82420.000 0.00346948 0.000376351 0.00351158 0.000393936
82440.000 0.00347904 0.000357669 0.00351884 0.000376575
82460.000 0.00346671 0.000349301 0.00354534 0.000343156
82480.000 0.00346583 0.000364293 0.00354316 0.000354959
82500.000 0.00351758 0.000383458 0.00353114 0.000407489
82520.000 0.00351182 0.000425171 0.00363857 0.000414203
82540.000 0.00348352 0.000426682 0.00363682 0.000434045
82560.000 0.00357006 0.000434529 0.00358887 0.000468974
82580.000 0.00359162 0.000494262 0.0035859 0.000437561
82600.000 0.00353793 0.000443249 0.00370321 0.000446767
82620.000 0.00360927 0.000383097 0.00363712 0.000443975
82640.000 0.00358808 0.000401703 0.00371183 0.000429275
82660.000 0.00360444 0.000370091 0.00363844 0.000436709
82680.000 0.00357133 0.000343908 0.00365173 0.000362723
82700.000 0.00357221 0.000401822 0.00364949 0.000354401
82720.000 0.00354772 0.000329201 0.00364881 0.000369106
82740.000 0.00353659 0.000313935 0.00362621 0.000363304
82760.000 0.00355783 0.000336732 0.00368594 0.000397414
82780.000 0.0035363 0.000355727 0.00364817 0.000359207
82800.000 0.00357566 0.000340015 0.00366165 0.000393739
82820.000 0.00358381 0.000351414 0.00364262 0.000381759
82840.000 0.00355262 0.000362735 0.00365232 0.000374987
82860.000 0.0036036 0.000364603 0.00363284 0.000358837
82880.000 0.0035569 0.000372836 0.00369401 0.000416768
82900.000 0.00358945 0.000389214 0.00365957 0.000414662
82920.000 0.00355159 0.000413541 0.00369548 0.000406334
82940.000 0.00355791 0.000414232 0.0036511 0.000384999
82960.000 0.0035152 0.000398605 0.00365119 0.000410491
82980.000 0.00349235 0.000408554 0.00363183 0.000398094
83000.000 0.00352554 0.000391054 0.00359505 0.000378914
83020.000 0.00354271 0.000399413 0.0036402 0.000277761
83040.000 0.00352595 0.000389166 0.00363458 0.000319786
83060.000 0.0035658 0.000377701 0.00367667 0.000358605
83080.000 0.00361229 0.000407628 0.00374206 0.000456639
83100.000 0.00366134 0.000303799 0.00372064 0.000395438
83120.000 0.00366075 0.000397418 0.00372576 0.000423335
83140.000 0.00372921 0.00045715 0.00370266 0.000499359
83160.000 0.00373685 0.000473265 0.00369381 0.00045578
83180.000 0.00372237 0.0005053 0.00373516 0.000463455
83200.000 0.00367014 0.000432351 0.00380284 0.000400375
83220.000 0.00366461 0.000415976 0.00376672 0.000498995
83240.000 0.00368554 0.000510539 0.00374805 0.000492566
83260.000 0.00365166 0.000526259 0.00374496 0.000525061
83280.000 0.00359641 0.0004901 0.00372772 0.000553335
83300.000 0.0036526 0.000541003 0.00374074 0.000551356
83320.000 0.00365592 0.000538263 0.003708 0.000545073
83340.000 0.00363393 0.000575085 0.00375503 0.00062013
83360.000 0.00357861 0.000580087 0.00370619 0.000606764
83380.000 0.00367788 0.000579411 0.0036288 0.000607868
83400.000 0.00357505 0.000600304 0.00369643 0.000502795
83420.000 0.0036085 0.000571993 0.00368523 0.000469376
83440.000 0.00362065 0.000629207 0.00357775 0.000592719
83460.000 0.00357412 0.000549345 0.00362309 0.000592867
83480.000 0.00347023 0.000616044 0.00365402 0.000646877
83500.000 0.00347017 0.000612582 0.00362731 0.000614707
83520.000 0.00347657 0.000607671 0.00360108 0.000511079
83540.000 0.0034373 0.000590987 0.00360962 0.000597406
83560.000 0.0034607 0.000640316 0.0035668 0.000622755
% Warning: sampling overrun detected
83580.000 0.00353528 0.000606892 0.0035139 0.000638367
83600.000 0.00343059 0.000624269 0.00356228 0.000709623
83620.000 0.00343837 0.000659652 0.00352501 0.000611137
83640.000 0.00348965 0.000583358 0.00348854 0.000615173
83660.000 0.00340345 0.000605849 0.00353219 0.000598917
83680.000 0.00342285 0.000588121 0.00344953 0.000642181
83700.000 0.00337172 0.000625866 0.00347799 0.000611051
83720.000 0.00339597 0.000635507 0.00340887 0.0006448
83740.000 0.00333743 0.000640587 0.00343049 0.000598158
83760.000 0.00332046 0.000586875 0.00342216 0.000627902
83780.000 0.0033312 0.000596192 0.00340202 0.000660586
83800.000 0.00333613 0.000588971 0.00342695 0.000609195
83820.000 0.00334579 0.000589956 0.00349874 0.00061923
83840.000 0.00340274 0.000592879 0.00347661 0.000623052
83860.000 0.00336108 0.000582395 0.0034616 0.000599102
83880.000 0.00339611 0.000558728 0.00345715 0.000566308
83900.000 0.00337497 0.000541363 0.00347718 0.000552812
83920.000 0.0034189 0.000537735 0.00346566 0.000530649
83940.000 0.00336965 0.000501427 0.00348172 0.000501051
83960.000 0.00337885 0.000497896 0.00346745 0.000543858
83980.000 0.00341865 0.000488085 0.00346838 0.000473496
84000.000 0.00339375 0.000478797 0.00348411 0.00054105
84020.000 0.00336745 0.000504451 0.00352573 0.000540425
84040.000 0.0033279 0.000448929 0.00353037 0.000476236
84060.000 0.00335912 0.00042633 0.00355093 0.000489262
84080.000 0.00337328 0.000419834 0.0035869 0.00048432
84100.000 0.00338409 0.00045671 0.00352839 0.000488081
84120.000 0.00337851 0.000472864 0.00352288 0.000524385
84140.000 0.00344041 0.000406536 0.00348844 0.000445798
84160.000 0.00352885 0.000478277 0.00349295 0.0004352
84180.000 0.00351715 0.000468297 0.00352229 0.000465209
84200.000 0.00351028 0.000471283 0.00349862 0.000432476
84220.000 0.00350854 0.000421479 0.003602 0.000366766
84240.000 0.00347085 0.000443476 0.00362152 0.000491977
84260.000 0.00350958 0.000392869 0.00353797 0.000479224
84280.000 0.00352027 0.000442108 0.00354413 0.000425176
84300.000 0.00345643 0.000403907 0.00360636 0.000418331
% Warning: sampling overrun detected
84320.000 0.00343911 0.00043731 0.00356913 0.000403655
84340.000 0.00346506 0.000403028 0.0035199 0.000426103
84360.000 0.00340868 0.000433555 0.00346101 0.000407671
84380.000 0.00339273 0.000310417 0.00343168 0.000419982
84400.000 0.00335706 0.000244724 0.00339043 0.000371942
84420.000 0.00334982 0.000238951 0.00336489 0.000318223
84440.000 0.00329893 0.000322475 0.00332362 0.000304191
84460.000 0.00326566 0.000317848 0.00328725 0.000305327
84480.000 0.00322585 0.000322528 0.00330928 0.000243648
84500.000 0.00323758 0.000246965 0.00336147 0.000258717
84520.000 0.00324162 0.000257204 0.0033455 0.000336582
84540.000 0.00325435 0.000301796 0.0032782 0.000271795
84560.000 0.00322182 0.000211764 0.00336974 0.000250922
84580.000 0.00329995 0.000175713 0.0033526 0.000173902
84600.000 0.00323899 0.000119004 0.00334435 0.00015444
% Warning: sampling overrun detected
84620.000 0.00328644 8.77884e-05 0.00336324 8.56521e-05
% Warning: sampling overrun detected
84640.000 0.00328327 7.69549e-05 0.00338057 8.69771e-05
84660.000 0.00330333 7.94088e-05 0.00338229 2.58343e-05
84680.000 0.00333722 2.92865e-05 0.0033928 3.10852e-05
84700.000 0.00337642 1.47304e-05 0.00341602 2.6268e-05
84720.000 0.0033877 2.44711e-05 0.00342599 3.38312e-05
84740.000 0.00332185 4.89323e-05 0.00342332 9.24303e-06
84760.000 0.00331074 2.64878e-05 0.00343889 3.49535e-05
84780.000 0.00333911 8.55545e-06 0.00341672 1.56787e-05
84800.000 0.00333682 3.2874e-05 0.00343198 2.66167e-05
84820.000 0.00330792 -4.60965e-06 0.00342138 6.42417e-06
84840.000 0.00334015 -4.07997e-05 0.00344028 -6.04511e-05
84860.000 0.00338205 -9.87481e-05 0.00347589 -0.000111064
84880.000 0.00339941 -9.59218e-05 0.00345982 -0.000102793
84900.000 0.00332828 -8.24053e-05 0.00349441 -0.000106388
84920.000 0.00335661 -9.40819e-05 0.00345014 -0.00011564
84940.000 0.00331442 -0.000165918 0.00347872 -7.0432e-05
84960.000 0.00342164 -9.69195e-05 0.00338985 -0.000153282
84980.000 0.00340399 -7.92761e-05 0.00345604 -0.00012009
85000.000 0.00344613 -0.000156174 0.00353268 -0.000254957
85020.000 0.00339528 -0.000192045 0.00356509 -0.000228843
85040.000 0.00343792 -0.000160784 0.00362378 -9.59103e-05
85060.000 0.00344594 -0.000154829 0.00365418 -0.000104259
85080.000 0.0034859 -8.77415e-05 0.00360972 -0.000119939
85100.000 0.00350903 -0.000137833 0.00357284 -6.00323e-05
85120.000 0.00348972 -0.000109661 0.00356437 -0.000109716
85140.000 0.00344523 -0.000106456 0.00360914 -0.000107945
85160.000 0.00351027 -0.000105528 0.00353403 -0.000124594
85180.000 0.00351495 -0.000120699 0.00361214 -0.000103491
85200.000 0.00350786 -0.000134754 0.00357528 -0.000134322
85220.000 0.00347768 -0.000120589 0.00356462 -0.000113521
85240.000 0.00344213 -0.000146214 0.00354366 -0.000159982
85260.000 0.00345867 -0.000170236 0.0035322 -0.00015875
85280.000 0.00342382 -0.000166796 0.00351043 -0.000149459
85300.000 0.00338526 -0.00010942 0.00347841 -9.91216e-05
85320.000 0.00342154 -7.12772e-05 0.00348621 -8.26413e-05
85340.000 0.00345939 -7.33805e-05 0.00352698 -3.36579e-05
85360.000 0.00347144 -6.69471e-05 0.00354378 -8.37517e-05
85380.000 0.00348392 -0.000105619 0.00362824 -9.67141e-05
85400.000 0.00355565 -8.95846e-05 0.00364454 -8.15851e-05
85420.000 0.00357454 -6.13284e-05 0.00367734 -9.62398e-05
85440.000 0.00360983 -8.12862e-05 0.00369844 -7.21722e-05
85460.000 0.00360046 -6.4134e-05 0.00370164 -3.24561e-05
85480.000 0.00357744 -3.20917e-05 0.00371252 -1.11834e-05
85500.000 0.00361115 4.27784e-05 0.00366229 5.3511e-06
85520.000 0.00357224 1.65531e-05 0.0036868 3.05497e-05
85540.000 0.00365645 3.79652e-05 0.0036843 3.14764e-05
85560.000 0.00364629 6.05134e-06 0.00372065 1.67274e-05
85580.000 0.00367032 -1.22774e-05 0.0037221 1.32526e-05
85600.000 0.00368601 3.60747e-05 0.00371196 1.57344e-05
85620.000 0.00367954 9.38271e-05 0.00371038 8.16059e-05
85640.000 0.00371426 0.00012639 0.00370157 9.69791e-05
85660.000 0.00370489 0.000151629 0.00365564 9.35098e-05
85680.000 0.00365872 0.000185323 0.00363056 0.000133521
85700.000 0.00356396 0.000122259 0.00369243 7.14242e-05
85720.000 0.00354918 0.000107053 0.00367594 9.83005e-05
85740.000 0.0035177 8.41314e-05 0.00365551 0.000125143
85760.000 0.0034985 8.32435e-05 0.00368531 0.000140521
85780.000 0.00347989 6.96576e-05 0.00364106 0.000127901
85800.000 0.00350708 5.27771e-05 0.00361469 -2.42704e-05
85820.000 0.00348853 8.42346e-05 0.00354766 6.6766e-05
85840.000 0.00345203 -1.77229e-06 0.00356508 6.43758e-05
85860.000 0.00351364 1.68431e-05 0.00352757 3.75008e-05
85880.000 0.00343906 1.70924e-05 0.0035858 6.61288e-06
85900.000 0.0034735 -5.33214e-05 0.0036124 5.94634e-06
85920.000 0.003517 -3.83191e-05 0.00362255 -7.23518e-05
85940.000 0.00351487 -5.4856e-05 0.00364945 -6.72088e-05
85960.000 0.00353759 -6.89981e-05 0.00363839 -6.34963e-05
85980.000 0.0035627 -8.42387e-05 0.00364112 -5.02928e-05
86000.000 0.0035655 -3.33933e-05 0.00366765 -4.87287e-05
86020.000 0.00358974 -2.84547e-05 0.00370783 2.02561e-05
86040.000 0.00361824 5.74899e-05 0.00367043 4.04895e-05
86060.000 0.00360025 0.000106621 0.00366177 7.07131e-05
86080.000 0.00363292 0.000108775 0.00373005 0.000121886
86100.000 0.0036772 0.000136623 0.00372049 0.000181433
86120.000 0.00370856 0.00019298 0.00378347 0.000181745
86140.000 0.0037591 0.000180658 0.003775 0.000203568
86160.000 0.00375268 0.000203184 0.00381665 0.000248275
86180.000 0.00373528 0.000214692 0.00380821 0.000229809
86200.000 0.00372573 0.000183935 0.00382601 0.00019195
86220.000 0.00371442 0.000167407 0.00387672 0.000206178
86240.000 0.00377298 0.000170503 0.00385604 0.000216703
86260.000 0.00374614 0.000178983 0.00385251 0.000176224
86280.000 0.00375082 0.000186286 0.00385793 0.000179305
86300.000 0.00375431 0.000156717 0.00388187 0.000195511
86320.000 0.00379957 0.000188379 0.0038556 0.000231585
86340.000 0.00379866 0.00019765 0.00385272 0.000241471
86360.000 0.00378351 0.000232475 0.00385323 0.000231313
86380.000 0.00377941 0.000251753 0.00385637 0.000273191
