% UltraMSK: version 1.0 beta 16
% Site: localhost.localdomain
% Date: 2015-01-22
% Frequency: 26700.000000 Hz
% Baud Rate: 200 Hz
% VLF Channel: 3
% PPS Channel: 4
% Jack Server: default
% Output Format: Cartesian
% End
68560.000 3.48299e-05 0.000322364 4.73195e-05 0.000314153
68580.000 -5.23457e-05 0.000315002 -3.68202e-05 0.000308487
68600.000 -0.000122149 0.000306111 -0.000105245 0.00029996
68620.000 -0.000151654 0.000286414 -0.000170134 0.00027696
68640.000 -0.00019752 0.000237528 -0.000206559 0.000240277
68660.000 -0.000248865 0.000174759 -0.000252146 0.00016769
68680.000 -0.000254477 0.000155026 -0.000257846 0.000157805
68700.000 -0.000282775 6.45038e-05 -0.000284316 8.15398e-05
68720.000 -0.000201941 0.000230033 -0.000184885 0.000226757
68740.000 -0.000173406 0.000233547 -0.000188782 0.000235729
68760.000 -0.000298431 7.86977e-05 -0.00028654 9.09183e-05
68780.000 -0.000304969 4.88387e-05 -0.000296882 4.39922e-05
68800.000 -0.00029659 5.94044e-05 -0.000290613 5.09086e-05
68820.000 -0.000291216 -9.66641e-06 -0.000305133 -1.29041e-05
68840.000 -0.000292584 -2.34855e-05 -0.000288714 -1.72738e-05
68860.000 -0.000284098 -7.37201e-05 -0.000281623 -6.48708e-05
68880.000 -0.000285331 2.66358e-05 -0.000287169 2.05038e-05
68900.000 -0.000294377 3.59299e-05 -0.000291015 1.90222e-05
68920.000 -0.000293514 3.27381e-05 -0.000287639 3.33802e-05
68940.000 -0.000224381 0.000176346 -0.000222591 0.000167197
68960.000 -0.000203054 0.000206353 -0.000200997 0.000193557
68980.000 -0.000147281 0.000241904 -0.000164435 0.000235648
69000.000 -8.3884e-05 0.000273272 -7.94532e-05 0.000275978
69020.000 2.62223e-05 0.000288769 1.83399e-05 0.000289274
69040.000 3.45116e-05 0.000296817 2.51423e-05 0.000285071
69060.000 5.74454e-05 0.000283488 4.35566e-05 0.00029938
69080.000 -8.81398e-06 0.000292429 -1.75333e-06 0.000292028
69100.000 1.67445e-06 0.000286909 5.5222e-07 0.000280814
69120.000 7.94739e-05 0.000286463 7.51933e-05 0.000282012
69140.000 1.59522e-05 0.000286402 2.61425e-05 0.000292828
69160.000 5.00562e-05 0.00028271 5.57405e-05 0.000289964
69180.000 1.9785e-05 0.000291122 2.62932e-05 0.000299126
69200.000 6.7738e-05 0.0003009 6.17349e-05 0.000291278
% Warning: sampling overrun detected
69220.000 0.00011131 0.000280953 9.53127e-05 0.000270628
69240.000 2.30384e-05 0.000289771 8.36692e-06 0.000312612
69260.000 -3.68589e-05 0.000294514 -3.11297e-05 0.000303483
69280.000 -4.71992e-05 0.000274467 -6.17299e-05 0.000282915
69300.000 -6.71096e-05 0.000281954 -6.52379e-05 0.000278728
69320.000 -8.51623e-05 0.000271787 -8.42098e-05 0.000291442
69340.000 -5.87783e-05 0.000296086 -5.66531e-05 0.00027829
69360.000 3.24269e-05 0.000284628 4.36324e-05 0.00029543
69380.000 7.1657e-05 0.000278737 6.06322e-05 0.000286547
69400.000 0.000165765 0.000226362 0.000185565 0.000207268
69420.000 0.000234001 0.000163073 0.000221456 0.000161258
69440.000 0.000202179 0.000205324 0.000209608 0.0001873
69460.000 0.00020606 0.000201387 0.000199563 0.000199898
69480.000 0.000207845 0.000192609 0.000206035 0.000196933
69500.000 0.00023353 0.00016514 0.000246153 0.000155087
69520.000 0.00024618 0.000145349 0.000240494 0.00015788
69540.000 0.000145462 0.000256655 0.000126384 0.000263105
69560.000 0.000110963 0.000261305 0.000101958 0.000275959
69580.000 0.000155129 0.000247139 0.000162945 0.000245399
69600.000 0.000205228 0.000210146 0.000192598 0.000211518
69620.000 9.79197e-05 0.000260158 0.000111923 0.000258989
69640.000 8.02397e-05 0.000278338 8.87296e-05 0.000277498
69660.000 8.29603e-05 0.000288158 8.15871e-05 0.000270034
69680.000 0.000212691 0.000189024 0.000206577 0.000177471
69700.000 0.000197708 0.00024079 0.000206303 0.000224388
69720.000 0.000131647 0.000264491 0.000118049 0.000273938
69740.000 8.70205e-05 0.000296768 0.000105119 0.000283619
69760.000 8.13054e-05 0.000303303 8.47012e-05 0.000289243
69780.000 -8.92464e-05 0.000286814 -8.81549e-05 0.000282323
69800.000 -0.0001887 0.000236393 -0.000175295 0.00024078
69820.000 -0.000214652 0.000235503 -0.000209902 0.00022199
69840.000 -0.000222765 0.000240537 -0.000218897 0.000220618
69860.000 -0.000270813 0.000171979 -0.000278376 0.000187756
69880.000 -0.00032742 7.29033e-05 -0.000313285 6.33984e-05
69900.000 -0.000301152 0.000103247 -0.000316749 0.000110356
69920.000 -0.00034427 9.59873e-05 -0.000356196 0.000104683
69940.000 -0.00034081 0.000127699 -0.000341207 0.000114336
69960.000 -0.000273008 0.000204423 -0.000257138 0.000220027
69980.000 -0.000197087 0.000302949 -0.000183624 0.000289959
70000.000 -0.000186713 0.000279179 -0.000193195 0.0002723
70020.000 -0.00014208 0.000295884 -0.000149468 0.000308114
70040.000 -0.000150326 0.000296778 -0.000157679 0.000304339
70060.000 -0.000143754 0.00030239 -0.000154051 0.000308032
70080.000 -8.15498e-05 0.00031648 -9.39276e-05 0.000323156
70100.000 9.41494e-07 0.000344571 -3.31979e-06 0.000330756
70120.000 1.07929e-05 0.000331133 9.45593e-06 0.000320803
70140.000 3.9427e-05 0.000317147 3.65681e-05 0.00031407
70160.000 6.10008e-05 0.000314101 5.29331e-05 0.000312781
70180.000 5.39651e-05 0.000309858 4.02253e-05 0.000303731
70200.000 4.24746e-06 0.000322764 -1.0693e-05 0.000316281
70220.000 -8.46905e-05 0.000306786 -7.44879e-05 0.000302202
70240.000 -0.000131564 0.000294236 -0.000117639 0.000276046
70260.000 -7.9083e-05 0.000288141 -7.32006e-05 0.000293951
70280.000 -0.000168571 0.000269141 -0.000169782 0.000255064
70300.000 -0.000127553 0.000263196 -0.000138132 0.000262525
70320.000 -0.00011952 0.000277582 -0.000126111 0.000271668
70340.000 -0.000100426 0.00028778 -9.87419e-05 0.000270702
70360.000 -7.47147e-05 0.000287541 -7.62187e-05 0.000282479
70380.000 -0.000108638 0.000288589 -0.000111947 0.000284642
70400.000 -9.71242e-05 0.000316682 -0.000112934 0.000315783
70420.000 -0.00016665 0.00028398 -0.000177764 0.000283563
70440.000 -0.000101979 0.000311856 -9.69098e-05 0.000309112
70460.000 -2.82193e-05 0.000326773 -4.47015e-05 0.000319013
70480.000 7.80833e-05 0.000324919 7.21406e-05 0.00031673
70500.000 0.000148425 0.000270723 0.000127585 0.000270709
70520.000 0.000196858 0.000245332 0.000185547 0.000246844
70540.000 0.000205658 0.000238604 0.000178111 0.000238938
70560.000 9.7808e-05 0.000289415 0.000101509 0.000272787
70580.000 2.01113e-05 0.000295981 2.97878e-05 0.000306493
70600.000 6.04218e-05 0.000301241 6.82725e-05 0.000287904
70620.000 0.000111543 0.000283792 0.000107685 0.000287685
70640.000 2.44001e-05 0.000300209 2.08773e-05 0.000300511
70660.000 -8.81622e-05 0.00029403 -9.35744e-05 0.000284177
70680.000 -0.000152446 0.000267794 -0.000167063 0.000264554
70700.000 -0.00021475 0.000229252 -0.000209181 0.000207177
70720.000 -0.000195834 0.000232217 -0.000186877 0.000253878
70740.000 -6.39735e-05 0.000302118 -5.66814e-05 0.000286868
70760.000 -9.99882e-05 0.000298344 -0.000116344 0.00028156
70780.000 -4.73052e-05 0.000300097 -3.40179e-05 0.000301849
70800.000 -1.97624e-05 0.000306591 -2.73855e-05 0.000313071
70820.000 -0.000106029 0.000283503 -9.24877e-05 0.00028011
70840.000 -0.000194754 0.000235986 -0.000194588 0.000230961
70860.000 -0.000158499 0.000254048 -0.00017056 0.000254471
70880.000 -0.000136542 0.000288434 -0.000134558 0.000284717
70900.000 -0.00016793 0.000244746 -0.000162871 0.000249327
70920.000 -6.71328e-05 0.000301505 -6.47332e-05 0.000292909
70940.000 -0.000106216 0.000278549 -0.000117278 0.000279859
70960.000 -0.000159314 0.000241153 -0.000171226 0.00024292
% Warning: sampling overrun detected
70980.000 -0.000188034 0.000237582 -0.000193324 0.000252063
71000.000 -0.00017293 0.000257219 -0.000188872 0.000260143
71020.000 -0.000227223 0.000225699 -0.000231731 0.000233862
71040.000 -0.00023901 0.00020543 -0.000267915 0.000181186
71060.000 -0.000271383 0.000132124 -0.000272605 0.000121664
71080.000 -0.000299232 8.18217e-05 -0.000289914 8.63395e-05
71100.000 -0.000198758 0.000242292 -0.000208631 0.000233659
71120.000 -0.000196825 0.000246289 -0.00019423 0.000226144
71140.000 -0.000233898 0.000207714 -0.000246232 0.000214419
71160.000 -0.000287815 0.00014673 -0.000274092 0.000157283
71180.000 -0.000288519 0.000117394 -0.000272432 0.000112298
71200.000 -0.000307688 3.04792e-05 -0.000310091 1.88744e-05
71220.000 -0.0002884 0.00012126 -0.00028678 0.000116822
71240.000 -0.000238351 0.000202161 -0.000255419 0.00019372
71260.000 -0.000235376 0.000210168 -0.000229465 0.000201446
71280.000 -0.000242193 0.000205291 -0.000247407 0.000206585
71300.000 -0.000230905 0.000221942 -0.000224778 0.000220345
71320.000 -0.000231115 0.000234959 -0.000230513 0.000225186
71340.000 -0.000294462 0.000101306 -0.000324977 0.000118808
71360.000 -0.000317196 3.68057e-05 -0.000308762 4.94011e-05
71380.000 -0.000317317 6.87842e-05 -0.000314204 5.57156e-05
71400.000 -0.000329604 -5.49676e-06 -0.000327941 -7.14395e-07
71420.000 -0.000288091 -6.86175e-05 -0.000291522 -4.7688e-05
71440.000 -0.000299795 -7.02221e-05 -0.000296402 -8.64337e-05
71460.000 -0.000304216 -4.54352e-05 -0.000297833 -1.23519e-05
71480.000 -0.000307838 -1.98108e-05 -0.000315018 -2.67319e-05
71500.000 -0.000267259 -0.000111165 -0.000250342 -0.000118054
71520.000 -0.00031162 -2.87822e-05 -0.000309605 -4.34172e-05
71540.000 -0.000288302 6.17805e-07 -0.000287397 -9.24067e-06
71560.000 -0.000272292 -4.95411e-05 -0.00026648 -4.45538e-05
% Warning: sampling overrun detected
71580.000 -0.000259853 -0.000134282 -0.000273341 -0.000152204
71600.000 -0.000165594 -0.000274939 -0.00016644 -0.000288062
71620.000 -2.06578e-05 -0.000296501 1.14882e-06 -0.000303945
71640.000 1.90116e-05 -0.000319247 3.37882e-05 -0.000296268
71660.000 9.76027e-07 -0.000310223 1.91126e-05 -0.000309893
71680.000 -8.33575e-05 -0.000292857 -8.17861e-05 -0.000297015
71700.000 1.72736e-05 -0.000319854 3.59837e-05 -0.000324297
71720.000 0.000117615 -0.000265701 0.000135135 -0.000278964
71740.000 0.000139576 -0.000340837 0.000145735 -0.000307239
71760.000 0.000213473 -0.000229522 0.000220307 -0.000210305
71780.000 0.000150343 -0.000277325 0.000156134 -0.000274558
71800.000 5.97118e-05 -0.000296055 6.11564e-05 -0.000307062
71820.000 4.66922e-06 -0.000319606 -3.97485e-06 -0.00030767
71840.000 4.3504e-05 -0.000339987 4.10427e-05 -0.000320303
71860.000 -2.94766e-05 -0.000335343 -3.50351e-05 -0.000335334
71880.000 2.31598e-05 -0.000331737 1.61281e-05 -0.000338121
71900.000 -4.77582e-05 -0.000307267 -3.34277e-05 -0.00030553
71920.000 -0.000158947 -0.000251628 -0.000140815 -0.000242361
71940.000 -0.000152707 -0.000270512 -0.000137483 -0.000268002
71960.000 -0.000100468 -0.000277231 -9.01953e-05 -0.000277057
71980.000 -8.73742e-05 -0.000298933 -9.24546e-05 -0.000302296
72000.000 -8.94546e-05 -0.000293782 -7.93116e-05 -0.000306756
72020.000 -1.63542e-05 -0.000301805 -2.44e-05 -0.000309085
72040.000 -3.54306e-05 -0.000296317 -4.12981e-05 -0.000302312
72060.000 0.000122771 -0.000290168 0.000131462 -0.000288157
72080.000 4.23659e-05 -0.000301548 3.61942e-05 -0.000306504
72100.000 4.16841e-05 -0.000306359 3.66095e-05 -0.000304019
72120.000 6.45139e-05 -0.000317406 6.81589e-05 -0.000307718
72140.000 7.6075e-05 -0.000297398 7.24266e-05 -0.000289163
72160.000 0.000190457 -0.000249392 0.000184139 -0.000238954
72180.000 0.000276302 -0.00022505 0.000258286 -0.000227687
72200.000 0.000299383 -4.74258e-05 0.000286465 -3.20984e-05
72220.000 0.000326693 4.43971e-05 0.0003294 6.97397e-05
72240.000 0.000300095 5.2557e-05 0.000292443 6.91571e-05
72260.000 0.000285828 0.000212012 0.000276363 0.000204246
72280.000 0.00018237 0.000232251 0.000179345 0.000231921
72300.000 0.000251619 0.00018973 0.000245255 0.000187593
72320.000 0.000281464 0.000158743 0.000278912 0.000151953
72340.000 0.000303886 0.000110331 0.000302597 9.40257e-05
72360.000 0.000288007 0.000138422 0.000288575 0.000152022
72380.000 0.000262787 0.000196499 0.000253532 0.00018355
72400.000 0.000315099 9.93939e-05 0.00031689 8.78365e-05
72420.000 0.000308283 5.96106e-05 0.000312956 6.38474e-05
72440.000 0.000305667 8.73962e-05 0.000307858 9.68498e-05
72460.000 0.00028873 0.000137201 0.000284795 0.000132413
72480.000 0.00033029 1.44414e-05 0.000347182 2.49947e-05
72500.000 0.000292773 -2.25754e-05 0.000306511 -1.66092e-05
72520.000 0.000249005 -0.000173665 0.000262455 -0.000161887
72540.000 0.000172752 -0.000250272 0.000156952 -0.000254121
72560.000 0.000132611 -0.000219476 0.000131276 -0.000219595
72580.000 0.000210298 -0.000231651 0.000197863 -0.000225034
72600.000 0.000156166 -0.000252033 0.000165418 -0.000263834
72620.000 0.000142679 -0.000268117 0.000142083 -0.00026449
72640.000 0.000115201 -0.000272519 0.000123712 -0.000286154
72660.000 2.63053e-05 -0.000300758 3.47567e-05 -0.000303382
72680.000 0.000140971 -0.000274025 0.000128478 -0.000262753
72700.000 0.000245426 -0.000179199 0.000239451 -0.000167997
72720.000 0.000270995 -7.86402e-05 0.000306867 -6.08105e-05
72740.000 0.000308191 -3.2728e-05 0.000300016 -5.22125e-05
72760.000 0.000287252 6.268e-05 0.000293703 5.45652e-05
% Warning: sampling overrun detected
72780.000 0.000265483 8.6151e-05 0.000261861 8.61179e-05
72800.000 0.000292731 6.17893e-05 0.000280212 6.41136e-05
72820.000 0.000297837 -2.62628e-06 0.000299893 -4.39632e-06
72840.000 0.00028102 -7.87386e-05 0.000283162 -9.05123e-05
72860.000 0.000297345 4.18098e-05 0.000283525 4.24981e-05
72880.000 0.000288171 7.71435e-05 0.000295934 9.64493e-05
72900.000 0.0002781 9.97346e-05 0.000279662 9.94092e-05
72920.000 0.000283732 0.000136253 0.000263425 0.000129852
72940.000 0.000216026 0.000215746 0.000215629 0.000204393
72960.000 0.000228177 0.000192916 0.00023544 0.000201793
72980.000 0.000242126 0.00020597 0.000223591 0.00019435
73000.000 0.000247152 0.00018182 0.00024038 0.000174347
73020.000 0.000216269 0.000197964 0.000212789 0.000187328
73040.000 7.3149e-05 0.000300384 6.19423e-05 0.000290602
73060.000 5.27855e-05 0.000285962 4.65208e-05 0.000308683
73080.000 0.000107802 0.000281845 0.000118409 0.000257786
73100.000 0.000188244 0.000230963 0.000181954 0.000238344
73120.000 0.000242077 0.000127022 0.000242437 0.000142308
73140.000 0.000235382 0.00018885 0.00025275 0.000182257
73160.000 0.000196904 0.000221971 0.000201043 0.000221791
73180.000 0.00019162 0.000223015 0.000204052 0.000223215
73200.000 0.000164375 0.000253301 0.000156525 0.000248992
73220.000 0.000135076 0.000282711 0.000124783 0.000266966
73240.000 0.000113976 0.000297961 0.000119734 0.000292425
73260.000 5.95734e-05 0.00028806 5.40551e-05 0.000300015
73280.000 3.4798e-05 0.000292345 1.62533e-05 0.000305282
73300.000 -5.14208e-05 0.000285698 -7.15124e-05 0.000290917
73320.000 -0.000175431 0.000284222 -0.000183722 0.0002841
73340.000 -0.000212001 0.000202411 -0.000207298 0.000206156
73360.000 -0.000207762 0.000213309 -0.000216549 0.00022145
73380.000 -0.000215792 0.000222165 -0.000210322 0.000211943
73400.000 -0.000173513 0.000244101 -0.000178053 0.000229596
73420.000 -0.000269019 0.000150766 -0.000275824 0.000157023
73440.000 -0.000272538 0.000109943 -0.000277439 0.000109714
73460.000 -0.000298615 9.61822e-05 -0.000301338 8.26893e-05
73480.000 -0.000282714 0.000116436 -0.000290496 0.000104369
73500.000 -0.000308163 3.6551e-05 -0.000299912 4.2299e-05
73520.000 -0.000300083 -0.000112563 -0.000285305 -0.000122737
73540.000 -0.000298473 -7.9273e-05 -0.000295874 -7.8869e-05
73560.000 -0.000306868 -2.65384e-05 -0.000310538 -4.58675e-05
73580.000 -0.000310672 5.46165e-05 -0.000293593 5.74884e-05
73600.000 -0.00030303 5.04485e-06 -0.000311682 1.49639e-05
73620.000 -0.000294337 -6.56165e-05 -0.00030475 -4.76318e-05
73640.000 -0.000229824 -0.000197187 -0.000234852 -0.0001867
73660.000 -0.000252922 -0.000151652 -0.000236662 -0.000155656
73680.000 -0.000294845 -5.56912e-05 -0.000299114 -4.8056e-05
73700.000 -0.000321162 0.000102327 -0.000299447 9.26173e-05
73720.000 -0.000302419 0.000109025 -0.000319392 0.000100126
73740.000 -0.000326205 -3.87202e-05 -0.000336649 -3.56638e-05
73760.000 -0.000286991 -8.08567e-05 -0.00028857 -6.63154e-05
73780.000 -0.000271114 -0.000123752 -0.000269964 -0.000123512
73800.000 -0.000255928 -0.000146725 -0.000258039 -0.000160544
73820.000 -0.000233093 -0.000182602 -0.000227135 -0.00017306
73840.000 -0.000262101 -0.000189053 -0.000250508 -0.000182871
73860.000 -0.000237914 -0.000186379 -0.000227814 -0.000184935
73880.000 -0.000150552 -0.000254571 -0.000133089 -0.00026046
73900.000 -0.000156215 -0.000245384 -0.000149857 -0.000243598
73920.000 -0.000246204 -0.000177967 -0.000231566 -0.000192454
73940.000 -0.000202935 -0.000217976 -0.000184942 -0.00023542
73960.000 -0.000149143 -0.000245379 -0.00014074 -0.000259306
73980.000 -0.000227078 -0.000219717 -0.000214729 -0.000220095
74000.000 -0.000279644 -6.80786e-05 -0.000280272 -7.60862e-05
74020.000 -0.000294464 7.69564e-05 -0.000280847 8.28124e-05
74040.000 -0.000186202 0.000224477 -0.000181998 0.000228021
74060.000 -8.049e-05 0.000284172 -7.69347e-05 0.000295388
74080.000 -0.000135721 0.000278543 -0.000139637 0.00026915
74100.000 -5.82339e-05 0.000290818 -4.44845e-05 0.000287437
74120.000 -0.000105752 0.000273003 -9.88314e-05 0.000288297
74140.000 -8.69812e-05 0.00031083 -9.68563e-05 0.000306666
74160.000 -9.65567e-05 0.000296482 -6.91585e-05 0.00029118
74180.000 2.7778e-05 0.000308117 1.02585e-05 0.000293508
74200.000 0.000147537 0.000282822 0.000127604 0.000275408
74220.000 0.000141737 0.000264321 0.000162655 0.000250806
74240.000 0.000200217 0.000206932 0.000198464 0.000189378
74260.000 0.000287853 0.000120759 0.000271852 0.00012452
74280.000 0.000293611 0.000165771 0.000276521 0.000173132
74300.000 0.000258934 0.000140989 0.000249063 0.000137704
74320.000 0.000267655 0.000136895 0.00026267 0.0001404
74340.000 0.000225193 0.000193793 0.000211565 0.00020645
74360.000 0.000229998 0.00014147 0.000248059 0.000150883
74380.000 0.000289188 4.83872e-05 0.000300313 7.37367e-05
74400.000 0.000300561 8.44014e-05 0.000309789 9.12485e-05
74420.000 0.000290683 4.54298e-05 0.000303857 4.04136e-05
74440.000 0.000254965 8.26021e-05 0.000278382 0.000101296
74460.000 0.000257136 0.000124567 0.000261123 0.000130306
74480.000 0.000287947 2.8996e-05 0.000282219 2.88108e-05
74500.000 0.000269701 7.84662e-05 0.000281508 9.60127e-05
74520.000 0.000278288 7.26062e-05 0.000296621 8.18655e-05
74540.000 0.000276338 -5.39708e-05 0.00027371 -4.74093e-05
74560.000 0.000288119 7.04236e-05 0.000296795 7.10443e-05
% Warning: sampling overrun detected
74580.000 0.000258625 0.000106392 0.00027074 0.000110216
74600.000 0.000235899 0.000178477 0.000224009 0.000181255
74620.000 0.000227352 0.000214851 0.000215939 0.000220852
74640.000 0.000187628 0.000219958 0.000177238 0.000230802
74660.000 0.00016632 0.000243539 0.000153187 0.000242367
74680.000 0.000183881 0.000226151 0.000203466 0.000230846
74700.000 0.000193423 0.000221407 0.000183454 0.000217836
74720.000 0.000267664 0.000127628 0.000274483 0.000119019
74740.000 0.000272046 0.000109756 0.000266932 0.000137166
74760.000 0.000236037 0.000171711 0.000264407 0.00015443
74780.000 0.000291869 7.27054e-05 0.000280511 5.9925e-05
74800.000 0.00029343 -5.94539e-05 0.000297928 -6.66527e-05
74820.000 0.000312428 -1.20804e-05 0.000301732 8.83022e-06
74840.000 0.000287382 -7.58968e-05 0.000283956 -7.10903e-05
74860.000 0.000297871 -2.81027e-05 0.000292308 -3.28125e-05
74880.000 0.000290559 4.8187e-05 0.000302998 5.70171e-05
74900.000 0.000299337 3.20709e-06 0.000301798 8.94989e-06
74920.000 0.000297019 -5.68634e-05 0.000294825 -5.40675e-05
74940.000 0.000280534 -8.40526e-05 0.000284798 -8.03095e-05
74960.000 0.000264156 -0.000186711 0.000276971 -0.000180077
74980.000 0.000257191 -0.000141879 0.000270518 -0.000143548
75000.000 0.00029209 -8.50975e-05 0.000295079 -9.97851e-05
75020.000 0.000281157 -8.94921e-05 0.000289445 -7.72655e-05
75040.000 0.000265671 -0.00014821 0.00027954 -0.000128131
75060.000 0.000257915 -0.00016856 0.000258684 -0.000162263
75080.000 0.000283074 -4.77924e-05 0.000300327 -4.11894e-05
75100.000 0.000304385 -5.85683e-05 0.000314115 -6.08551e-05
75120.000 0.000294816 -0.000118352 0.000282066 -0.000112228
75140.000 0.000228091 -0.000178583 0.000213925 -0.000187169
75160.000 0.000200409 -0.000219374 0.000193355 -0.000226054
% Warning: sampling overrun detected
75180.000 0.000223839 -0.000193444 0.000235231 -0.000197458
75200.000 0.000259184 -0.000177899 0.000246194 -0.000174693
75220.000 0.000261043 -0.000145186 0.000255827 -0.00015805
% Warning: sampling overrun detected
75240.000 0.000208572 -0.00022943 0.000212043 -0.000216512
% Warning: sampling overrun detected
75260.000 0.000205753 -0.000211173 0.000196472 -0.000212501
% Warning: sampling overrun detected
75280.000 0.000184241 -0.000217379 0.000189972 -0.00021316
75300.000 0.000275984 -0.000120944 0.000279308 -0.000130097
75320.000 0.000276604 -0.000127878 0.000289466 -0.000115476
75340.000 0.000270362 -0.000128048 0.000269014 -0.000131713
% Warning: sampling overrun detected
75360.000 0.000297096 -3.93638e-05 0.000280854 -5.43238e-05
75380.000 0.000286141 -5.83092e-05 0.000298407 -4.95999e-05
75400.000 0.000304367 2.49578e-05 0.000297573 3.45254e-05
% Warning: sampling overrun detected
75420.000 0.000274132 0.000107992 0.000270115 0.000136997
% Warning: sampling overrun detected
75440.000 0.000207895 0.000217608 0.000202692 0.000213507
% Warning: sampling overrun detected
75460.000 0.000189604 0.000233695 0.000187193 0.000224282
% Warning: sampling overrun detected
75480.000 1.46575e-05 0.000299944 2.51531e-05 0.00028093
75500.000 -4.60633e-05 0.000307367 -4.1343e-05 0.000319493
75520.000 -4.7395e-05 0.000301496 -2.4806e-05 0.000308029
% Warning: sampling overrun detected
75540.000 -0.000139837 0.000281803 -0.000150343 0.000266766
% Warning: sampling overrun detected
75560.000 -0.000141883 0.000272871 -0.000155693 0.000286088
% Warning: sampling overrun detected
75580.000 -0.000160946 0.000239868 -0.000153817 0.000240583
% Warning: sampling overrun detected
75600.000 -0.000156073 0.00028198 -0.000161216 0.000288839
% Warning: sampling overrun detected
75620.000 -0.000188926 0.000246755 -0.000179829 0.000250442
% Warning: sampling overrun detected
75640.000 -0.000226343 0.000210239 -0.0002379 0.000198852
75660.000 -0.000264723 0.000178717 -0.000256939 0.000195078
75680.000 -0.000253864 0.000206276 -0.000256643 0.000201606
75700.000 -0.000267052 0.000182442 -0.000278333 0.000173524
75720.000 -0.000284904 0.000140838 -0.00027939 0.000148095
75740.000 -0.00022198 0.000242886 -0.000237268 0.00023036
75760.000 -0.000293975 0.000145916 -0.000295973 0.000130459
75780.000 -0.00030836 7.68671e-05 -0.000291362 8.14184e-05
75800.000 -0.00028482 0.000142078 -0.000283214 0.000149467
75820.000 -0.000283073 0.000136967 -0.000283815 0.000141851
75840.000 -0.000310619 9.04176e-05 -0.000310369 9.89231e-05
75860.000 -0.000319674 6.62473e-05 -0.000329881 5.39764e-05
75880.000 -0.000323118 -5.82908e-05 -0.000314731 -5.97818e-05
75900.000 -0.0003179 -6.39663e-05 -0.000323154 -5.26145e-05
75920.000 -0.000316922 -7.2021e-06 -0.000319475 -2.37953e-05
75940.000 -0.000309381 -3.92252e-05 -0.000312236 -4.42181e-05
75960.000 -0.000300732 8.35556e-05 -0.000317629 7.86987e-05
75980.000 -0.000283376 0.000145257 -0.000266465 0.000138886
76000.000 -0.000276446 0.000152407 -0.000282146 0.000144903
76020.000 -0.000214309 0.000241682 -0.000200502 0.000235253
76040.000 -3.71469e-05 0.000307128 -4.69776e-05 0.000324788
76060.000 -7.2346e-05 0.00031692 -7.86445e-05 0.000320221
76080.000 -0.000203749 0.000232086 -0.000202237 0.000229841
76100.000 -0.000316415 9.36739e-05 -0.000303908 8.64998e-05
76120.000 -0.000288052 0.00012482 -0.000283751 0.000118266
76140.000 -0.000213897 0.000225456 -0.000228153 0.000228552
76160.000 -0.000158726 0.000255044 -0.000164182 0.00026778
76180.000 -8.58003e-05 0.000317585 -9.5843e-05 0.000305735
76200.000 -0.000169478 0.000289739 -0.000173473 0.000272105
76220.000 -8.58182e-05 0.000302468 -9.27978e-05 0.000309376
76240.000 -9.15415e-05 0.000284193 -9.13637e-05 0.000294521
76260.000 -0.000166616 0.00027764 -0.000161322 0.000269835
76280.000 -3.31115e-05 0.00032452 -2.11231e-05 0.000319486
76300.000 -3.34591e-06 0.000333715 -2.54363e-05 0.000326793
76320.000 5.24374e-05 0.000308056 5.12564e-05 0.000326075
76340.000 -7.94562e-05 0.000311021 -7.44082e-05 0.000311569
76360.000 -8.53222e-05 0.000326653 -9.2401e-05 0.000318526
% Warning: sampling overrun detected
76380.000 -0.000156827 0.00027266 -0.000157683 0.000268465
% Warning: sampling overrun detected
76400.000 -0.000186903 0.000237046 -0.000188589 0.000243034
% Warning: sampling overrun detected
76420.000 -0.000132997 0.000282012 -0.000143082 0.000276811
% Warning: sampling overrun detected
76440.000 2.75579e-05 0.000310013 1.96301e-05 0.00029772
% Warning: sampling overrun detected
76460.000 9.63115e-05 0.000288091 0.000106468 0.000289135
% Warning: sampling overrun detected
76480.000 0.000104296 0.0002923 0.000100848 0.000288185
% Warning: sampling overrun detected
76500.000 3.93734e-05 0.000299947 3.46577e-05 0.000289749
% Warning: sampling overrun detected
76520.000 6.66102e-05 0.000308842 6.07764e-05 0.000292405
% Warning: sampling overrun detected
76540.000 7.42024e-05 0.000290119 6.07321e-05 0.000309444
% Warning: sampling overrun detected
76560.000 5.84503e-05 0.000293682 7.96378e-05 0.000286353
% Warning: sampling overrun detected
76580.000 4.4159e-05 0.000299929 5.79689e-05 0.000296996
% Warning: sampling overrun detected
76600.000 7.87218e-05 0.00030849 6.56853e-05 0.000316247
% Warning: sampling overrun detected
76620.000 -3.74133e-05 0.000313888 -2.62299e-05 0.000306029
% Warning: sampling overrun detected
76640.000 -0.000135471 0.000273601 -0.000139715 0.000290355
76660.000 -0.000167 0.000247182 -0.000184685 0.000253933
% Warning: sampling overrun detected
76680.000 -0.000256115 0.000171708 -0.000257462 0.000171083
% Warning: sampling overrun detected
76700.000 -0.000294117 9.50499e-05 -0.000287919 9.58956e-05
% Warning: sampling overrun detected
76720.000 -0.000303224 9.26425e-05 -0.000292545 0.000105553
% Warning: sampling overrun detected
76740.000 -0.000307715 -3.23599e-05 -0.000305411 -3.59798e-05
% Warning: sampling overrun detected
76760.000 -0.000292563 -2.55968e-05 -0.000311123 -2.61739e-05
% Warning: sampling overrun detected
76780.000 -0.000303079 5.96765e-06 -0.000298347 -8.94932e-06
% Warning: sampling overrun detected
76800.000 -0.000318756 1.10624e-05 -0.00032291 1.41488e-06
% Warning: sampling overrun detected
76820.000 -0.00030251 6.74967e-05 -0.000301574 5.65452e-05
% Warning: sampling overrun detected
76840.000 -0.000276354 -0.000124898 -0.000283757 -0.000142164
% Warning: sampling overrun detected
76860.000 -0.000285636 -0.000154339 -0.000283389 -0.00013844
% Warning: sampling overrun detected
76880.000 -0.000293957 -9.88631e-05 -0.00028646 -0.000105514
% Warning: sampling overrun detected
76900.000 -0.000315181 1.07048e-05 -0.000296465 9.1546e-07
% Warning: sampling overrun detected
76920.000 -0.000303678 4.57813e-05 -0.000293889 4.56467e-05
% Warning: sampling overrun detected
76940.000 -0.000302217 4.99575e-06 -0.00029596 6.72326e-06
% Warning: sampling overrun detected
76960.000 -0.000303509 3.32468e-05 -0.000294703 2.58243e-05
% Warning: sampling overrun detected
76980.000 -0.000297154 2.64672e-05 -0.000303866 2.77791e-05
77000.000 -0.000301182 -5.64716e-05 -0.000289302 -6.36328e-05
77020.000 -0.000279856 6.87818e-05 -0.000280058 7.35058e-05
77040.000 -0.000301815 8.13689e-05 -0.000285869 6.51091e-05
77060.000 -0.000300348 4.16863e-05 -0.000297318 5.77386e-05
77080.000 -0.000305607 1.02573e-05 -0.000304433 -1.44982e-05
77100.000 -0.000244404 -0.000169085 -0.000259304 -0.00017683
77120.000 -0.000233174 -0.000215722 -0.00025081 -0.000214557
77140.000 -0.000199831 -0.000235402 -0.000208472 -0.000238112
77160.000 -0.00027421 -0.000196301 -0.000277997 -0.0001854
77180.000 -0.000279705 -2.76768e-05 -0.000302253 -3.57118e-05
77200.000 -0.000288503 -3.01577e-05 -0.000291324 -3.24704e-05
77220.000 -0.000313166 -0.000127228 -0.000277614 -0.000134447
77240.000 -0.000265181 0.000107166 -0.000276176 0.000100973
77260.000 -0.00022256 0.000191524 -0.000223062 0.000185167
77280.000 -0.000274827 0.000105786 -0.000274496 0.000104371
77300.000 -0.000280775 -4.90625e-05 -0.000280297 -3.94911e-05
77320.000 -0.000283428 -8.85199e-05 -0.000297488 -0.000102192
77340.000 -0.000310927 -7.46362e-05 -0.000310738 -6.33732e-05
77360.000 -0.000323841 -0.000119134 -0.000329515 -0.00012279
77380.000 -0.000258451 -0.000181252 -0.00026112 -0.000203262
77400.000 -0.000204941 -0.000213768 -0.000206693 -0.00020957
77420.000 -0.000196627 -0.000234492 -0.0001896 -0.000235435
77440.000 -9.87874e-05 -0.000285685 -0.000104002 -0.0002918
77460.000 -0.000120124 -0.000293185 -0.000119795 -0.000275258
77480.000 -9.0977e-05 -0.000307309 -9.87558e-05 -0.000294869
77500.000 -2.71458e-05 -0.00029456 -3.45722e-05 -0.000311011
77520.000 -4.7953e-05 -0.000296676 -5.71048e-05 -0.0002979
77540.000 -0.000136947 -0.000281 -0.000118327 -0.000287537
77560.000 -0.000162693 -0.000261561 -0.000158864 -0.000261047
77580.000 -0.000172328 -0.00027123 -0.0001822 -0.000280814
77600.000 -0.000183861 -0.000252192 -0.000181152 -0.000268051
77620.000 -0.000210828 -0.000258883 -0.000210835 -0.000267086
77640.000 -0.000132074 -0.000287912 -0.000146024 -0.000285435
77660.000 -5.9123e-05 -0.000335437 -5.8211e-05 -0.00032766
77680.000 -2.81749e-05 -0.00032508 -2.33775e-05 -0.000336119
77700.000 -0.000126569 -0.000331952 -0.000114399 -0.000321633
77720.000 -4.02133e-05 -0.000315433 -3.0147e-05 -0.000324109
77740.000 -2.9913e-05 -0.000317681 -3.71837e-05 -0.000311244
77760.000 -5.35295e-05 -0.000314444 -5.00332e-05 -0.00031292
77780.000 -0.00018228 -0.000272217 -0.000170512 -0.000275562
77800.000 -0.000213574 -0.000243365 -0.000217389 -0.000234246
77820.000 -0.000266066 -0.000197636 -0.000228482 -0.000198666
77840.000 -0.000180902 -0.000266016 -0.00018821 -0.000250686
77860.000 -0.000256536 -0.000174361 -0.000259988 -0.00017514
77880.000 -0.000248854 -0.000202121 -0.00025789 -0.000186817
77900.000 -0.000189675 -0.000240993 -0.000198671 -0.000242637
77920.000 -0.000243011 -0.000196938 -0.000244781 -0.000202214
77940.000 -0.000251155 -0.00020738 -0.000236316 -0.000189389
77960.000 -0.000251133 -0.000181441 -0.000247671 -0.000177772
77980.000 -0.000296972 -0.000109115 -0.000295125 -0.000109456
78000.000 -0.000206528 -0.000253271 -0.000195489 -0.000229403
78020.000 -0.000234815 -0.000209125 -0.000236056 -0.000202392
78040.000 -0.00030529 -0.000109665 -0.00029056 -0.000106755
78060.000 -0.000305099 -0.000113279 -0.000292376 -9.42789e-05
78080.000 -0.000252245 -0.000196822 -0.000247553 -0.000201775
78100.000 -0.000130927 -0.000287031 -0.000115675 -0.000301568
78120.000 -0.000159263 -0.000284643 -0.000169423 -0.000270323
78140.000 -0.000109818 -0.000301282 -9.83536e-05 -0.00031316
78160.000 -0.000156585 -0.0002743 -0.000167521 -0.000278961
78180.000 -0.000250139 -0.000216595 -0.00024358 -0.000191543
78200.000 -0.000306466 -9.69589e-05 -0.000303437 -9.29516e-05
78220.000 -0.000319038 -1.42776e-06 -0.000313829 -5.40061e-06
78240.000 -0.000321684 -4.57749e-05 -0.000327751 -4.5377e-05
78260.000 -0.000308413 -5.71039e-05 -0.000307515 -4.71212e-05
78280.000 -0.000316457 -6.74608e-05 -0.000327999 -6.08609e-05
78300.000 -0.00030684 -1.90868e-06 -0.000319769 -2.19163e-05
78320.000 -0.000273888 -7.98024e-05 -0.000264081 -7.22734e-05
78340.000 -0.000286425 -0.000150399 -0.000275134 -0.00016044
78360.000 -0.000284404 -0.000144521 -0.000285558 -0.000130786
78380.000 -0.000265968 -0.000144785 -0.000257428 -0.000143294
78400.000 -0.000271909 -0.000105881 -0.000268009 -0.000127641
78420.000 -0.00030318 -0.000130808 -0.000286633 -0.000136501
78440.000 -0.000281453 -0.000151442 -0.000284484 -0.000144079
78460.000 -0.000292193 -0.000104739 -0.000287871 -0.000109725
78480.000 -0.000304627 -5.5408e-05 -0.00030647 -4.23858e-05
78500.000 -0.000270473 0.000139452 -0.000267116 0.000146046
78520.000 -0.000276953 0.000134249 -0.00027164 0.000126706
78540.000 -0.000274747 0.000142791 -0.000267899 0.000118301
78560.000 -0.000277119 0.000154809 -0.000267125 0.000146739
78580.000 -0.000291351 4.57547e-05 -0.00029599 6.5075e-05
78600.000 -0.000302682 1.731e-05 -0.000304623 2.27129e-05
78620.000 -0.000309937 -1.98424e-06 -0.000302874 -1.95035e-06
78640.000 -0.000290373 6.94704e-05 -0.000302161 6.34543e-05
78660.000 -0.000249324 0.000162443 -0.000239001 0.000171313
78680.000 -0.000223964 0.000208628 -0.000219491 0.000203364
78700.000 -0.000305225 7.14892e-05 -0.000317769 6.23617e-05
78720.000 -0.000313332 -2.44376e-05 -0.000307284 -2.01849e-05
78740.000 -0.000300864 -0.000120187 -0.000300881 -0.000112148
78760.000 -0.000321389 2.63503e-05 -0.000323628 5.12915e-06
% Warning: sampling overrun detected
78780.000 -0.000359287 -7.91903e-05 -0.000366661 -9.83889e-05
78800.000 -0.000314247 -0.000190405 -0.00031594 -0.000199952
78820.000 -0.000353803 -3.78496e-05 -0.000348402 -3.03146e-05
78840.000 -0.000354087 -1.12121e-05 -0.000330087 -1.25763e-05
78860.000 -0.000301567 -0.000145901 -0.000316137 -0.000133482
78880.000 -0.000308564 -0.000196883 -0.000300081 -0.00020288
78900.000 -0.000207916 -0.000291433 -0.000206082 -0.00028896
78920.000 -0.000196648 -0.000318691 -0.000195352 -0.000299328
78940.000 -0.000174871 -0.000297756 -0.000159811 -0.000303405
78960.000 -0.000208347 -0.000321743 -0.000226843 -0.000331022
78980.000 -0.000120435 -0.000329836 -0.000114003 -0.000341104
79000.000 -0.000108009 -0.000389926 -0.000106584 -0.000390787
79020.000 -8.85833e-05 -0.000357502 -9.6548e-05 -0.000337662
79040.000 -4.50854e-05 -0.000432357 -3.74659e-05 -0.000420054
79060.000 5.42458e-07 -0.000364629 1.24474e-05 -0.000394194
79080.000 -0.00010614 -0.000350326 -8.49811e-05 -0.000369347
79100.000 -0.000169153 -0.00033861 -0.000174573 -0.000335179
79120.000 5.81589e-05 -0.000370984 6.42048e-05 -0.000359631
79140.000 1.49307e-05 -0.00038909 3.20145e-05 -0.000391331
79160.000 -9.57017e-05 -0.000358746 -8.64569e-05 -0.000364591
79180.000 -0.000144194 -0.000353969 -0.000132811 -0.000355341
79200.000 -6.13939e-05 -0.000345364 -5.7343e-05 -0.000337476
79220.000 -0.000139428 -0.000266835 -0.000143427 -0.000264861
79240.000 -0.000183539 -0.000291176 -0.000175233 -0.000268584
79260.000 -0.000257252 -0.000264264 -0.000247739 -0.000259539
79280.000 -0.000292028 -0.000210523 -0.000293807 -0.000229309
79300.000 -0.000170117 -0.000274335 -0.000160762 -0.000278329
79320.000 -5.10299e-05 -0.000335281 -5.11259e-05 -0.00034492
79340.000 1.48686e-05 -0.000335107 9.79145e-06 -0.000329988
79360.000 0.000114658 -0.000336607 0.000135944 -0.000325615
79380.000 8.67138e-05 -0.000287096 9.14176e-05 -0.000286604
79400.000 0.000156806 -0.000288711 0.000159866 -0.000297498
79420.000 0.000131137 -0.00029555 0.000137886 -0.000309524
79440.000 0.000276538 -0.000178247 0.000265818 -0.000190325
79460.000 0.000308078 -0.000159421 0.000316386 -0.000148379
79480.000 0.000267745 -0.000243968 0.000267715 -0.000223727
79500.000 0.000197829 -0.000289434 0.000200072 -0.000263461
79520.000 9.89189e-05 -0.000323472 8.81751e-05 -0.000321337
79540.000 0.000132434 -0.000308237 0.000122361 -0.000303101
79560.000 4.26127e-05 -0.000307851 5.09781e-05 -0.000304145
79580.000 0.00013647 -0.000283123 0.000148837 -0.000282418
79600.000 0.000216563 -0.000224329 0.000220392 -0.000235549
79620.000 0.000230578 -0.000218638 0.000237568 -0.000214765
79640.000 0.000246379 -0.00021134 0.000239791 -0.000203434
79660.000 0.00028815 -0.000186204 0.000276451 -0.000174611
79680.000 0.000264938 -0.000192611 0.000262014 -0.000187314
79700.000 0.000152945 -0.000286058 0.000155487 -0.000287035
79720.000 0.000160556 -0.000279455 0.000141438 -0.000296728
79740.000 7.33062e-06 -0.000307937 2.63323e-05 -0.000321774
79760.000 -6.31232e-05 -0.00032538 -6.91781e-05 -0.000325598
79780.000 8.38193e-05 -0.000353758 0.000105436 -0.000341537
79800.000 0.000144352 -0.000327729 0.000141436 -0.000321555
79820.000 9.33227e-05 -0.000346812 7.63476e-05 -0.000349347
79840.000 3.52392e-05 -0.000374631 3.36888e-05 -0.000367057
79860.000 0.00011124 -0.000367892 0.000104541 -0.000350134
79880.000 0.000167815 -0.000340462 0.000156344 -0.00034942
79900.000 0.000108254 -0.000365446 0.000105421 -0.000352763
79920.000 6.17356e-05 -0.000344245 7.36215e-05 -0.000348205
79940.000 -0.000118824 -0.000322608 -0.00012054 -0.000347756
79960.000 -0.000242921 -0.000211862 -0.000262201 -0.000204081
79980.000 -0.000284885 -0.000209983 -0.000293785 -0.000236092
80000.000 -0.000223745 -0.000268815 -0.000219458 -0.000263063
80020.000 -0.000121312 -0.000313297 -0.000115342 -0.000324641
80040.000 -1.87994e-05 -0.000356154 -1.73526e-05 -0.000360372
80060.000 0.000120641 -0.000310432 0.000119629 -0.00032191
80080.000 0.000235522 -0.000255604 0.00023803 -0.000263268
80100.000 0.000318661 -0.000153415 0.000319471 -0.000125512
80120.000 0.000348434 -2.5658e-05 0.000347818 -3.23121e-05
80140.000 0.000338456 8.21971e-05 0.000357076 8.67567e-05
80160.000 0.000318957 0.000158157 0.000332437 0.000144574
80180.000 0.000359329 2.3105e-05 0.000352271 3.67757e-05
80200.000 0.000371147 -4.51846e-05 0.000350967 -2.96462e-05
80220.000 0.000352637 -0.000109046 0.000352322 -9.31242e-05
80240.000 0.000318476 -0.000205026 0.000291974 -0.000194233
80260.000 0.000360232 -0.000105436 0.00036542 -8.25376e-05
80280.000 0.000355858 0.00010974 0.00036081 0.000118992
80300.000 0.000335547 0.000172795 0.000333574 0.000179424
80320.000 0.000241455 0.00029008 0.000237661 0.000294116
80340.000 0.000265072 0.000271989 0.000241898 0.0002775
80360.000 0.000218078 0.000291008 0.000206243 0.000289582
80380.000 0.000196904 0.000367925 0.000197476 0.000383205
80400.000 0.000209127 0.00027058 0.000200801 0.000269895
80420.000 0.000247322 0.000200263 0.000240153 0.00020294
80440.000 0.000308487 0.000125512 0.00033351 0.000138055
80460.000 0.000353058 9.72572e-05 0.000351653 7.57572e-05
80480.000 0.00032778 0.000162298 0.00031614 0.00017681
80500.000 0.000303091 0.000188995 0.000312212 0.000185873
80520.000 0.000309351 0.000169574 0.000305185 0.000189494
80540.000 0.000351686 0.00011721 0.000346542 0.000117204
80560.000 0.000362222 -1.1546e-05 0.000361043 -1.45555e-05
% Warning: sampling overrun detected
80580.000 0.000373849 -1.83038e-06 0.000380664 -3.80125e-06
80600.000 0.000369382 6.93937e-05 0.000346916 7.04269e-05
80620.000 0.000356687 0.000119054 0.000338134 0.000123984
% Warning: sampling overrun detected
80640.000 0.000335824 0.000118015 0.000360013 0.000108195
80660.000 0.000324487 0.000165087 0.000341369 0.00018221
80680.000 0.000361351 -6.33621e-06 0.000355663 2.36373e-06
% Warning: sampling overrun detected
80700.000 0.000371983 -4.0966e-05 0.000369826 -2.85413e-05
80720.000 0.000361712 -3.63965e-05 0.000378612 -2.36022e-05
80740.000 0.000359342 3.26662e-05 0.000365659 4.43822e-05
% Warning: sampling overrun detected
80760.000 0.000336667 -2.36467e-05 0.000354313 -2.99001e-05
% Warning: sampling overrun detected
80780.000 0.000325538 -3.7408e-06 0.000324131 -4.6777e-06
% Warning: sampling overrun detected
80800.000 0.000313472 -2.80849e-05 0.000321857 -1.40111e-05
80820.000 0.000337658 -7.01286e-05 0.000332504 -6.44042e-05
80840.000 0.000358425 4.14425e-05 0.000353964 4.73158e-05
80860.000 0.00034371 8.0123e-05 0.000352185 8.15507e-05
% Warning: sampling overrun detected
80880.000 0.000343395 0.000130794 0.00032874 0.000129356
% Warning: sampling overrun detected
80900.000 0.00035039 8.96352e-05 0.000323671 8.24161e-05
% Warning: sampling overrun detected
80920.000 0.000339349 6.13635e-05 0.000329262 6.76373e-05
% Warning: sampling overrun detected
80940.000 0.000346483 8.58515e-05 0.000355555 8.22264e-05
80960.000 0.000336972 6.98311e-05 0.000325516 7.5714e-05
80980.000 0.000321861 7.74662e-05 0.000331059 7.84375e-05
% Warning: sampling overrun detected
81000.000 0.000354435 -5.09584e-05 0.000339547 -5.26128e-05
81020.000 0.000332172 -2.08155e-05 0.000342259 -1.97795e-05
81040.000 0.000335929 -3.7906e-05 0.000343303 -1.71655e-05
% Warning: sampling overrun detected
81060.000 0.000247948 -0.00021551 0.000262951 -0.000208466
81080.000 0.000228138 -0.000223611 0.000242338 -0.000211886
81100.000 0.000252022 -0.00018242 0.000261184 -0.000169838
% Warning: sampling overrun detected
81120.000 0.000255125 -0.000175136 0.000253537 -0.000161573
% Warning: sampling overrun detected
81140.000 0.0003014 -0.000155044 0.000299474 -0.000132827
% Warning: sampling overrun detected
81160.000 0.00034504 -6.60305e-06 0.000341349 -6.17812e-06
81180.000 0.000311716 -8.31878e-06 0.000328591 2.94119e-06
81200.000 0.000286249 1.92724e-05 0.000301603 2.84156e-05
81220.000 0.000294314 3.1836e-05 0.000288115 5.08031e-05
81240.000 0.000303928 0.00014708 0.000300117 0.000145125
81260.000 0.000309382 0.000155553 0.000316706 0.000162686
81280.000 0.000308856 0.000154409 0.000319867 0.000161485
81300.000 0.000354602 9.0055e-05 0.000370613 8.44082e-05
81320.000 0.000332951 0.000124794 0.000319528 0.000134712
81340.000 0.000335305 7.14297e-05 0.000351445 6.92632e-05
81360.000 0.000326442 -4.29516e-05 0.000352702 -5.64315e-05
81380.000 0.000341777 -7.7503e-05 0.000332812 -7.85083e-05
81400.000 0.000330058 -0.000156137 0.00033011 -0.000158835
81420.000 0.000349926 -9.23933e-05 0.000333072 -0.000103907
81440.000 0.000369529 -8.11793e-05 0.000371857 -6.2425e-05
81460.000 0.000353804 -9.03292e-05 0.000349436 -9.52021e-05
81480.000 0.000344723 -9.14906e-05 0.000354873 -7.55406e-05
81500.000 0.000330261 -9.44285e-05 0.000349548 -9.60986e-05
81520.000 0.000347405 -2.5735e-06 0.00036201 1.60813e-05
81540.000 0.000329507 0.000158535 0.000330031 0.000163007
81560.000 0.000298209 0.000237749 0.00028012 0.000225728
81580.000 0.000328862 0.000151442 0.000339187 0.000156856
81600.000 0.000313418 0.000174071 0.000299347 0.00020067
81620.000 0.000276743 0.000209849 0.00025751 0.00023603
81640.000 0.000321987 0.000174703 0.000303409 0.000180256
81660.000 0.000223155 0.000274475 0.000218292 0.000277805
81680.000 0.000278621 0.00022195 0.000260129 0.000243675
81700.000 0.000318122 0.000181147 0.000321262 0.00017865
81720.000 0.000270432 0.000198113 0.00026093 0.000202191
81740.000 0.00029988 0.0001828 0.000288546 0.000184814
81760.000 0.000249757 0.000220999 0.000244425 0.000214113
% Warning: sampling overrun detected
81780.000 0.000231122 0.00021397 0.000222387 0.00021771
81800.000 0.000148194 0.000268074 0.000143986 0.00027167
81820.000 0.000101727 0.000309785 9.04331e-05 0.000315107
81840.000 0.000269794 0.000169639 0.000266096 0.000174279
81860.000 0.000251196 0.000193455 0.000258988 0.000215145
81880.000 0.000236293 0.000247552 0.000228162 0.000231895
81900.000 0.000174069 0.000277126 0.000176426 0.000276214
81920.000 0.000126474 0.00032703 0.000127659 0.000334552
81940.000 7.69496e-05 0.000338832 8.72309e-05 0.000341248
81960.000 -3.38553e-05 0.000355629 -4.61501e-05 0.00035513
81980.000 -0.000204561 0.000295061 -0.000214557 0.00030196
82000.000 -0.000224218 0.000275426 -0.000230589 0.000268428
82020.000 -0.00022264 0.00027522 -0.000247234 0.000276511
82040.000 -5.54965e-05 0.00037011 -7.35208e-05 0.000359507
82060.000 4.40929e-05 0.000370861 1.80391e-05 0.000365756
82080.000 0.000118449 0.000347361 0.000124912 0.000336454
82100.000 6.95385e-05 0.000379158 6.20931e-05 0.000360652
82120.000 0.000240684 0.000263463 0.000242321 0.000272711
82140.000 0.000297952 0.000197425 0.000301157 0.000198164
82160.000 0.000338322 0.000126301 0.000326192 0.000152139
82180.000 0.000280352 0.000215335 0.000279179 0.000231984
82200.000 0.000341696 0.000128281 0.000344694 0.000143521
82220.000 0.00034551 -0.000105484 0.000358391 -8.6441e-05
82240.000 0.000310729 -0.000161358 0.000332179 -0.000143909
82260.000 0.000305101 -0.00023405 0.000301241 -0.000215851
82280.000 0.000240217 -0.000287954 0.000232685 -0.000277746
82300.000 0.000178873 -0.000315822 0.000196176 -0.00030929
82320.000 0.000183651 -0.000294526 0.000194741 -0.000301532
82340.000 0.000335989 -0.000195516 0.000327012 -0.000176564
82360.000 0.000307176 -0.000211641 0.000292461 -0.0001993
82380.000 0.00030406 -0.00021721 0.000296888 -0.000203666
82400.000 0.000335199 -0.000123972 0.000347424 -0.000135312
82420.000 0.000361229 1.61761e-05 0.000372384 -3.99715e-06
82440.000 0.000299705 8.96845e-05 0.000321726 0.000100122
82460.000 0.000289663 0.00015098 0.000287099 0.000154093
82480.000 0.000293629 9.11426e-05 0.000303233 7.9643e-05
82500.000 0.000343192 2.01069e-05 0.000348006 2.93177e-05
82520.000 0.000336804 -3.96438e-05 0.000328583 -1.98302e-05
82540.000 0.000315775 -1.80926e-05 0.000327224 -1.0704e-05
82560.000 0.000308968 0.000148339 0.000308095 0.000142803
82580.000 0.000302921 0.000122887 0.00030635 0.000114298
82600.000 0.000297297 0.000123714 0.00030922 0.000151562
82620.000 0.000338191 8.51282e-05 0.00034186 9.82245e-05
82640.000 0.000317513 9.79683e-05 0.000315009 0.000104395
82660.000 0.000277029 0.000175188 0.000274316 0.000192239
82680.000 0.000154 0.000282269 0.000167418 0.000293266
82700.000 0.000239931 0.000238773 0.000234536 0.000244688
82720.000 0.000272058 0.000169981 0.000285685 0.00018154
82740.000 0.000306188 0.000173883 0.000298324 0.000171819
82760.000 0.000297321 0.000123883 0.000304111 0.000109324
82780.000 0.00028059 0.00017081 0.000284582 0.000167658
82800.000 0.000252141 0.00022338 0.000237507 0.000231968
82820.000 0.000331003 9.85987e-05 0.000324197 0.000109588
82840.000 0.000278222 0.00013422 0.000276309 0.00014063
82860.000 0.000223171 0.000228923 0.000214385 0.000210523
82880.000 0.000173704 0.000274475 0.000178449 0.000262763
82900.000 0.000135902 0.000295662 0.000139497 0.000292793
82920.000 0.000127679 0.0002774 0.000152974 0.000267293
82940.000 6.67197e-06 0.000293962 3.30788e-06 0.000299227
82960.000 -8.11263e-05 0.00031766 -9.40748e-05 0.000311617
82980.000 -0.000193359 0.000265835 -0.000212153 0.00023967
83000.000 -8.76256e-05 0.000333754 -7.23872e-05 0.000346403
83020.000 2.83631e-07 0.000289738 -2.22693e-05 0.00028741
83040.000 -1.18097e-05 0.000308704 -9.01554e-06 0.000310592
83060.000 6.36521e-05 0.000334898 6.90314e-05 0.000320086
83080.000 0.000162914 0.000301024 0.000170595 0.000287687
83100.000 0.00020838 0.000211663 0.000202295 0.000214337
83120.000 0.000245548 0.000241675 0.000255259 0.000269292
83140.000 0.000186402 0.000225677 0.000185483 0.000243109
83160.000 0.00021969 0.000235706 0.000217511 0.000249744
83180.000 0.000302267 0.000232315 0.00031492 0.000246865
83200.000 0.000207901 0.000248382 0.000224144 0.000254454
83220.000 0.000211861 0.000261987 0.000219008 0.000245416
83240.000 0.000224682 0.000255423 0.000213203 0.000269276
83260.000 0.00022838 0.000266831 0.000211453 0.000267493
83280.000 0.000302476 0.000157855 0.000317475 0.000179575
83300.000 0.000308202 0.000110203 0.000313638 0.000127029
83320.000 0.000327305 8.25764e-05 0.000326008 8.97909e-05
83340.000 0.000305399 0.000107946 0.000294369 0.000102878
83360.000 0.000350939 1.27989e-05 0.000357008 1.31677e-05
83380.000 0.000329165 -5.6656e-05 0.000341699 -2.14659e-05
83400.000 0.000320739 -2.1666e-05 0.000314192 -1.54102e-05
83420.000 0.000265767 -0.000123831 0.000267233 -0.000105626
83440.000 0.000199524 -0.000276665 0.000210243 -0.000270756
83460.000 -4.84401e-05 -0.000326399 -3.73426e-05 -0.000336343
83480.000 -0.000200757 -0.000254967 -0.000197486 -0.000250272
83500.000 -0.000312948 -0.000158327 -0.000306256 -0.000169712
83520.000 -0.000245705 -0.00010583 -0.000244471 -0.0001022
83540.000 -0.000317306 -0.000107156 -0.000315715 -0.000116324
83560.000 -0.000294939 -0.000193005 -0.000282625 -0.000222588
% Warning: sampling overrun detected
83580.000 -0.000261672 -0.000175628 -0.00025062 -0.000182246
83600.000 -0.000263542 -0.000154668 -0.000267368 -0.000149777
83620.000 -0.000228587 -0.000155809 -0.000241025 -0.000157134
83640.000 -0.000262955 -0.000161546 -0.000262139 -0.000159027
83660.000 -0.000180507 -0.000222706 -0.000189565 -0.000228801
83680.000 -0.00021119 -0.000213028 -0.000220105 -0.000227443
83700.000 -0.000150525 -0.000243934 -0.000134325 -0.000254908
83720.000 -0.000127496 -0.000287766 -0.000117003 -0.000276632
83740.000 -0.000132199 -0.00028592 -0.000121638 -0.000269752
83760.000 -0.000132404 -0.000283197 -0.000118883 -0.000273302
83780.000 -0.000224139 -0.000193986 -0.000224153 -0.000206637
83800.000 -0.00027682 -0.000124173 -0.000277064 -0.000117249
83820.000 -0.000293353 -5.42854e-05 -0.000291696 -5.45417e-05
83840.000 -0.000309277 -3.38886e-05 -0.000292311 -2.51707e-05
83860.000 -0.000301847 2.79831e-05 -0.000296556 4.3993e-05
83880.000 -0.000274947 9.99606e-05 -0.000273634 0.000108002
83900.000 -0.000289027 3.30416e-05 -0.000299044 4.59485e-05
83920.000 -0.000273331 8.67225e-05 -0.000271238 8.6525e-05
83940.000 -0.000288804 3.51387e-05 -0.00027991 3.87588e-05
83960.000 -0.000288264 -2.26407e-05 -0.000275231 -1.20629e-05
83980.000 -0.000279387 -1.25863e-05 -0.000276485 -1.36932e-05
84000.000 -0.000318111 -4.18411e-05 -0.000325035 -5.24751e-05
84020.000 -0.00025024 -0.000125144 -0.000247285 -0.000115781
84040.000 -0.000286734 -0.000123473 -0.000283612 -0.000130708
84060.000 -0.000250703 -4.6706e-05 -0.000257945 -4.47527e-05
84080.000 -0.000286752 -0.000117966 -0.000263125 -0.000123519
84100.000 -0.000300672 -4.79986e-05 -0.000314333 -6.12475e-05
84120.000 -0.000308351 2.00756e-05 -0.000295593 1.35852e-05
84140.000 -0.000217887 0.000218615 -0.00023189 0.000227288
84160.000 -0.000238301 0.000175592 -0.000265068 0.000191828
84180.000 -0.000273206 0.000167209 -0.000268647 0.000162184
84200.000 -0.000288733 0.000257881 -0.000307544 0.000266712
84220.000 -0.000251849 0.000228272 -0.000251332 0.000212932
84240.000 -0.000180668 0.000277764 -0.000214203 0.000276774
84260.000 -9.72318e-05 0.000327677 -0.000109469 0.000317581
84280.000 -8.25012e-06 0.000309638 6.24804e-06 0.000314473
84300.000 0.000143309 0.000303015 0.000121629 0.000314431
% Warning: sampling overrun detected
84320.000 0.000185805 0.000286295 0.000149245 0.000303786
84340.000 0.000301739 0.000138755 0.000302743 0.000157635
84360.000 0.000302871 0.000114345 0.000310474 0.000134279
84380.000 0.000256519 0.000125915 0.00025309 0.000128654
84400.000 0.000241754 9.01525e-05 0.000246627 8.4744e-05
84420.000 0.00028245 8.47656e-05 0.000270586 8.09088e-05
84440.000 0.000324393 0.000108575 0.000315869 0.000128195
84460.000 0.000322148 0.000125808 0.000319031 0.000125345
84480.000 0.000367025 0.000145755 0.00037129 0.000167282
84500.000 0.000358685 4.03058e-05 0.000362618 5.0465e-05
84520.000 0.00031517 -1.05149e-05 0.000315195 8.64968e-06
84540.000 0.000345802 0.00011086 0.000328149 0.000138605
84560.000 0.00029062 0.00019128 0.000283904 0.000203384
84580.000 0.000279596 0.000196172 0.000265787 0.000213206
84600.000 0.00026502 0.000215022 0.000255607 0.000221014
% Warning: sampling overrun detected
84620.000 0.000276783 0.000190908 0.000255156 0.000205486
% Warning: sampling overrun detected
84640.000 0.000244676 0.000205173 0.000255565 0.000223776
84660.000 0.000304734 0.000148425 0.000294924 0.000134815
84680.000 0.000293093 0.000138689 0.000326573 0.000141858
84700.000 0.000311535 0.000166601 0.000276508 0.000182034
84720.000 0.000297073 0.00021113 0.000278048 0.000194464
84740.000 0.000310638 0.000158675 0.000302779 0.000147654
84760.000 0.000337514 1.66153e-05 0.000337956 1.55731e-05
84780.000 0.000326574 -6.09313e-05 0.000328885 -7.03431e-05
84800.000 0.000234032 -0.000178822 0.000253138 -0.000178299
84820.000 2.23931e-05 -0.000287717 4.0229e-05 -0.000303586
84840.000 -3.38649e-05 -0.000290475 -2.65093e-05 -0.000292857
84860.000 -2.80362e-05 -0.000293575 -3.48994e-05 -0.00028315
84880.000 -7.70328e-05 -0.000286672 -8.90661e-05 -0.00028424
84900.000 -6.74645e-05 -0.00028883 -5.90189e-05 -0.000293416
84920.000 -6.09735e-05 -0.000299406 -7.04321e-05 -0.000289829
84940.000 3.98467e-05 -0.000294184 4.31487e-05 -0.000296851
84960.000 2.11361e-05 -0.000276404 1.11855e-05 -0.000284944
84980.000 1.33511e-05 -0.000289737 2.01854e-05 -0.000285338
85000.000 -8.26267e-05 -0.000292905 -8.44553e-05 -0.000285149
85020.000 -6.25889e-05 -0.000262919 -7.63068e-05 -0.000254839
85040.000 -0.000214044 -0.0001978 -0.00019073 -0.000186016
85060.000 -0.000203323 -0.000197491 -0.000188778 -0.000196505
85080.000 -0.000224713 -0.000186029 -0.000231198 -0.000159736
85100.000 -0.00021572 -0.000193436 -0.000200084 -0.000190657
85120.000 -0.000184567 -0.000204456 -0.000202285 -0.000202176
85140.000 -0.000152255 -0.000239427 -0.000165204 -0.00023212
85160.000 -0.000208799 -0.000181103 -0.000219639 -0.000178132
85180.000 -0.000233725 -0.00017518 -0.000229021 -0.000188812
85200.000 -0.000271094 -0.000144898 -0.000269773 -0.000137343
85220.000 -0.000276711 -0.000148139 -0.000274793 -0.000133575
85240.000 -0.000306322 -0.000121869 -0.000295529 -0.000110744
85260.000 -0.00026316 -0.00016204 -0.000265894 -0.000159171
85280.000 -0.000287427 -0.000120711 -0.000298858 -9.87391e-05
85300.000 -0.000293898 -5.95994e-05 -0.00030264 -6.57921e-05
85320.000 -0.000294188 -8.88393e-05 -0.000295446 -0.000106263
85340.000 -0.000296211 -0.000105518 -0.000282303 -0.000118813
85360.000 -0.000268232 -0.000165554 -0.000270965 -0.000168591
85380.000 -0.000272765 -0.000183064 -0.000285568 -0.000175981
85400.000 -0.000297283 -0.000166459 -0.000302489 -0.000177397
85420.000 -0.000271808 -0.00020177 -0.000277126 -0.000187507
85440.000 -0.000223696 -0.00024613 -0.000211662 -0.000244969
85460.000 -0.000226496 -0.000248424 -0.000207802 -0.000270384
85480.000 -0.000140359 -0.000319881 -0.000129744 -0.000310408
85500.000 -9.27008e-05 -0.00031566 -8.49217e-05 -0.00032184
85520.000 -3.04955e-05 -0.000407814 -4.39476e-05 -0.000414604
85540.000 7.11481e-05 -0.000354447 9.25569e-05 -0.000360525
85560.000 0.000198963 -0.000264735 0.000216231 -0.000246673
85580.000 0.000290281 -7.69399e-05 0.000290778 -7.73624e-05
85600.000 0.000360674 -6.48652e-05 0.000357212 -5.03584e-05
85620.000 0.000300367 -2.65245e-06 0.000303546 -5.82712e-07
85640.000 0.000301909 0.000156491 0.000283134 0.000148458
85660.000 0.00030985 0.00014963 0.000291593 0.000169522
85680.000 0.000313959 9.0496e-05 0.000297247 7.80015e-05
85700.000 0.00027585 0.000121164 0.000287168 0.000121271
85720.000 0.000303751 5.77517e-05 0.000309235 5.07105e-05
85740.000 0.00035732 -3.53385e-05 0.000370291 -4.64727e-05
85760.000 0.000255992 -0.000159486 0.000256277 -0.000172297
85780.000 0.000288004 -0.000189777 0.00028927 -0.000196236
85800.000 0.000177187 -0.000245469 0.00017154 -0.000248323
85820.000 0.000116966 -0.000329188 0.000136017 -0.000334639
85840.000 8.38608e-05 -0.000329172 0.000111504 -0.000345363
85860.000 0.000113007 -0.000337362 0.000104238 -0.000344606
85880.000 0.000180265 -0.000294977 0.000193881 -0.000295868
85900.000 0.000132685 -0.000335484 0.000100868 -0.000325072
85920.000 -1.84791e-05 -0.000353946 -2.20085e-05 -0.000342818
85940.000 -9.38355e-05 -0.000328506 -8.25025e-05 -0.000335677
85960.000 9.84883e-05 -0.000338679 8.52825e-05 -0.000338035
85980.000 2.72421e-05 -0.000383601 3.0278e-05 -0.000365445
86000.000 1.34533e-05 -0.000363944 5.10222e-05 -0.000357166
86020.000 -4.99255e-06 -0.000350049 5.06828e-06 -0.000348887
86040.000 0.000105555 -0.00034626 0.000116517 -0.000354603
86060.000 3.63749e-05 -0.000333821 4.3964e-05 -0.000344945
86080.000 -3.44437e-05 -0.000360093 -4.59018e-05 -0.000346114
86100.000 -7.67873e-05 -0.000338857 -7.25666e-05 -0.000339436
86120.000 5.75053e-05 -0.000353145 2.71897e-05 -0.000334218
86140.000 8.44626e-05 -0.00033878 9.92128e-05 -0.000327713
86160.000 8.15862e-05 -0.00032422 7.68349e-05 -0.000320342
86180.000 4.83775e-05 -0.000338126 5.66444e-05 -0.000322574
86200.000 2.87604e-05 -0.00033507 3.39858e-05 -0.000342646
86220.000 -1.36408e-06 -0.000352027 -1.56697e-05 -0.000341747
86240.000 -1.25411e-05 -0.00032922 -2.74032e-05 -0.000347163
86260.000 -8.83227e-05 -0.000339005 -8.45725e-05 -0.000339927
86280.000 -8.6106e-05 -0.000333831 -9.48325e-05 -0.000340209
86300.000 -7.29958e-05 -0.000320108 -7.7413e-05 -0.000345032
86320.000 -7.59306e-05 -0.000350262 -7.78454e-05 -0.000337887
86340.000 -2.74506e-05 -0.000361504 -2.02686e-05 -0.000341928
86360.000 -4.63529e-05 -0.000359993 -6.19791e-05 -0.000356141
86380.000 -3.18938e-06 -0.00034368 -1.19216e-05 -0.000343236
