% UltraMSK: version 1.0 beta 16
% Site: localhost.localdomain
% Date: 2015-01-22
% Frequency: 40800.000000 Hz
% Baud Rate: 200 Hz
% VLF Channel: 3
% PPS Channel: 4
% Jack Server: default
% Output Format: Cartesian
% End
68560.000 3.68154e-05 0.00023231 4.12717e-05 0.000217417
68580.000 6.2596e-06 0.000237051 4.28527e-06 0.000222759
68600.000 -9.78566e-05 0.000216306 -8.78541e-05 0.000193488
68620.000 -0.00014366 0.000180164 -0.000139318 0.00016667
68640.000 -0.000124166 0.000186362 -0.000129828 0.000190625
68660.000 -0.00014976 0.000181462 -0.000155393 0.000162151
68680.000 -0.000180732 0.000137299 -0.000185747 0.000128001
68700.000 -0.000169349 0.000150984 -0.000170581 0.000145511
68720.000 -0.000161756 0.000170859 -0.000159359 0.000176022
68740.000 -0.000172017 0.000162991 -0.000170631 0.000158584
68760.000 -0.000217194 0.000116499 -0.000203565 0.000115894
68780.000 -0.000215297 0.000100824 -0.000208404 9.71008e-05
68800.000 -0.000204343 0.000122656 -0.000199835 0.000124787
68820.000 -0.000175197 0.000154668 -0.000173457 0.000161265
68840.000 -0.000148996 0.000186893 -0.000158707 0.000177862
68860.000 -0.000197994 0.000140205 -0.000195728 0.000132877
68880.000 -0.000240966 3.28507e-05 -0.000242394 2.48069e-05
68900.000 -0.000246595 -1.74329e-05 -0.000254545 -1.46108e-05
68920.000 -0.000234713 -7.13337e-05 -0.000228084 -7.87125e-05
68940.000 -0.000224419 -0.000113951 -0.000209059 -0.000115003
68960.000 -0.0002548 -2.43883e-05 -0.000249535 -2.05283e-05
68980.000 -0.000260021 -1.77803e-06 -0.000250257 9.62267e-06
69000.000 -0.000263154 4.00433e-05 -0.000245203 3.18986e-05
69020.000 -0.000234457 -4.98305e-05 -0.000247388 -5.03267e-05
69040.000 -0.000206031 -0.000142348 -0.000211815 -0.000130009
69060.000 -0.000178923 -0.000191355 -0.000177745 -0.000182519
69080.000 -0.00017101 -0.000162051 -0.000185632 -0.000161614
69100.000 -8.63452e-05 -0.000226339 -8.26289e-05 -0.000220194
69120.000 -5.38422e-05 -0.000241365 -4.84119e-05 -0.000229478
69140.000 -0.000110026 -0.000215011 -0.000109494 -0.000202578
69160.000 -0.000190875 -0.000128724 -0.000185818 -0.00011589
69180.000 -0.000231215 6.47427e-05 -0.000224196 4.14051e-05
69200.000 -0.000240116 -4.50809e-05 -0.000224906 -6.12428e-05
% Warning: sampling overrun detected
69220.000 -0.000159119 -0.000185422 -0.000156843 -0.000167434
69240.000 -7.2009e-05 -0.000222748 -7.62979e-05 -0.00020959
69260.000 -5.25407e-05 -0.000236692 -4.08396e-05 -0.000212042
69280.000 -5.91691e-05 -0.000236374 -3.16699e-05 -0.000217618
69300.000 -8.73282e-05 -0.000225652 -7.37817e-05 -0.000202032
69320.000 -8.374e-05 -0.000201686 -7.44689e-05 -0.000205326
69340.000 -7.95152e-05 -0.000215701 -5.63028e-05 -0.000209318
69360.000 -6.41518e-05 -0.000229937 -4.42759e-05 -0.000211741
69380.000 -0.000109258 -0.000203804 -0.000100496 -0.000185366
69400.000 -0.000157247 -0.000160589 -0.000145631 -0.000151261
69420.000 -6.90268e-05 -0.000215322 -7.03972e-05 -0.000200189
69440.000 -0.000111289 -0.000207935 -7.98872e-05 -0.000203062
69460.000 -5.43973e-05 -0.000221312 -4.50765e-05 -0.000219796
69480.000 -1.31598e-05 -0.000236095 -4.12411e-06 -0.000227764
69500.000 3.00324e-05 -0.000224232 3.77174e-05 -0.000221071
69520.000 3.51362e-05 -0.000228963 4.68393e-05 -0.000208324
69540.000 0.000132453 -0.000198553 0.000117458 -0.000188991
69560.000 0.000126424 -0.000197075 0.000122941 -0.000192838
69580.000 0.000113 -0.000205072 0.000120574 -0.000194674
69600.000 0.000189531 -0.000137706 0.000187389 -0.000141526
69620.000 0.000187127 -0.000133333 0.000177442 -0.000134567
69640.000 0.000216309 -9.34087e-05 0.000207968 -8.931e-05
69660.000 0.000248361 3.38303e-06 0.000225345 1.32177e-05
69680.000 0.000251518 3.75105e-05 0.000233358 3.93768e-05
69700.000 0.000205905 0.000104279 0.000206409 9.52625e-05
69720.000 0.000241215 6.79528e-05 0.000238217 6.09698e-05
69740.000 0.000241151 -4.34331e-08 0.000244637 -9.30258e-06
69760.000 0.000231665 -7.8878e-05 0.000238942 -8.814e-05
69780.000 0.000238778 -8.10705e-05 0.000249275 -7.81783e-05
69800.000 0.000228301 -6.45577e-05 0.000230205 -6.93488e-05
69820.000 0.000210226 -0.000134258 0.000200345 -0.000133947
69840.000 0.00012746 -0.000223227 0.000118586 -0.000213707
69860.000 9.81269e-06 -0.00025257 3.15682e-05 -0.000250607
69880.000 -1.2179e-05 -0.000258282 -8.39079e-06 -0.000257049
69900.000 7.94337e-05 -0.000232222 7.18514e-05 -0.000237126
69920.000 8.84593e-05 -0.000213453 8.43163e-05 -0.000208188
69940.000 2.13248e-05 -0.0002366 2.81342e-05 -0.000228147
69960.000 3.8967e-05 -0.000248647 4.11304e-05 -0.000249974
69980.000 4.64054e-05 -0.000218251 3.82209e-05 -0.000216744
70000.000 5.27584e-05 -0.00023529 6.0097e-05 -0.000220627
70020.000 9.17855e-05 -0.00022053 8.82782e-05 -0.000216924
70040.000 0.000102469 -0.000233375 0.000114885 -0.000224198
70060.000 2.39089e-05 -0.000245224 2.46752e-05 -0.000245047
70080.000 5.43271e-05 -0.000235407 6.84758e-05 -0.000225538
70100.000 4.17395e-05 -0.000248355 4.06344e-05 -0.000248878
70120.000 -1.82188e-05 -0.000248734 -1.56422e-05 -0.00026041
70140.000 -9.29149e-05 -0.000230675 -8.03595e-05 -0.000233757
70160.000 -0.000187736 -0.000172256 -0.000186045 -0.000172595
70180.000 -0.000140636 -0.000200622 -0.000141919 -0.000191396
70200.000 -0.000178912 -0.000164807 -0.000174201 -0.000165029
70220.000 -0.000187531 -0.00014902 -0.000188397 -0.000148993
70240.000 -0.000213377 -0.00012235 -0.000208656 -0.000130338
70260.000 -0.000221407 -9.10197e-05 -0.000217663 -9.01948e-05
70280.000 -0.000211762 -0.000115575 -0.000214466 -0.000124765
70300.000 -0.000185445 -0.000166026 -0.000199936 -0.000173783
70320.000 -0.00019712 -0.00014222 -0.000212804 -0.000152174
70340.000 -0.000230617 -0.000134588 -0.000231214 -0.00011279
70360.000 -0.000144613 -0.000215457 -0.000142466 -0.000199593
70380.000 -0.000133491 -0.00022124 -0.000127096 -0.000228151
70400.000 -0.000111568 -0.000235305 -9.70563e-05 -0.000241405
70420.000 -5.15327e-05 -0.000251052 -6.1141e-05 -0.000265465
70440.000 -0.00015588 -0.000189669 -0.000139384 -0.000214596
70460.000 -0.000181435 -0.000175994 -0.000174694 -0.000187662
70480.000 -0.000161326 -0.000198483 -0.00015092 -0.000218037
70500.000 -0.000134361 -0.000209296 -0.000134666 -0.000236754
70520.000 -8.34949e-05 -0.00022537 -7.31731e-05 -0.00024319
70540.000 5.09763e-05 -0.000250313 6.16289e-05 -0.000267994
70560.000 9.25321e-05 -0.000237981 8.78656e-05 -0.000253652
70580.000 4.04866e-05 -0.000262565 4.15784e-05 -0.000272929
70600.000 -3.44522e-05 -0.000258501 -3.17917e-05 -0.000267713
70620.000 -0.000138225 -0.000196154 -0.000168284 -0.000196339
70640.000 -0.0002512 -4.60992e-05 -0.000257405 -3.55905e-05
70660.000 -0.000253283 9.24187e-06 -0.000258986 1.39331e-06
70680.000 -0.000243963 5.72567e-05 -0.000253549 4.97939e-05
70700.000 -0.000245472 5.61035e-05 -0.000252824 4.80526e-05
70720.000 -0.000187127 0.000155834 -0.000187453 0.000154136
70740.000 -0.000211181 0.000135671 -0.000217297 0.000147333
70760.000 -0.000214544 0.000129435 -0.000227507 0.000114753
70780.000 -0.000192304 0.000171697 -0.000206938 0.000174512
70800.000 -8.42625e-05 0.000229688 -9.48699e-05 0.000230657
70820.000 -8.13271e-05 0.000231605 -9.19903e-05 0.000242699
70840.000 -6.95061e-05 0.000242429 -6.84335e-05 0.000245561
70860.000 -2.2772e-05 0.000254834 -3.04883e-05 0.000269705
70880.000 6.22813e-06 0.00025218 9.69085e-06 0.00025598
70900.000 -8.22332e-05 0.000246068 -9.51053e-05 0.000250276
70920.000 -0.000147532 0.000213645 -0.000128636 0.000221003
70940.000 -0.000175072 0.000195839 -0.000173514 0.000204768
70960.000 -0.000150755 0.000216112 -0.000156162 0.000215432
% Warning: sampling overrun detected
70980.000 -0.000154125 0.000198669 -0.000158105 0.000202683
71000.000 -0.000187735 0.000144485 -0.000206704 0.000150797
71020.000 -0.000203039 0.000129254 -0.000220802 0.000122229
71040.000 -0.000126988 0.000207855 -0.000114312 0.000210199
71060.000 -1.54553e-05 0.000252932 -3.16881e-05 0.000253701
71080.000 -4.66596e-05 0.000249911 -3.46533e-05 0.000255959
71100.000 -0.000109839 0.000223865 -0.000118183 0.000240829
71120.000 -0.000205664 0.000152626 -0.000213503 0.000145384
71140.000 -0.000251493 6.94462e-05 -0.000259129 6.06593e-05
71160.000 -0.000235848 7.83846e-05 -0.000239292 6.4277e-05
71180.000 -0.000228585 9.59377e-05 -0.000243164 8.99989e-05
71200.000 -0.000241461 8.16691e-05 -0.000240113 9.36398e-05
71220.000 -0.000230684 -3.32938e-05 -0.000257794 -4.81579e-05
71240.000 -0.000217509 -0.000126596 -0.000209886 -0.000153471
71260.000 -0.000222579 -0.000134217 -0.000224421 -0.000131737
71280.000 -0.000213059 -0.000110173 -0.0002164 -0.000114409
71300.000 -0.000216959 -0.000126712 -0.000227478 -0.000132418
71320.000 -0.00024471 -7.69457e-05 -0.000254223 -6.93471e-05
71340.000 -0.000233617 -6.33632e-05 -0.000259138 -6.36347e-05
71360.000 -0.00024309 -4.30817e-05 -0.000249245 -4.58205e-05
71380.000 -0.000227073 -7.74027e-05 -0.000243675 -8.31613e-05
71400.000 -0.00019188 -0.000171566 -0.000204403 -0.000172966
71420.000 -0.000166492 -0.000203966 -0.00015684 -0.000190375
71440.000 -0.000139944 -0.000213986 -0.000125511 -0.000213778
71460.000 -0.000203734 -0.000156728 -0.000191839 -0.000155034
71480.000 -0.000212579 -0.000118423 -0.000182083 -0.000148045
71500.000 -0.000192503 -0.000164221 -0.000180954 -0.000178028
71520.000 -0.000130617 -0.000195867 -0.000122411 -0.000193175
71540.000 -0.000127729 -0.000234392 -0.000119143 -0.000238425
71560.000 -9.42175e-06 -0.000265807 -1.8066e-06 -0.000262649
% Warning: sampling overrun detected
71580.000 3.4822e-05 -0.000218995 6.01883e-05 -0.000223378
71600.000 0.00014144 -0.000172494 0.000149996 -0.000169949
71620.000 0.000172362 -0.000136142 0.000200267 -0.000131443
71640.000 0.000202783 -0.000102232 0.000205458 -0.000110491
71660.000 0.000164088 -0.000171267 0.000184822 -0.000166961
71680.000 0.000213352 -0.000114187 0.000223072 -0.000116362
71700.000 0.000196585 -0.000144687 0.000198186 -0.000153146
71720.000 0.000217665 -0.00017506 0.000207269 -0.000169701
71740.000 0.000181831 -0.000172363 0.000192106 -0.000158617
71760.000 0.000208878 -0.000145192 0.000215967 -0.000135455
71780.000 0.000221797 -8.41615e-05 0.000235053 -6.95785e-05
71800.000 0.000213531 -0.000113624 0.000231397 -0.000108772
71820.000 0.000198396 -0.000137647 0.000213534 -0.000144032
71840.000 0.00013681 -0.000195888 0.00013809 -0.000195151
71860.000 0.000117907 -0.000212435 0.000143539 -0.000207684
71880.000 0.000155496 -0.000182981 0.000163232 -0.000190477
71900.000 0.000208752 -0.000112083 0.000217816 -0.000112392
71920.000 0.000203125 -0.000130861 0.000201188 -0.000132712
71940.000 0.000139396 -0.000206268 0.000140038 -0.000210752
71960.000 0.000210167 -0.000133366 0.000203845 -0.000132546
71980.000 0.000172642 -0.00018327 0.000179723 -0.000187003
72000.000 0.000160295 -0.000199075 0.000182665 -0.000186429
72020.000 0.000178798 -0.000167977 0.000186502 -0.000174069
72040.000 0.000223215 -0.000102743 0.000243741 -0.000100832
72060.000 0.000246797 -4.72642e-05 0.00024429 -5.94478e-05
72080.000 0.000238807 -7.53999e-05 0.000239849 -6.97229e-05
72100.000 0.000227393 -8.68404e-05 0.000224917 -8.33394e-05
72120.000 0.000243401 -5.61078e-05 0.000245453 -5.24523e-05
72140.000 0.000252006 1.38212e-05 0.000242866 2.2156e-05
72160.000 0.000245686 1.63443e-05 0.000259344 2.79539e-05
72180.000 0.000236017 -3.52892e-05 0.000235006 -1.25011e-05
72200.000 0.000255233 6.02332e-05 0.000248528 4.5031e-05
72220.000 0.000186755 0.000150152 0.000193896 0.000149874
72240.000 0.000169119 0.000190243 0.000170849 0.000197426
72260.000 0.000177724 0.000160858 0.000163161 0.000185665
72280.000 0.000157185 0.000191049 0.000159271 0.000195329
72300.000 0.00018489 0.000182019 0.000171539 0.000181053
72320.000 0.000170737 0.000178274 0.000176091 0.000185577
72340.000 0.000233223 8.85167e-05 0.000231915 9.2714e-05
72360.000 0.000201382 0.000143528 0.000204797 0.000155732
72380.000 0.000165614 0.000202716 0.000159048 0.000204536
72400.000 0.000189755 0.000160687 0.000186615 0.000185611
72420.000 0.000165558 0.000192948 0.00015875 0.000199323
72440.000 0.000195565 0.000184384 0.000202575 0.000174029
72460.000 0.000204508 0.000130763 0.000226842 0.000141366
72480.000 0.000224841 0.000109422 0.000215436 0.000129863
72500.000 0.000228637 0.000122475 0.000231603 0.000118452
72520.000 0.000198863 0.000140526 0.000200557 0.00014613
72540.000 0.000205327 0.000130155 0.000199296 0.000137532
72560.000 0.000243349 5.71961e-05 0.000243861 5.8886e-05
72580.000 0.000247177 -5.42273e-06 0.000264026 1.43771e-05
72600.000 0.000240829 -9.79826e-06 0.000256429 -1.85956e-05
72620.000 0.000227463 0.000115153 0.000230505 0.000106076
72640.000 0.000213208 0.000128505 0.000209331 0.000141526
72660.000 0.000200858 0.000153998 0.000201173 0.000166402
72680.000 0.000232395 8.60128e-05 0.000245013 7.79707e-05
72700.000 0.000222666 2.46633e-05 0.000241744 2.53758e-05
72720.000 0.000202592 -0.000132863 0.000206389 -0.000128182
72740.000 0.000201111 -0.000149864 0.000202422 -0.000140213
72760.000 0.000190496 -0.000148357 0.00019599 -0.000147451
% Warning: sampling overrun detected
72780.000 0.000216189 -7.23853e-05 0.000226113 -6.73445e-05
72800.000 0.000207063 -0.000110232 0.00020361 -0.00012002
72820.000 0.000157573 -0.000173269 0.000166487 -0.000175039
72840.000 0.000138405 -0.000182125 0.000161587 -0.000184093
72860.000 0.000151422 -0.000191272 0.000146964 -0.000182501
72880.000 0.000193249 -0.00014644 0.00019725 -0.000137584
72900.000 0.000226119 -4.61673e-05 0.000231579 -5.34478e-05
72920.000 0.00021423 -8.46212e-05 0.000237718 -7.8864e-05
72940.000 0.000187811 -0.000131671 0.000196921 -0.000130055
72960.000 0.000167622 -0.000138598 0.000179853 -0.000145025
72980.000 0.000173101 -0.000147342 0.000180372 -0.000156301
73000.000 0.000135078 -0.000182459 0.000141846 -0.000190365
73020.000 0.000140266 -0.000185018 0.000163704 -0.00018518
73040.000 0.00015663 -0.000179864 0.000163552 -0.000184667
73060.000 0.000138408 -0.000201555 0.000152737 -0.000199124
73080.000 0.000168874 -0.000162117 0.000173415 -0.000151842
73100.000 0.00018504 -0.000160757 0.000166389 -0.00015246
73120.000 0.000185382 -0.00017413 0.000182902 -0.000165822
73140.000 0.000149834 -0.000199838 0.000168511 -0.000182082
73160.000 0.000174431 -0.000189856 0.000171411 -0.000190877
73180.000 0.00016581 -0.000188552 0.00018102 -0.000185159
73200.000 0.000213036 -0.000117897 0.000225343 -0.000112517
73220.000 0.000235094 -9.2226e-05 0.000237674 -0.000100035
73240.000 0.000231632 -7.29246e-05 0.000231864 -7.09869e-05
73260.000 0.000192969 -0.000156713 0.000184351 -0.000155829
73280.000 8.43229e-05 -0.000231089 8.10291e-05 -0.00022482
73300.000 2.29878e-05 -0.000253643 6.9913e-06 -0.00025092
73320.000 -2.66714e-05 -0.00024793 -1.30516e-05 -0.000254303
73340.000 -1.94011e-05 -0.000251199 -7.50734e-06 -0.000243496
73360.000 1.60019e-05 -0.000240791 1.75288e-05 -0.000240997
73380.000 3.17901e-05 -0.000241796 3.96478e-05 -0.000236192
73400.000 1.95988e-06 -0.000241263 2.06785e-05 -0.000237167
73420.000 -2.6326e-05 -0.000249021 -3.37189e-05 -0.00024537
73440.000 -1.42677e-05 -0.000243882 -9.33929e-06 -0.00023091
73460.000 1.88153e-05 -0.000235466 1.0474e-05 -0.000234632
73480.000 0.000118722 -0.00021838 0.000117342 -0.000200436
73500.000 4.39821e-05 -0.000239398 4.38837e-05 -0.000226165
73520.000 -7.8258e-05 -0.000241965 -6.88621e-05 -0.000229866
73540.000 1.07196e-05 -0.000246285 -3.86949e-07 -0.000225932
73560.000 -2.24273e-05 -0.000233303 -2.7481e-05 -0.000207219
73580.000 2.9601e-05 -0.000239096 2.25517e-05 -0.000219048
73600.000 2.0615e-05 -0.000237965 2.77265e-05 -0.000216995
73620.000 -4.26421e-05 -0.000242806 -2.5889e-05 -0.00022332
73640.000 -0.000157114 -0.00018427 -0.000142622 -0.000162525
73660.000 -0.000180374 -0.000146235 -0.000180162 -0.000131671
73680.000 -0.000195714 -0.00011805 -0.000187478 -0.000114387
73700.000 -0.000207176 -0.000100161 -0.000206381 -0.000107749
73720.000 -0.000227361 -2.87463e-05 -0.000216864 -4.64132e-05
73740.000 -0.000246838 -6.19505e-06 -0.000232829 -2.58715e-05
73760.000 -0.000223001 -0.000110381 -0.000209276 -0.000108244
73780.000 -0.000225711 -8.03032e-05 -0.000206302 -0.000108664
73800.000 -0.000237401 -3.4979e-05 -0.000231556 -4.51226e-05
73820.000 -0.000228994 -3.20217e-05 -0.000232221 -4.43745e-05
73840.000 -0.000234428 -5.53034e-05 -0.000232426 -5.71195e-05
73860.000 -0.00021308 -0.000112642 -0.000217351 -0.000100459
73880.000 -0.000235253 -6.63627e-05 -0.000218144 -8.41271e-05
73900.000 -0.00023438 -2.02097e-05 -0.000230553 -1.1446e-05
73920.000 -0.000234163 8.04156e-05 -0.000230174 7.5873e-05
73940.000 -0.000232222 7.26362e-05 -0.000237694 5.54e-05
73960.000 -0.000248916 1.7765e-05 -0.00024189 3.08952e-05
73980.000 -0.000245736 -7.35672e-06 -0.000239672 -4.60876e-06
74000.000 -0.000239473 -1.86207e-05 -0.000229718 -2.86056e-05
74020.000 -0.000235503 -2.38339e-05 -0.000202105 -3.51495e-05
74040.000 -0.000188131 -0.00014174 -0.000189379 -0.000137805
74060.000 -0.000115738 -0.00022086 -0.000119799 -0.000221655
74080.000 -0.000150355 -0.000199701 -0.000139813 -0.000200601
74100.000 -0.000149374 -0.000187903 -0.000133 -0.000202856
74120.000 -0.000121442 -0.000213411 -0.000109717 -0.000209876
74140.000 -0.000121517 -0.000203822 -0.000113557 -0.000196053
74160.000 -0.00014595 -0.00019847 -0.000127156 -0.000199008
74180.000 -0.000110475 -0.000212981 -9.91314e-05 -0.000204278
74200.000 -9.9753e-05 -0.000237698 -9.09289e-05 -0.000217738
74220.000 -2.94618e-05 -0.000242142 -4.11032e-05 -0.000235055
74240.000 -4.70353e-05 -0.000234534 -4.29591e-05 -0.000214919
74260.000 -3.87272e-05 -0.000241108 -2.40645e-05 -0.00022799
74280.000 1.25671e-06 -0.000239058 8.61071e-07 -0.000232226
74300.000 8.82557e-05 -0.000217573 9.37543e-05 -0.000198138
74320.000 0.000115524 -0.000212523 0.000111579 -0.000199951
74340.000 0.000173574 -0.000153584 0.000170518 -0.000116853
74360.000 0.000215676 -6.90081e-05 0.00020822 -5.10558e-05
74380.000 0.000247645 -2.55269e-05 0.000248989 -3.20447e-05
74400.000 0.000240067 -9.0782e-05 0.000238428 -7.54018e-05
74420.000 0.000230266 -1.79238e-05 0.000209758 -8.39356e-06
74440.000 0.000238106 -4.16838e-05 0.000205923 -2.73779e-05
74460.000 0.000236718 3.55313e-05 0.000230452 4.65451e-05
74480.000 0.000245489 -3.14978e-05 0.000239643 -4.98504e-05
74500.000 0.000227465 -8.92633e-06 0.000231549 5.95634e-07
74520.000 0.000240761 3.91029e-05 0.00022169 3.59214e-05
74540.000 0.000241536 4.71825e-05 0.000225255 5.37566e-05
74560.000 0.00023419 8.09799e-05 0.000210436 0.000107888
% Warning: sampling overrun detected
74580.000 0.000219925 9.987e-05 0.00020255 9.29836e-05
74600.000 0.000193705 0.000155602 0.000165538 0.000150922
74620.000 0.000158843 0.000186301 0.00014291 0.000190686
74640.000 0.000132691 0.000209653 0.000110551 0.000202754
74660.000 0.00014014 0.000197624 0.000127682 0.000179403
74680.000 0.000121001 0.000204614 0.000102304 0.000211299
74700.000 9.00146e-05 0.000238101 5.80965e-05 0.000206796
74720.000 -1.00257e-05 0.000234177 -1.93988e-05 0.000215994
74740.000 -8.95306e-05 0.000229915 -7.57016e-05 0.000204549
74760.000 -1.59796e-05 0.0002467 -3.23972e-05 0.000227325
74780.000 -4.1982e-05 0.000251445 -5.49958e-05 0.000228509
74800.000 1.71451e-05 0.000250973 1.21936e-05 0.000229134
74820.000 5.06818e-05 0.00023954 4.552e-05 0.000223211
74840.000 6.61519e-05 0.000235392 4.69812e-05 0.000216246
74860.000 0.00018587 0.00015394 0.000166392 0.000151247
74880.000 0.000208324 0.000131134 0.000184366 0.000138157
74900.000 0.00021115 9.75649e-05 0.00019829 0.000120732
74920.000 0.000206203 0.000138985 0.000178044 0.000141513
74940.000 0.00014495 0.000191329 0.000138336 0.000166627
74960.000 0.000116008 0.000235491 0.000109527 0.00022078
74980.000 -7.48816e-05 0.00022903 -7.60631e-05 0.000220688
75000.000 -0.000151163 0.000192091 -0.00014203 0.000174554
75020.000 -0.000180153 0.000172069 -0.000165892 0.000155119
75040.000 -0.000235809 4.53601e-05 -0.000231883 4.93719e-05
75060.000 -0.000236012 2.91143e-05 -0.000221903 2.52089e-05
75080.000 -0.00023666 4.74014e-05 -0.000218896 3.78992e-05
75100.000 -0.000241177 4.60872e-05 -0.000228723 3.97937e-05
75120.000 -0.000206418 0.000136126 -0.000177927 9.83459e-05
75140.000 -0.000147871 0.000180569 -0.00015421 0.000148174
75160.000 -0.000101368 0.000212098 -0.000105342 0.000199344
% Warning: sampling overrun detected
75180.000 -7.4369e-05 0.000228151 -7.37124e-05 0.000214356
75200.000 -5.98224e-05 0.000223999 -5.50942e-05 0.00021522
75220.000 -0.00012827 0.000202949 -0.000119512 0.000176466
% Warning: sampling overrun detected
75240.000 -0.000112526 0.000207325 -0.000101818 0.000197248
% Warning: sampling overrun detected
75260.000 -8.15801e-06 0.000238057 -2.7716e-05 0.000217076
% Warning: sampling overrun detected
75280.000 -1.82459e-05 0.000241926 -3.46784e-05 0.000208969
75300.000 5.55534e-05 0.000235136 3.13783e-05 0.00021295
75320.000 -3.48733e-05 0.000238371 -4.56442e-05 0.000221098
75340.000 -2.93727e-05 0.000237284 -3.97027e-05 0.000213307
% Warning: sampling overrun detected
75360.000 -0.000143166 0.000197748 -0.00013885 0.000166222
75380.000 -0.000134364 0.000202945 -0.000114989 0.00017166
75400.000 -4.907e-05 0.000243925 -4.73186e-05 0.000221888
% Warning: sampling overrun detected
75420.000 -0.000110542 0.000215542 -0.000108097 0.000187913
% Warning: sampling overrun detected
75440.000 -7.19703e-05 0.000234203 -7.89615e-05 0.000206781
% Warning: sampling overrun detected
75460.000 3.49545e-05 0.000240506 2.39479e-05 0.00022355
% Warning: sampling overrun detected
75480.000 3.48708e-05 0.000231676 3.50184e-05 0.000225449
75500.000 3.94388e-05 0.000235889 3.54249e-05 0.000227111
75520.000 -1.68464e-05 0.000236542 -3.48172e-05 0.000222163
% Warning: sampling overrun detected
75540.000 1.51935e-05 0.000245292 2.83786e-06 0.00022388
% Warning: sampling overrun detected
75560.000 -2.81192e-05 0.000230269 -1.62015e-05 0.00022583
% Warning: sampling overrun detected
75580.000 -2.6366e-05 0.000225655 -4.90907e-05 0.000223373
% Warning: sampling overrun detected
75600.000 -6.62844e-05 0.000243643 -7.30549e-05 0.000232309
% Warning: sampling overrun detected
75620.000 -0.000105804 0.000220375 -0.000102887 0.000203348
% Warning: sampling overrun detected
75640.000 -0.000176237 0.000160759 -0.000172511 0.000144532
75660.000 -0.000195114 0.000144351 -0.000205684 0.000130931
75680.000 -0.000233371 5.63406e-05 -0.000240183 5.30068e-05
75700.000 -0.000222153 8.82182e-05 -0.000226343 6.33865e-05
75720.000 -0.000227792 7.94041e-05 -0.000226651 7.75156e-05
75740.000 -0.000239321 -3.597e-05 -0.00023783 -3.66302e-05
75760.000 -0.000234423 -5.82457e-05 -0.000237696 -6.45811e-05
75780.000 -0.000232171 7.00853e-05 -0.000223755 6.66841e-05
75800.000 -0.000236811 3.55065e-05 -0.000244409 4.87362e-05
75820.000 -0.000232558 3.74935e-05 -0.000249503 2.52519e-05
75840.000 -0.000215397 -2.76987e-05 -0.000227232 -5.17883e-05
75860.000 -0.000227547 -2.64456e-05 -0.000226369 -3.77971e-05
75880.000 -0.000232267 -3.372e-05 -0.000232061 -3.33658e-05
75900.000 -0.00023658 1.19114e-05 -0.000243268 -3.12111e-06
75920.000 -0.000197052 0.000132978 -0.00019127 0.000127428
75940.000 -0.000185334 0.000166433 -0.000171465 0.00014725
75960.000 -0.000231878 9.92738e-05 -0.000213121 7.96954e-05
75980.000 -0.000226452 8.64496e-05 -0.000218309 7.74271e-05
76000.000 -0.000234895 4.80006e-05 -0.000232738 3.11269e-05
76020.000 -0.000236413 3.68749e-05 -0.000232906 3.55637e-05
76040.000 -0.000221426 9.53365e-05 -0.000220912 0.000102403
76060.000 -0.00019539 0.000145464 -0.000197343 0.000129338
76080.000 -0.000218476 0.000114348 -0.000218855 8.4983e-05
76100.000 -0.000186283 0.000145977 -0.000182057 0.000120902
76120.000 -0.000184818 0.000149252 -0.000192818 0.000139962
76140.000 -0.000152975 0.000172776 -0.000161486 0.000175481
76160.000 -0.000114881 0.000214887 -0.000127996 0.000204821
76180.000 -0.000161073 0.000176433 -0.000159996 0.000188208
76200.000 -0.000106333 0.000195448 -0.000138768 0.000201239
76220.000 -4.41922e-05 0.000251137 -3.43389e-05 0.000227133
76240.000 -4.85088e-05 0.000239034 -4.74241e-05 0.000235472
76260.000 -3.97458e-05 0.000228513 -3.44097e-05 0.00023068
76280.000 -8.93773e-05 0.000206014 -0.000102877 0.0002175
76300.000 -7.39583e-05 0.000233586 -8.10841e-05 0.000219418
76320.000 9.01234e-05 0.000211929 7.75366e-05 0.00021623
76340.000 0.000149481 0.00017914 0.000144311 0.00019652
76360.000 0.000142035 0.0001973 0.000123138 0.000200915
% Warning: sampling overrun detected
76380.000 9.45856e-05 0.000228932 0.000106708 0.000212007
% Warning: sampling overrun detected
76400.000 8.00007e-05 0.000238141 5.36938e-05 0.00023755
% Warning: sampling overrun detected
76420.000 1.63409e-05 0.000247342 5.16652e-06 0.000242935
% Warning: sampling overrun detected
76440.000 -6.64221e-05 0.000243725 -7.51986e-05 0.000234002
% Warning: sampling overrun detected
76460.000 -0.000123501 0.000212113 -0.000133685 0.000211831
% Warning: sampling overrun detected
76480.000 -8.25861e-05 0.000225038 -9.15298e-05 0.000218903
% Warning: sampling overrun detected
76500.000 1.21204e-05 0.000243701 4.28834e-06 0.000243306
% Warning: sampling overrun detected
76520.000 1.61228e-05 0.000233247 -1.10315e-05 0.000237012
% Warning: sampling overrun detected
76540.000 0.000134327 0.000194711 0.000140243 0.000206504
% Warning: sampling overrun detected
76560.000 3.23823e-05 0.000222998 1.79252e-05 0.0002339
% Warning: sampling overrun detected
76580.000 -2.68394e-05 0.000219396 -4.06198e-05 0.000233853
% Warning: sampling overrun detected
76600.000 -2.05574e-05 0.00023673 -1.80118e-05 0.000234203
% Warning: sampling overrun detected
76620.000 -4.86462e-05 0.000235372 -6.36001e-05 0.00022676
% Warning: sampling overrun detected
76640.000 2.11194e-05 0.000223013 1.81384e-05 0.000236559
76660.000 4.91728e-05 0.000230239 4.10158e-05 0.00022445
% Warning: sampling overrun detected
76680.000 6.22412e-05 0.000231208 6.28669e-05 0.000242328
% Warning: sampling overrun detected
76700.000 9.76303e-06 0.000248766 1.61565e-05 0.000240864
% Warning: sampling overrun detected
76720.000 0.000109211 0.000216527 9.2957e-05 0.000226744
% Warning: sampling overrun detected
76740.000 0.000149773 0.000193234 0.000126951 0.000183716
% Warning: sampling overrun detected
76760.000 0.000117409 0.000205947 0.00011998 0.000213927
% Warning: sampling overrun detected
76780.000 7.07722e-05 0.00022684 7.22277e-05 0.000225625
% Warning: sampling overrun detected
76800.000 4.91796e-05 0.000237744 2.78397e-05 0.000240621
% Warning: sampling overrun detected
76820.000 1.2633e-05 0.000227664 1.04086e-05 0.000229818
% Warning: sampling overrun detected
76840.000 -6.55891e-05 0.000215549 -7.53377e-05 0.000216274
% Warning: sampling overrun detected
76860.000 -0.000105299 0.00020304 -0.000108529 0.000194283
% Warning: sampling overrun detected
76880.000 -0.000108673 0.000200855 -0.000123932 0.000202034
% Warning: sampling overrun detected
76900.000 -0.00010106 0.000212253 -9.34723e-05 0.000220067
% Warning: sampling overrun detected
76920.000 -3.52687e-05 0.000239007 -3.85999e-05 0.00022888
% Warning: sampling overrun detected
76940.000 0.00011079 0.000207724 0.000108924 0.000200553
% Warning: sampling overrun detected
76960.000 0.000124405 0.000196112 0.000136177 0.00020353
% Warning: sampling overrun detected
76980.000 0.000174308 0.000159684 0.000166612 0.0001552
77000.000 0.00020302 0.000102281 0.000203376 0.000121974
77020.000 0.000193188 0.000123839 0.000198538 0.000127942
77040.000 0.000207149 0.000119031 0.000186105 0.000112075
77060.000 0.000202675 7.8242e-05 0.000207226 0.000105453
77080.000 0.000220931 8.74416e-05 0.000197539 0.000100736
77100.000 0.000222118 3.1871e-05 0.000212075 6.4679e-05
77120.000 0.000220481 -2.63956e-05 0.000205368 -1.04655e-06
77140.000 0.000219432 -5.76415e-05 0.00021385 -4.83075e-05
77160.000 0.000134166 -0.000156617 0.000138776 -0.000147237
77180.000 0.000164944 -0.000150066 0.000152499 -0.000143091
77200.000 0.000195641 -0.000118926 0.000180218 -0.000115107
77220.000 0.000189803 -9.98401e-05 0.000185022 -9.94261e-05
77240.000 0.000148885 -0.000186955 0.000134598 -0.000164769
77260.000 0.00014456 -0.000182556 0.000145703 -0.000179975
77280.000 0.000186105 -0.000143695 0.0001717 -0.000125263
77300.000 6.27222e-05 -0.000228657 6.48734e-05 -0.000220754
77320.000 7.07952e-05 -0.000219376 7.29645e-05 -0.000201251
77340.000 0.000144397 -0.000176225 0.000143328 -0.000162079
77360.000 7.05525e-05 -0.000200484 7.15806e-05 -0.000199778
77380.000 0.000105871 -0.000206129 0.000118126 -0.000185019
77400.000 0.000202762 -0.000124006 0.000182943 -9.68908e-05
77420.000 0.000209428 -6.85686e-05 0.000208449 -3.24212e-05
77440.000 0.000226371 2.5653e-05 0.000205143 3.57165e-05
77460.000 0.000245112 -2.26265e-05 0.000210672 -7.58903e-06
77480.000 0.000229941 -6.10955e-06 0.000215093 6.98526e-06
77500.000 0.000232684 -5.42273e-05 0.000225962 -2.54188e-05
77520.000 0.000234911 5.42433e-06 0.000224071 1.38077e-05
77540.000 0.000225961 -2.30686e-05 0.000218696 -1.97691e-05
77560.000 0.000244255 1.72339e-06 0.000224036 6.50642e-06
77580.000 0.000237553 -1.79795e-05 0.000218864 -1.53795e-06
77600.000 0.000232891 -5.36932e-05 0.000218014 -5.47163e-05
77620.000 0.000110007 -0.000196966 0.000114611 -0.000193477
77640.000 -5.95678e-05 -0.000223129 -4.91843e-05 -0.000226736
77660.000 -9.22018e-05 -0.000199983 -8.28564e-05 -0.000218986
77680.000 -9.08663e-05 -0.00022105 -9.50911e-05 -0.000223091
77700.000 -5.49308e-05 -0.000224229 -5.88119e-05 -0.000216085
77720.000 -2.57449e-06 -0.000248403 2.26565e-06 -0.000232748
77740.000 5.8023e-05 -0.000221112 7.18158e-05 -0.000225341
77760.000 3.3986e-06 -0.000254015 5.65341e-06 -0.000235381
77780.000 -5.18318e-06 -0.000245275 3.69903e-06 -0.00022948
77800.000 -7.38799e-05 -0.000232599 -6.27693e-05 -0.000232373
77820.000 -0.000128653 -0.000191519 -0.000113006 -0.000191239
77840.000 -0.000220396 -6.83539e-05 -0.00021401 -7.29011e-05
77860.000 -0.000231324 5.81957e-05 -0.000215042 3.56495e-05
77880.000 -0.000159066 0.000173021 -0.000158369 0.000157712
77900.000 -7.1973e-05 0.000211187 -7.82446e-05 0.000204057
77920.000 -7.54702e-05 0.000225674 -7.68541e-05 0.000212387
77940.000 -6.86683e-05 0.000221353 -7.86621e-05 0.000211162
77960.000 -8.5322e-05 0.00020866 -8.12888e-05 0.000217271
77980.000 -0.000118495 0.000217374 -0.00012158 0.000185927
78000.000 -8.93419e-05 0.000214662 -0.000110015 0.000193983
78020.000 -0.000138446 0.000190525 -0.000127853 0.000170952
78040.000 -0.000110469 0.000212191 -0.000107003 0.000195646
78060.000 -7.42039e-05 0.000222739 -8.49552e-05 0.000207211
78080.000 -1.44345e-05 0.000240326 -3.00917e-05 0.000226656
78100.000 4.41951e-05 0.00023034 1.47605e-05 0.000219005
78120.000 -5.49529e-05 0.000233468 -3.81787e-05 0.000204457
78140.000 -0.0001399 0.000184352 -0.000144276 0.000151511
78160.000 -0.000221525 8.40839e-05 -0.000220929 5.01082e-05
78180.000 -0.000230011 -1.91525e-05 -0.000223171 -1.74564e-05
78200.000 -0.000218252 -0.000120429 -0.000195852 -0.000113193
78220.000 -0.000219516 -0.000119289 -0.000192449 -0.000102981
78240.000 -0.000180819 -0.000159336 -0.000147166 -0.000155741
78260.000 -0.000218727 -0.000112903 -0.000207094 -9.36065e-05
78280.000 -0.000185176 -0.000139462 -0.000172715 -0.000138841
78300.000 -0.000183616 -0.000109923 -0.000189243 -0.000118597
78320.000 -0.000215053 -0.000117438 -0.000204713 -0.000102407
78340.000 -0.000183843 -0.000141949 -0.000175063 -0.000136983
78360.000 -0.000193689 -0.000129675 -0.000170647 -0.000126813
78380.000 -0.000180088 -0.000139522 -0.000164134 -0.000128676
78400.000 -0.000198052 -0.000118576 -0.00019689 -0.000118667
78420.000 -0.000221009 -5.71493e-05 -0.000224884 -5.90316e-05
78440.000 -0.000235171 -4.13512e-05 -0.000228486 -6.0274e-05
78460.000 -0.000224993 -8.02413e-05 -0.000229517 -7.09094e-05
78480.000 -0.000198856 -0.000124201 -0.000213752 -0.000125437
78500.000 -0.000235973 -6.51024e-05 -0.000211996 -6.64727e-05
78520.000 -0.000214906 -8.03569e-05 -0.000203239 -7.73233e-05
78540.000 -0.000190245 -0.000147707 -0.000161598 -0.000141178
78560.000 -0.000219144 -5.41017e-05 -0.000218842 -6.76988e-05
78580.000 -0.000223065 -5.04351e-05 -0.000221171 -4.23104e-05
78600.000 -0.00023356 4.20322e-05 -0.000220821 1.60665e-05
78620.000 -0.000245694 1.49879e-05 -0.000226292 2.10283e-05
78640.000 -0.000232907 -2.46678e-05 -0.00022464 -3.54169e-05
78660.000 -0.000219279 -9.00504e-05 -0.000198278 -0.000101702
78680.000 -0.000225039 -9.1562e-05 -0.0002003 -9.55419e-05
78700.000 -0.000212736 6.96296e-05 -0.000202352 3.34342e-05
78720.000 -0.000178323 0.000141321 -0.00016444 0.000122702
78740.000 -0.000183331 0.000153757 -0.000181993 0.000136247
78760.000 -0.000177571 0.000162719 -0.000174368 0.000137775
% Warning: sampling overrun detected
78780.000 -0.000195779 0.000138693 -0.000204552 0.000125889
78800.000 -0.000177872 0.000158167 -0.00018565 0.000158685
78820.000 -0.000203034 0.000105534 -0.000203907 9.77527e-05
78840.000 -0.000219447 3.95923e-05 -0.000228094 3.12474e-05
78860.000 -0.00023043 -1.81668e-05 -0.000238204 -1.97362e-05
78880.000 -0.000228541 3.29547e-06 -0.000234267 -1.62697e-05
78900.000 -0.000229712 3.12602e-05 -0.000232424 4.17564e-05
78920.000 -0.000227633 8.32597e-05 -0.000234266 8.43761e-05
78940.000 -0.000149843 0.000184568 -0.000163262 0.000176179
78960.000 -8.35789e-05 0.000206081 -9.82953e-05 0.000215726
78980.000 -1.81631e-05 0.000233148 -2.76382e-05 0.000229453
79000.000 5.20338e-05 0.00023672 5.95735e-05 0.000241161
79020.000 2.66742e-05 0.000226806 4.22651e-05 0.00023369
79040.000 4.85452e-05 0.000224564 4.43934e-05 0.000228261
79060.000 0.00019274 0.000146225 0.000194086 0.000152063
79080.000 0.000236949 -3.72123e-06 0.000238697 5.95611e-06
79100.000 0.000238626 -2.77524e-05 0.00023403 -1.05233e-05
79120.000 0.000240656 -9.5226e-07 0.000232019 8.23993e-06
79140.000 0.000224356 -2.96216e-06 0.000243109 1.44725e-05
79160.000 0.000230252 -2.04519e-05 0.00023249 -5.32608e-06
79180.000 0.000220652 7.10487e-05 0.000220039 7.9399e-05
79200.000 0.000222277 8.06188e-05 0.000244973 7.9763e-05
79220.000 0.00022006 2.47857e-05 0.000218517 4.4177e-06
79240.000 0.000214676 -3.56311e-05 0.000223493 -6.3472e-05
79260.000 0.00024413 1.8188e-05 0.000236512 4.02897e-05
79280.000 0.00020158 0.000110704 0.000223696 0.00010961
79300.000 0.000198385 8.83263e-05 0.000212472 9.55142e-05
79320.000 0.000168773 0.000144332 0.000171752 0.000165558
79340.000 0.000174574 0.000137765 0.00016469 0.00013571
79360.000 0.000178175 0.000137132 0.000178927 0.000161354
79380.000 6.72124e-05 0.000206497 6.34139e-05 0.000232135
79400.000 5.05547e-05 0.000236436 3.67688e-05 0.000212908
79420.000 5.32052e-05 0.000216714 3.19173e-05 0.000235032
79440.000 3.0499e-05 0.000229076 4.72999e-05 0.000231923
79460.000 -1.96885e-05 0.000224008 -1.28994e-05 0.000234125
79480.000 -1.99152e-06 0.000235671 1.00959e-06 0.000242541
79500.000 -2.95428e-05 0.000237134 -3.4786e-05 0.000232305
79520.000 7.64431e-06 0.000228761 1.13022e-05 0.000230913
79540.000 1.57138e-05 0.000215153 2.3969e-05 0.00022455
79560.000 7.66854e-05 0.000203789 5.83425e-05 0.000220698
79580.000 0.000150233 0.000138563 0.000163005 0.00015344
79600.000 0.000188909 0.000100183 0.000165035 0.000133088
79620.000 0.000158436 0.00015954 0.000150073 0.000170639
79640.000 0.000169693 0.000151417 0.000168724 0.000150082
79660.000 0.000220973 3.46687e-05 0.000221426 5.20709e-05
79680.000 0.000205337 0.000103071 0.000190446 9.51236e-05
79700.000 0.000163535 0.000140324 0.000166907 0.000146316
79720.000 0.000142725 0.000183338 0.000129781 0.000181821
79740.000 0.000143255 0.000179213 0.000138046 0.000181357
79760.000 0.000148481 0.000152694 0.000161 0.000168535
79780.000 0.000212803 7.86699e-05 0.000214095 9.85667e-05
79800.000 0.000229601 6.53022e-05 0.000228544 7.90562e-05
79820.000 0.000180196 0.000158401 0.000186816 0.000131505
79840.000 0.000210061 0.000107142 0.000211827 0.000129357
79860.000 0.000225592 4.39283e-05 0.000221072 7.22302e-05
79880.000 0.000224505 2.39007e-05 0.000228867 3.94219e-05
79900.000 0.000232701 5.77032e-05 0.000237822 7.0263e-05
79920.000 0.000223181 8.32168e-05 0.000226721 8.86116e-05
79940.000 0.000233932 9.90964e-05 0.000209097 9.61321e-05
79960.000 0.000182754 0.000162315 0.000168602 0.000160875
79980.000 0.000163207 0.000187459 0.00016399 0.000181226
80000.000 0.000133805 0.000191303 0.000143588 0.000192995
80020.000 0.000180302 0.000142837 0.000192959 0.000145994
80040.000 0.000222113 -5.73058e-05 0.0002306 -3.87586e-05
80060.000 0.000218894 -0.000107305 0.000215337 -0.000108943
80080.000 0.000191256 -0.000123281 0.000204195 -0.000118907
80100.000 0.000180755 -0.000153476 0.000186548 -0.000147779
80120.000 0.000159006 -0.000146782 0.000179033 -0.000150085
80140.000 0.000196126 -0.000113166 0.000199529 -0.000119619
80160.000 0.00022351 -3.9766e-05 0.000239753 -3.52098e-05
80180.000 0.000233067 -3.00703e-05 0.000247371 -4.00464e-05
80200.000 0.00023668 -2.4839e-05 0.000243826 -2.11299e-05
80220.000 0.000236271 3.86205e-05 0.000244129 3.63323e-05
80240.000 0.000194957 0.000100146 0.000196515 0.00011288
80260.000 0.000207017 9.18385e-05 0.000212821 0.000106689
80280.000 0.000232556 3.64431e-05 0.000241955 4.69586e-05
80300.000 0.000214131 0.000119231 0.000202318 0.000126758
80320.000 0.000186131 0.000133024 0.000186747 0.000146014
80340.000 0.000202827 0.000116934 0.000194306 0.000145641
80360.000 0.00024196 3.00947e-05 0.000240483 4.11827e-05
80380.000 0.000266193 6.13834e-07 0.000272252 -1.04864e-05
80400.000 0.000236688 -9.23972e-06 0.000236974 -1.23445e-05
80420.000 0.00021453 -3.08602e-05 0.00022269 -5.05312e-06
80440.000 0.000218059 3.9402e-05 0.000241027 3.42671e-05
80460.000 0.000195734 0.000119015 0.000202335 0.000140642
80480.000 0.000129341 0.000186211 0.000137519 0.000201234
80500.000 0.000165858 0.000147993 0.000184285 0.000162144
80520.000 0.000214452 3.4969e-05 0.000223436 3.5898e-05
80540.000 0.000227523 -2.63623e-05 0.000238472 -3.20623e-05
80560.000 0.000180788 -0.000143128 0.000193918 -0.000143037
% Warning: sampling overrun detected
80580.000 0.00015365 -0.000170125 0.000168188 -0.000175765
80600.000 0.000153323 -0.000162969 0.000168422 -0.000173883
80620.000 9.2567e-05 -0.000209952 9.61639e-05 -0.000218572
% Warning: sampling overrun detected
80640.000 8.82386e-05 -0.000214971 8.01707e-05 -0.000223738
80660.000 5.72201e-05 -0.000226403 7.98801e-05 -0.000229421
80680.000 0.000103217 -0.000208457 0.000118283 -0.000220668
% Warning: sampling overrun detected
80700.000 0.000171243 -0.000181288 0.000166753 -0.000176774
80720.000 0.000126108 -0.000206511 0.000123633 -0.000211269
80740.000 0.000183725 -0.000157327 0.000176147 -0.000163982
% Warning: sampling overrun detected
80760.000 0.000167899 -0.000149865 0.0001771 -0.000158026
% Warning: sampling overrun detected
80780.000 0.000135742 -0.000189439 0.000137586 -0.00018481
% Warning: sampling overrun detected
80800.000 0.000148243 -0.000173193 0.000173592 -0.000179333
80820.000 0.000212386 -0.000101364 0.000222992 -0.000113686
80840.000 0.000187174 -0.00013638 0.000210501 -0.000136607
80860.000 0.00019632 -0.000158403 0.000182953 -0.000148576
% Warning: sampling overrun detected
80880.000 0.000177817 -0.000177423 0.000166785 -0.000165121
% Warning: sampling overrun detected
80900.000 0.000209504 -0.000134733 0.00020568 -0.000132004
% Warning: sampling overrun detected
80920.000 0.000217541 -0.000108414 0.000231701 -0.000113982
% Warning: sampling overrun detected
80940.000 0.000210733 -0.00012503 0.000216321 -0.000124701
80960.000 0.000234132 -5.18061e-05 0.000230393 -5.88504e-05
80980.000 0.000231244 8.24671e-05 0.000245943 9.85074e-05
% Warning: sampling overrun detected
81000.000 0.000236308 5.16394e-05 0.000243749 5.24731e-05
81020.000 0.000225961 9.40266e-05 0.000234486 0.000108974
81040.000 0.000241762 7.04381e-05 0.000257958 7.14962e-05
% Warning: sampling overrun detected
81060.000 0.000246526 5.31927e-05 0.000267558 4.52142e-05
81080.000 0.00026287 -2.72147e-05 0.000260176 -4.76042e-05
81100.000 0.000260978 -7.57837e-05 0.000266609 -5.54706e-05
% Warning: sampling overrun detected
81120.000 0.000268645 -2.94594e-05 0.00026584 -1.83012e-05
% Warning: sampling overrun detected
81140.000 0.000253425 -5.03755e-05 0.000265452 -4.4059e-05
% Warning: sampling overrun detected
81160.000 0.000251946 -3.28289e-05 0.000269107 -1.59317e-05
81180.000 0.000253844 2.20076e-05 0.0002597 1.36377e-05
81200.000 0.000246421 -3.07225e-05 0.000269802 -2.82523e-05
81220.000 0.00023932 -3.17185e-05 0.000261076 -2.08125e-05
81240.000 0.000222308 -4.96201e-05 0.000256858 -5.24764e-05
81260.000 0.000218457 -6.99798e-05 0.000227329 -6.25887e-05
81280.000 0.000201161 -0.00012117 0.000215859 -0.000109023
81300.000 0.000224234 -9.60308e-05 0.000243029 -9.50064e-05
81320.000 0.000172169 -0.000182017 0.000169627 -0.000172182
81340.000 0.000130826 -0.000196674 0.000137016 -0.000201804
81360.000 0.000129483 -0.000189946 0.000153413 -0.000187896
81380.000 0.000116099 -0.000196968 0.00012438 -0.000205178
81400.000 0.000127184 -0.000193729 0.000132458 -0.00019357
81420.000 0.000104881 -0.000208483 0.000125193 -0.000208285
81440.000 -3.13013e-06 -0.000231957 2.0452e-05 -0.000242968
81460.000 1.14015e-05 -0.000232905 2.16105e-05 -0.000240663
81480.000 -0.000100286 -0.000216752 -0.000102785 -0.000227355
81500.000 -0.000152249 -0.00020113 -0.000141864 -0.000204673
81520.000 -9.74777e-05 -0.000221686 -9.91883e-05 -0.000233485
81540.000 -8.09793e-05 -0.000219171 -6.79473e-05 -0.000232606
81560.000 -5.16667e-05 -0.000237479 -5.26181e-05 -0.000246039
81580.000 -7.13152e-06 -0.000239803 -2.8575e-06 -0.000242743
81600.000 -9.27313e-05 -0.000220882 -9.05561e-05 -0.000233641
81620.000 -0.000101762 -0.00022372 -9.11003e-05 -0.00022952
81640.000 -0.000122622 -0.000197903 -0.000130989 -0.000223195
81660.000 1.54739e-06 -0.00024237 -1.17541e-05 -0.000260445
81680.000 4.16846e-05 -0.000237036 4.31844e-05 -0.00026239
81700.000 1.46214e-05 -0.000266849 -9.21898e-07 -0.000257208
81720.000 6.968e-05 -0.00024255 7.19543e-05 -0.000245061
81740.000 0.00021403 -0.000131999 0.000207396 -0.00012748
81760.000 0.00024369 -9.78117e-05 0.000237477 -9.01622e-05
% Warning: sampling overrun detected
81780.000 0.000126513 -0.000208006 0.000129747 -0.000225459
81800.000 -8.01023e-06 -0.000248681 -1.14453e-05 -0.000249357
81820.000 -0.000165019 -0.000197366 -0.000166305 -0.000195607
81840.000 -0.000179367 -0.000189683 -0.000187117 -0.000192816
81860.000 -0.000220469 -0.000119155 -0.000227042 -0.000120659
81880.000 -0.000235628 -6.97017e-05 -0.000248838 -9.51013e-05
81900.000 -0.000248571 2.10326e-05 -0.000250347 2.14598e-05
81920.000 -0.000241045 -4.34365e-05 -0.000260252 -4.4924e-05
81940.000 -0.00025385 -6.75155e-06 -0.000270135 -1.25754e-05
81960.000 -0.000247678 -4.91683e-05 -0.000256899 -5.15104e-05
81980.000 -0.000234083 -9.23019e-05 -0.000243288 -0.000110161
82000.000 -0.000225697 -0.000122341 -0.000237483 -0.000127326
82020.000 -0.000252221 -4.92785e-05 -0.000257918 -5.12991e-05
82040.000 -0.000242919 -8.47405e-05 -0.000238278 -8.65124e-05
82060.000 -0.000247627 -4.43262e-05 -0.000247824 -3.45685e-05
82080.000 -0.000246329 4.01368e-05 -0.000243082 3.37821e-05
82100.000 -0.000242683 2.64614e-05 -0.000247546 2.44725e-05
82120.000 -0.000244669 5.86468e-05 -0.000252118 4.33074e-05
82140.000 -0.000243887 6.12777e-05 -0.000246628 5.78257e-05
82160.000 -0.000225448 8.61469e-05 -0.000252788 0.000101049
82180.000 -0.000237294 5.90177e-05 -0.000251847 6.93006e-05
82200.000 -0.00022876 9.75121e-05 -0.00023371 9.9849e-05
82220.000 -0.000200233 0.000125511 -0.000212502 0.000122244
82240.000 -0.000208987 0.000132237 -0.000208254 0.00015789
82260.000 -0.00019349 0.000151171 -0.000209882 0.000150898
82280.000 -0.000198231 0.0001482 -0.000195116 0.000164331
82300.000 -0.000231013 9.70691e-05 -0.000239812 9.06266e-05
82320.000 -0.0002166 8.54805e-05 -0.000237789 8.48601e-05
82340.000 -0.000246323 7.71306e-05 -0.000245287 9.32995e-05
82360.000 -0.000262876 5.01397e-05 -0.000250698 4.89603e-05
82380.000 -0.000253349 2.75148e-05 -0.000266754 3.57136e-05
82400.000 -0.000258128 7.82466e-06 -0.000261533 1.10538e-05
82420.000 -0.000260826 -1.22654e-07 -0.000266893 -1.06017e-05
82440.000 -0.000220843 0.000103626 -0.000228931 9.29718e-05
82460.000 -0.000175204 0.000167163 -0.000171095 0.000176163
82480.000 -0.000158372 0.000189849 -0.000169982 0.000182495
82500.000 -0.000150592 0.000186159 -0.000178691 0.000181306
82520.000 -6.62001e-05 0.000240765 -5.77729e-05 0.000241309
82540.000 -0.000155507 0.000194821 -0.000157918 0.000207303
82560.000 -9.8895e-05 0.000205492 -0.000110224 0.000216892
82580.000 -6.35436e-05 0.000229242 -7.52259e-05 0.000240828
82600.000 3.17707e-06 0.000240789 -7.34356e-06 0.000241447
82620.000 1.50274e-05 0.000237914 1.33893e-05 0.000252321
82640.000 3.20752e-05 0.000241805 1.52658e-05 0.000247896
82660.000 5.00229e-05 0.000242283 3.12179e-05 0.000247871
82680.000 6.63871e-05 0.000251711 4.37157e-05 0.000242999
82700.000 0.00010797 0.000230329 9.58203e-05 0.000241421
82720.000 0.000150765 0.000200752 0.000161065 0.000200575
82740.000 0.00017212 0.000170586 0.000182132 0.000167321
82760.000 0.000146984 0.000189674 0.000146936 0.000191385
82780.000 6.30655e-05 0.000235593 5.97698e-05 0.000243284
82800.000 -5.59358e-05 0.000245885 -6.02562e-05 0.000245133
82820.000 -0.000131334 0.000200352 -0.000133695 0.000215069
82840.000 -0.000181208 0.000163249 -0.000188708 0.000160276
82860.000 -0.000215086 0.000110741 -0.000213349 0.000110819
82880.000 -0.000241825 -1.52732e-05 -0.000250145 -1.87334e-05
82900.000 -0.000240445 -0.00010014 -0.000252152 -9.0046e-05
82920.000 -0.000237418 -6.52428e-05 -0.000247818 -5.63273e-05
82940.000 -0.000250826 -2.91227e-05 -0.000254298 -1.54002e-05
82960.000 -0.000248832 3.77231e-05 -0.000253436 2.94419e-05
82980.000 -0.00022865 7.60471e-05 -0.000236739 7.22131e-05
83000.000 -0.000249865 8.90993e-05 -0.000247075 9.93973e-05
83020.000 -0.000202227 0.000118178 -0.000199396 0.000123577
83040.000 -0.000213411 0.000110973 -0.000227986 0.000122846
83060.000 -0.000219186 0.000129131 -0.000227473 0.000134714
83080.000 -0.000227961 9.43711e-05 -0.000238754 9.39356e-05
83100.000 -0.000209951 7.07576e-05 -0.000231695 6.62794e-05
83120.000 -0.000238948 -2.18235e-05 -0.000242425 -2.90079e-05
83140.000 -0.000226966 -6.85294e-05 -0.000229004 -7.86277e-05
83160.000 -0.000186611 -0.000164292 -0.000175404 -0.000187824
83180.000 -9.78137e-05 -0.000240605 -0.000116307 -0.000239749
83200.000 -0.00016034 -0.000177442 -0.000156695 -0.000181622
83220.000 -0.000147073 -0.000191561 -0.000139089 -0.000212888
83240.000 -5.41118e-05 -0.000234579 -4.5046e-05 -0.000262003
83260.000 -0.000102584 -0.00021783 -0.000118479 -0.000225181
83280.000 -0.000114155 -0.000220947 -0.000113008 -0.000210898
83300.000 -9.3965e-05 -0.000218555 -8.31888e-05 -0.00024207
83320.000 -0.00015848 -0.000178658 -0.000181061 -0.000182252
83340.000 -0.000172231 -0.000153983 -0.000183271 -0.000163868
83360.000 -0.0001751 -0.000174259 -0.000183212 -0.000183511
83380.000 -0.000230529 -3.01009e-06 -0.000237514 -9.65088e-06
83400.000 -0.000212738 8.99732e-05 -0.00022287 8.4387e-05
83420.000 -0.000233444 4.15299e-05 -0.000244573 3.81994e-05
83440.000 -0.000261339 4.29304e-05 -0.000281495 5.6226e-05
83460.000 -0.000232257 7.76314e-05 -0.000255659 8.69429e-05
83480.000 -0.000252059 4.08035e-05 -0.000263126 8.0244e-05
83500.000 -0.000268586 9.44882e-05 -0.000276016 0.00010816
83520.000 -0.000211293 0.000124051 -0.000220856 0.000124312
83540.000 -0.000252494 6.86982e-05 -0.000255637 7.35687e-05
83560.000 -0.000244388 -2.22779e-05 -0.000259189 -3.9982e-05
% Warning: sampling overrun detected
83580.000 -0.000222961 -0.000118035 -0.000234203 -0.000112437
83600.000 -0.000212934 -0.000145413 -0.000230327 -0.000143042
83620.000 -0.000227938 -9.08941e-05 -0.000266805 -8.25172e-05
83640.000 -0.000242346 -4.56947e-05 -0.000261759 -3.95544e-05
83660.000 -0.000250437 -7.57691e-05 -0.000248829 -9.11248e-05
83680.000 -0.000254821 -3.47257e-05 -0.000276085 -3.668e-05
83700.000 -0.00025354 -3.10261e-06 -0.000270241 4.25102e-06
83720.000 -0.000239052 5.16471e-05 -0.000267272 6.14723e-05
83740.000 -0.000191024 0.000164786 -0.00020399 0.000185539
83760.000 -0.000164986 0.000180806 -0.000181161 0.000198913
83780.000 -0.000231161 0.000119469 -0.000243015 0.000111105
83800.000 -0.00021382 0.000137092 -0.000228485 0.000151983
83820.000 -0.00021445 0.000117305 -0.000240213 0.000127184
83840.000 -0.000225957 0.000118657 -0.000235343 0.000120159
83860.000 -0.000240614 0.000100324 -0.000245323 0.000104267
83880.000 -0.000250546 2.90666e-05 -0.000273417 2.96019e-05
83900.000 -0.000240425 -4.87681e-05 -0.000255931 -4.02984e-05
83920.000 -0.000225844 -9.11346e-05 -0.000236107 -8.45694e-05
83940.000 -0.000248635 -1.9017e-05 -0.000240447 -1.87503e-05
83960.000 -0.000246766 3.39573e-05 -0.000252716 5.2224e-05
83980.000 -0.000222204 -6.87631e-05 -0.000240255 -8.07064e-05
84000.000 -0.000250795 -9.36999e-05 -0.000245531 -0.00010232
84020.000 -0.00023147 -0.000141079 -0.000247828 -0.000137124
84040.000 -0.000138718 -0.000188122 -0.000151854 -0.000205749
84060.000 -6.6118e-05 -0.000229286 -8.21331e-05 -0.000236934
84080.000 -3.95617e-05 -0.000230704 -4.02975e-05 -0.000246199
84100.000 -3.14587e-05 -0.000245604 -4.67448e-05 -0.000275099
84120.000 -0.000182971 -0.000199724 -0.00019699 -0.000202675
84140.000 -0.000187416 -0.000192239 -0.000188431 -0.000191243
84160.000 -0.000197568 -0.000171274 -0.000195069 -0.000193438
84180.000 -0.000268641 -7.94718e-05 -0.000282008 -7.89659e-05
84200.000 -0.000272544 -3.11849e-05 -0.000280454 -4.35094e-05
84220.000 -0.000238255 -6.80357e-05 -0.000257151 -6.65206e-05
84240.000 -0.000259474 6.12257e-06 -0.000278557 2.11102e-05
84260.000 -0.000232907 0.000103359 -0.000242507 0.000119439
84280.000 -0.000229025 0.000124546 -0.000240359 0.000137298
84300.000 -0.000247474 9.29836e-05 -0.000257755 0.000101826
% Warning: sampling overrun detected
84320.000 -0.000252004 6.38328e-05 -0.000270485 6.08641e-05
84340.000 -0.000249669 4.8345e-05 -0.000285608 4.86978e-05
84360.000 -0.00026447 -1.23736e-05 -0.000273378 -8.92015e-06
84380.000 -0.000251557 -6.69711e-05 -0.000263891 -7.12418e-05
84400.000 -0.000254856 -3.60412e-05 -0.000257181 -4.62206e-05
84420.000 -0.000250996 -4.86893e-05 -0.000262362 -5.73125e-05
84440.000 -0.000227936 -8.38591e-05 -0.00024148 -9.83075e-05
84460.000 -0.000261898 -6.31847e-05 -0.000259164 -5.31186e-05
84480.000 -0.000225995 -4.35647e-05 -0.000244545 -7.42256e-05
84500.000 -0.000243721 -1.99544e-05 -0.000259146 -1.85573e-05
84520.000 -0.00024288 -4.7819e-05 -0.000254857 -5.04004e-05
84540.000 -0.000238238 -2.57301e-05 -0.000268226 -4.32041e-05
84560.000 -0.000247561 6.50907e-05 -0.000253306 4.97084e-05
84580.000 -0.000228188 5.99279e-05 -0.000241416 5.49597e-05
84600.000 -0.000221906 0.000120917 -0.000242247 0.00011862
% Warning: sampling overrun detected
84620.000 -0.000199258 0.000166299 -0.000193635 0.000181025
% Warning: sampling overrun detected
84640.000 -0.000186634 0.000174078 -0.000194431 0.00018059
84660.000 -0.000143186 0.00019315 -0.000158565 0.000205632
84680.000 -0.000179056 0.000157601 -0.000183364 0.000172251
84700.000 -0.000216886 0.00010936 -0.00023617 0.000100278
84720.000 -0.000152649 0.000198744 -0.000148971 0.000210845
84740.000 -7.97476e-05 0.000227553 -9.24555e-05 0.000238131
84760.000 -0.000110976 0.000218606 -0.000106152 0.000239848
84780.000 -0.000107937 0.000225678 -0.000109759 0.000232195
84800.000 -0.000131073 0.000216211 -0.000139916 0.000227756
84820.000 -0.000149796 0.000200084 -0.000155986 0.000206384
84840.000 -0.000157856 0.000185052 -0.000168639 0.000187795
84860.000 -0.000188916 0.000115152 -0.000207408 0.000119978
84880.000 -0.000226078 5.34427e-05 -0.000234715 6.93313e-05
84900.000 -0.00024421 3.19712e-05 -0.000252927 1.70437e-05
84920.000 -0.000217941 -8.01592e-05 -0.000226897 -0.000100713
84940.000 -0.000219319 -9.11877e-05 -0.000235856 -9.86909e-05
84960.000 -0.000235262 1.15576e-05 -0.000240479 1.7462e-05
84980.000 -0.000150326 0.00020263 -0.00017162 0.000195319
85000.000 -7.72519e-05 0.000212308 -8.84125e-05 0.000225509
85020.000 -6.061e-05 0.000216874 -5.6141e-05 0.000255273
85040.000 -0.000119208 0.000222416 -0.000128811 0.000222126
85060.000 -0.000167422 0.000162664 -0.000171603 0.000175005
85080.000 -0.000160212 0.000175919 -0.000169802 0.00016287
85100.000 -0.000192068 9.65767e-05 -0.000202153 0.000107647
85120.000 -0.000210889 -9.26272e-05 -0.000200272 -0.000110243
85140.000 -0.000185809 -0.000144503 -0.000191789 -0.000143461
85160.000 -0.000198433 -0.000119741 -0.000201478 -0.000135601
85180.000 -0.000223007 -1.46033e-05 -0.000229523 -2.21179e-05
85200.000 -0.00022572 6.28594e-05 -0.000241976 5.12685e-05
85220.000 -0.000236661 -1.00028e-05 -0.000248753 -1.31083e-05
85240.000 -0.000231 -2.04633e-05 -0.000242197 -2.26473e-05
85260.000 -0.00023845 2.19757e-06 -0.000260894 -3.45414e-06
85280.000 -0.000244022 -3.64788e-05 -0.000242252 -4.89259e-05
85300.000 -0.000242704 -7.32046e-05 -0.000235919 -8.43926e-05
85320.000 -0.000190915 -0.000133396 -0.000207978 -0.00013864
85340.000 -0.000211901 -9.88127e-05 -0.000220504 -9.35335e-05
85360.000 -0.000207349 -0.000103904 -0.00020861 -0.000130195
85380.000 -0.000181715 -0.000144775 -0.000199281 -0.000150076
85400.000 -0.000211656 -0.000133322 -0.000208575 -0.000137379
85420.000 -0.000221956 -0.000104256 -0.000224527 -9.83565e-05
85440.000 -0.000213559 -0.000109346 -0.00022241 -0.000117913
85460.000 -0.000205929 -0.000108837 -0.000210587 -0.000111449
85480.000 -0.000167814 -0.000170333 -0.000162557 -0.000183088
85500.000 -9.0451e-05 -0.000211171 -9.73578e-05 -0.00022794
85520.000 -0.000122881 -0.000197394 -0.000113036 -0.000213355
85540.000 -0.000188804 -0.000195428 -0.000191746 -0.000196919
85560.000 -0.000231019 -0.000108368 -0.000229087 -0.000133662
85580.000 -0.000235219 -5.23266e-05 -0.000241626 -5.85818e-05
85600.000 -0.000247991 -3.73623e-05 -0.00024302 -3.75676e-05
85620.000 -0.000199375 -9.14399e-05 -0.000212161 -0.000110849
85640.000 -0.000235781 -9.90757e-05 -0.000234482 -9.21891e-05
85660.000 -0.000256565 -9.87699e-05 -0.000240332 -8.75904e-05
85680.000 -0.000196838 -0.000137123 -0.000203097 -0.000152885
85700.000 -0.000110421 -0.000198658 -0.00011233 -0.000219687
85720.000 -0.000155282 -0.000216502 -0.00015417 -0.000221305
85740.000 -0.000191825 -0.000167494 -0.000206095 -0.0001758
85760.000 -0.000207819 -8.07258e-05 -0.000226574 -8.07828e-05
85780.000 -0.000234474 -1.53436e-06 -0.000240503 -5.49437e-07
85800.000 -0.000187198 0.000132848 -0.000205109 0.000135154
85820.000 -0.000153478 0.000205613 -0.000144296 0.00020158
85840.000 -0.000177006 0.000170237 -0.000185239 0.000153964
85860.000 -0.000147769 0.000177664 -0.000165497 0.000179373
85880.000 -7.87141e-05 0.000215353 -8.87578e-05 0.000223588
85900.000 3.94986e-05 0.000243934 2.91075e-05 0.000248043
85920.000 6.04075e-05 0.0002436 6.42027e-05 0.000242389
85940.000 4.86905e-05 0.00024067 3.41083e-05 0.000247692
85960.000 6.15105e-05 0.000242822 7.50136e-05 0.000249739
85980.000 0.000115262 0.000227056 0.000117972 0.000235367
86000.000 8.41903e-05 0.000228331 7.08799e-05 0.000249019
86020.000 -1.45173e-05 0.00023672 -1.12759e-05 0.000256079
86040.000 -0.00010221 0.00022365 -0.000122276 0.000233256
86060.000 -0.0001257 0.000216713 -0.000135936 0.000234416
86080.000 -0.000164572 0.00019781 -0.000159266 0.000204226
86100.000 -0.00010943 0.000208984 -0.000119462 0.000226217
86120.000 -0.000112601 0.000206469 -0.000129291 0.000216767
86140.000 -6.77466e-05 0.00021912 -9.4109e-05 0.000239112
86160.000 -2.03157e-05 0.00023552 -3.46378e-05 0.000232337
86180.000 -0.000100306 0.000210252 -0.000123298 0.000206155
86200.000 -0.000156101 0.000178105 -0.000164961 0.000172255
86220.000 -0.000229503 5.0848e-05 -0.000235859 4.58273e-05
86240.000 -0.000234971 -7.5245e-06 -0.000225598 -1.04865e-05
86260.000 -0.000229407 1.38106e-05 -0.000241404 3.12016e-05
86280.000 -0.000162323 0.000165923 -0.000159051 0.000179294
86300.000 -0.000119103 0.000204382 -0.000137016 0.0001963
86320.000 -0.000115134 0.000199829 -0.000122057 0.000198628
86340.000 -6.60978e-05 0.000216319 -8.54941e-05 0.000231869
86360.000 -0.000113958 0.00020654 -0.000112773 0.000207244
86380.000 -9.84239e-05 0.000214307 -0.000100308 0.00022626
