% UltraMSK: version 1.0 beta 16
% Site: localhost.localdomain
% Date: 2015-01-22
% Frequency: 24800.000000 Hz
% Baud Rate: 200 Hz
% VLF Channel: 3
% PPS Channel: 4
% Jack Server: default
% Output Format: Cartesian
% End
68560.000 -9.20822e-06 -0.000323649 -5.93623e-06 -0.000320713
68580.000 -3.54915e-05 -0.000301643 -3.8716e-05 -0.000304761
68600.000 -2.12647e-05 -0.000309174 -2.04575e-05 -0.00029522
68620.000 3.32826e-05 -0.000298438 2.57812e-05 -0.000293409
68640.000 5.16195e-05 -0.000282645 6.2543e-05 -0.000291965
68660.000 0.000105085 -0.000266439 9.16534e-05 -0.000268912
68680.000 0.000147095 -0.000245413 0.000162872 -0.000234612
68700.000 0.000198963 -0.000203476 0.000205115 -0.000195424
68720.000 0.000226763 -0.000166125 0.000249801 -0.000165204
68740.000 0.000243994 -0.000156793 0.000242099 -0.000171186
68760.000 0.00019412 -0.000207414 0.000206685 -0.000198831
68780.000 0.000147519 -0.000254301 0.000157829 -0.000253662
68800.000 0.000122597 -0.000255478 0.000110216 -0.000276741
68820.000 1.93663e-06 -0.000309032 1.46966e-05 -0.000286262
68840.000 4.14539e-05 -0.000292321 2.84076e-05 -0.00028664
68860.000 -7.58505e-05 -0.000288367 -8.57854e-05 -0.000286666
68880.000 -7.00854e-06 -0.000289608 -1.52546e-05 -0.00029759
68900.000 5.32174e-05 -0.000296358 6.3036e-05 -0.000288397
68920.000 0.000114562 -0.000250829 0.000119089 -0.000261522
68940.000 0.000232902 -0.000182522 0.000215497 -0.000168006
68960.000 0.000208454 -0.000207631 0.000197125 -0.000206754
68980.000 0.00017197 -0.000229928 0.00017151 -0.000234432
69000.000 -1.12794e-06 -0.000294521 -2.14432e-06 -0.000293719
69020.000 -0.000131003 -0.000262264 -0.000133694 -0.000262312
69040.000 -0.000204028 -0.00021366 -0.00021037 -0.000218824
69060.000 -8.52274e-05 -0.000278502 -8.89847e-05 -0.000280599
69080.000 -3.88462e-05 -0.000296245 -3.02452e-05 -0.000295549
69100.000 -0.000106045 -0.000279644 -0.000100388 -0.000295924
69120.000 -6.26383e-05 -0.000286642 -6.3012e-05 -0.000284902
69140.000 -7.09916e-05 -0.000292546 -5.70968e-05 -0.000280345
69160.000 7.04447e-06 -0.000305836 -1.79911e-05 -0.000296557
69180.000 0.000177046 -0.000234781 0.000181591 -0.000236255
69200.000 0.000256666 -0.000149861 0.000266552 -0.000149036
% Warning: sampling overrun detected
69220.000 0.000274719 -7.29361e-05 0.000295828 -9.7901e-05
69240.000 0.00026246 -0.00013911 0.000259529 -0.000130709
69260.000 0.000244694 -0.000173866 0.000251318 -0.000188025
69280.000 0.000150699 -0.000240122 0.000154991 -0.00024128
69300.000 0.000137933 -0.000260115 0.000119344 -0.000274262
69320.000 0.000216541 -0.000211091 0.000206325 -0.00021898
69340.000 0.000276383 -9.11853e-05 0.000289867 -0.000104297
69360.000 0.000303909 -3.32873e-05 0.000307894 -3.98819e-06
69380.000 0.000302516 4.55125e-05 0.000297876 2.89486e-05
69400.000 0.000298204 5.15172e-05 0.000304021 6.3075e-05
69420.000 0.000303308 2.48382e-06 0.00029922 -1.78706e-06
69440.000 0.000300127 -2.07177e-05 0.000308364 -3.10969e-05
69460.000 0.000298503 5.97007e-06 0.000311143 -1.08442e-05
69480.000 0.000313769 -1.89466e-05 0.000300578 -1.96148e-05
69500.000 0.000309334 5.85094e-05 0.000313137 4.76091e-05
69520.000 0.000306381 -5.10839e-05 0.000305227 -4.07537e-05
69540.000 0.000305613 1.78309e-05 0.00031538 1.76273e-05
69560.000 0.000292316 0.000116294 0.000293807 0.000117739
69580.000 0.000306893 8.55272e-05 0.000323599 9.54918e-05
69600.000 0.000326469 9.43957e-05 0.000311989 0.000118175
69620.000 0.000325347 6.25669e-05 0.000336373 5.27166e-05
69640.000 0.000344455 -1.03756e-05 0.000334465 -9.1565e-06
69660.000 0.000328683 -3.66666e-05 0.00035962 -5.6144e-05
69680.000 0.000326556 4.31155e-05 0.000338266 4.16131e-05
69700.000 0.000368518 5.05763e-05 0.000381452 2.47405e-05
69720.000 0.000344063 -4.94394e-05 0.000333048 -3.82943e-05
69740.000 0.000348519 -0.000106374 0.000336852 -8.83525e-05
69760.000 0.000351752 -0.000107723 0.000321185 -0.000107249
69780.000 0.000309011 -0.000150031 0.000322916 -0.000135387
69800.000 0.000344416 -8.59735e-05 0.000322047 -0.000103539
69820.000 0.00031547 -0.000120505 0.000320716 -0.000107147
69840.000 0.000323349 -0.000103416 0.000318234 -9.97365e-05
69860.000 0.000296882 -0.000159401 0.000283035 -0.000153879
69880.000 0.000299081 -0.00012992 0.000321022 -0.000126286
69900.000 0.000312196 -0.000102659 0.000313261 -9.24843e-05
69920.000 0.000300432 -0.000147109 0.000314791 -0.000130312
69940.000 0.00030758 -0.000113512 0.000305681 -0.000117417
69960.000 0.000298604 -0.000141458 0.000287654 -0.000131311
69980.000 0.000303861 -0.000111357 0.000329959 -0.000108755
70000.000 0.000284042 -0.0001458 0.000288637 -0.000152422
70020.000 0.000305211 -3.61373e-05 0.00031448 -3.84088e-05
70040.000 0.000303485 -2.09689e-05 0.000312983 -1.6063e-05
70060.000 0.000314799 -1.68177e-05 0.000317103 -1.98286e-05
70080.000 0.000231793 -0.0001802 0.000252245 -0.000190706
70100.000 0.000177584 -0.000269356 0.000187184 -0.000259907
70120.000 0.00024154 -0.000195938 0.000227199 -0.000196686
70140.000 0.00012669 -0.000284756 0.000114105 -0.000272269
70160.000 0.000197872 -0.000219336 0.000209839 -0.000218355
70180.000 0.000180232 -0.00024158 0.000158556 -0.000257243
70200.000 0.000179543 -0.000240864 0.000198092 -0.00023476
70220.000 0.000179682 -0.00022877 0.000178971 -0.000238679
70240.000 0.00021942 -0.000216096 0.000216206 -0.00023297
70260.000 0.000215694 -0.000195273 0.000215615 -0.000202156
70280.000 0.000293225 -0.00011954 0.000269541 -0.000126486
70300.000 0.000263252 -0.00014211 0.0002617 -0.000137239
70320.000 0.000281345 -0.00012481 0.000273736 -0.000116313
70340.000 0.000268709 -0.000103577 0.000269617 -0.000101317
70360.000 0.000254255 -0.000164203 0.000250416 -0.000161434
70380.000 0.000228939 -0.000206753 0.000220844 -0.000192381
70400.000 0.000148656 -0.000276983 0.000158717 -0.000282391
70420.000 0.000169958 -0.000254988 0.000171005 -0.000258503
70440.000 0.000146799 -0.000278418 0.000173921 -0.000265584
70460.000 0.00020743 -0.000221426 0.000213385 -0.000220927
70480.000 0.000227417 -0.000203944 0.000237414 -0.000208651
70500.000 0.000296855 -5.23544e-05 0.000290329 -4.79925e-05
70520.000 0.000307373 5.74068e-05 0.000290523 7.75288e-05
70540.000 0.000305726 1.5037e-06 0.000304834 1.52945e-05
70560.000 0.000292 -3.83347e-05 0.000289988 -3.31862e-05
70580.000 0.000287846 -8.83568e-05 0.000290536 -9.56677e-05
70600.000 0.000284361 -7.84922e-05 0.000287574 -6.27209e-05
70620.000 0.000267794 -0.000132958 0.000277909 -0.000121718
70640.000 0.000290443 -4.67488e-05 0.00029902 -3.99074e-05
70660.000 0.000289816 1.1014e-06 0.000300013 1.79124e-06
70680.000 0.000297376 5.35189e-05 0.000298404 4.81483e-05
70700.000 0.0002812 -7.10955e-05 0.000279322 -9.11807e-05
70720.000 0.000221025 -0.000186545 0.000218448 -0.000204105
70740.000 0.000182293 -0.000236673 0.000189675 -0.000234736
70760.000 0.00020272 -0.00022567 0.000199453 -0.000226191
70780.000 0.000259433 -0.000139601 0.000268323 -0.000128088
70800.000 0.000290488 -9.76773e-05 0.000283209 -0.000104157
70820.000 0.000269154 -0.00010324 0.000279779 -9.15996e-05
70840.000 0.000263491 -0.000131845 0.000269399 -0.000146398
70860.000 0.000234386 -0.000174807 0.000246051 -0.000174719
70880.000 0.000266246 -0.000139852 0.000274333 -0.000133141
70900.000 0.000252905 -0.000147866 0.000259539 -0.00015787
70920.000 0.000278424 -9.51602e-05 0.000291904 -9.02434e-05
70940.000 0.00029332 -5.69795e-05 0.000284259 -5.73737e-05
70960.000 0.000255348 -0.000130757 0.000249934 -0.000152699
% Warning: sampling overrun detected
70980.000 0.000227881 -0.000175923 0.000229584 -0.000181017
71000.000 0.000270258 -9.53357e-05 0.000260413 -0.000112106
71020.000 0.000280632 -6.81551e-05 0.000277509 -6.28804e-05
71040.000 0.000279343 -2.93631e-05 0.000283848 -3.82901e-05
71060.000 0.000276143 -5.80247e-05 0.00028229 -4.36931e-05
71080.000 0.000302276 -2.58727e-06 0.000280885 -1.87226e-06
71100.000 0.000285121 5.56757e-05 0.00028343 3.97333e-05
71120.000 0.000262283 7.1198e-05 0.000272037 6.24131e-05
71140.000 0.000236776 0.000157863 0.00023985 0.000162182
71160.000 0.000183809 0.000219828 0.000191489 0.000218713
71180.000 0.000217188 0.000168372 0.000221229 0.000167222
71200.000 0.000238741 0.000144291 0.000244876 0.000141944
71220.000 0.000195332 0.000194585 0.000202996 0.000197485
71240.000 0.000196463 0.000218014 0.00019745 0.000209649
71260.000 0.000151693 0.000240103 0.000151485 0.000239444
71280.000 2.74165e-05 0.00029341 3.11902e-05 0.00028832
71300.000 -2.37613e-05 0.00029129 -1.99277e-05 0.000277181
71320.000 -0.000155254 0.00024221 -0.000139502 0.000243806
71340.000 -0.000234624 0.000157665 -0.000240917 0.000163841
71360.000 -0.000166861 0.000222111 -0.000174062 0.000224829
71380.000 -5.8974e-05 0.00029323 -4.26721e-05 0.000282842
71400.000 6.64484e-06 0.000285733 7.10208e-06 0.000277882
71420.000 0.000121201 0.000258679 0.000128697 0.000255754
71440.000 0.000157563 0.000248703 0.000155042 0.000265749
71460.000 0.000232799 0.000143859 0.000249436 0.000146887
71480.000 0.000280899 0.000101935 0.000273017 0.000110442
71500.000 0.000247185 0.000117272 0.000262395 0.00011687
71520.000 0.000289839 -2.02811e-05 0.00030688 -1.26161e-05
71540.000 0.000282639 2.93685e-05 0.000280042 4.97753e-05
71560.000 0.000270584 2.34738e-05 0.000282322 1.76621e-05
% Warning: sampling overrun detected
71580.000 0.000262352 0.000122879 0.00027595 0.000119957
71600.000 0.000292121 0.00011925 0.000285336 0.000130516
71620.000 0.000286875 1.01256e-05 0.000299188 9.61932e-06
71640.000 0.000281413 7.64786e-05 0.000295594 6.81628e-05
71660.000 0.000286154 8.45232e-05 0.000289063 7.97531e-05
71680.000 0.000268809 0.000134475 0.000265616 0.000125798
71700.000 0.000222768 0.000174428 0.000239728 0.000170067
71720.000 0.000205794 0.0002037 0.000202568 0.000217347
71740.000 0.000223095 0.000223628 0.000217007 0.000218407
71760.000 0.00027379 0.000103249 0.000272782 0.000103924
71780.000 0.000287475 2.6314e-05 0.000288101 1.76888e-05
71800.000 0.000280368 -4.17457e-05 0.000273588 -2.48692e-05
71820.000 0.000276392 -9.49226e-05 0.000258797 -0.000107741
71840.000 0.000296486 4.94067e-05 0.000281737 3.64598e-05
71860.000 0.000258595 0.000126893 0.000270518 0.00012374
71880.000 0.000246868 0.000155895 0.000257721 0.000144176
71900.000 0.000189919 0.000229727 0.000185138 0.00022603
71920.000 0.000101048 0.000267956 0.000110476 0.000262641
71940.000 0.000113794 0.000275679 0.000111721 0.000260867
71960.000 0.000182484 0.000226392 0.000177831 0.000218249
71980.000 0.000221322 0.000174783 0.000232617 0.000161527
72000.000 0.000203896 0.000205507 0.000194063 0.000206361
72020.000 5.5883e-05 0.000283263 5.59513e-05 0.000267781
72040.000 -8.64292e-05 0.000265163 -9.40248e-05 0.000275194
72060.000 -0.000151353 0.000249243 -0.000139661 0.000244781
72080.000 -0.000181721 0.000226208 -0.000187681 0.000212817
72100.000 -0.000243705 0.000132214 -0.000262671 0.000131257
72120.000 -0.000275759 8.8378e-05 -0.000286379 8.67924e-05
72140.000 -0.000275456 7.85338e-05 -0.000282247 7.86671e-05
72160.000 -0.000258469 0.00012811 -0.00025169 0.000126988
72180.000 -0.000228619 0.000158623 -0.000240536 0.000163401
72200.000 -0.000170689 0.000233441 -0.000168439 0.00021137
72220.000 -0.000191251 0.000215674 -0.000168764 0.000214374
72240.000 -0.000153151 0.000227873 -0.000153128 0.000224801
72260.000 -8.50276e-05 0.000264194 -8.78766e-05 0.00026597
72280.000 -2.37724e-05 0.000272322 -3.55027e-05 0.000267942
72300.000 -2.5655e-05 0.000273208 -2.3953e-05 0.00028472
72320.000 -2.55348e-05 0.000282347 -4.31865e-05 0.000276129
72340.000 -5.59837e-05 0.000268845 -5.44804e-05 0.000280263
72360.000 -0.000158574 0.000215703 -0.000165884 0.000204027
72380.000 -0.000197218 0.000199579 -0.000193204 0.000201585
72400.000 -0.000180842 0.000213106 -0.000185191 0.000206304
72420.000 -0.000172173 0.000205074 -0.000169352 0.000203699
72440.000 -0.000194284 0.000204439 -0.000185808 0.000210781
72460.000 -0.00018285 0.000207232 -0.000167519 0.00022859
72480.000 -7.3744e-05 0.000280806 -8.02243e-05 0.000287432
72500.000 -8.29194e-06 0.000283494 -2.37684e-05 0.000288505
72520.000 -6.72648e-05 0.000270487 -4.55952e-05 0.000266257
72540.000 -0.000123974 0.000264248 -0.00011031 0.000258101
72560.000 -5.74221e-05 0.000259223 -5.6152e-05 0.000257605
72580.000 -8.54589e-05 0.000261412 -9.07874e-05 0.000266325
72600.000 -0.000161855 0.000213145 -0.000187015 0.000208242
72620.000 -0.000244503 0.000150312 -0.000234366 0.000143149
72640.000 -0.000255136 0.000113878 -0.000243731 0.000117092
72660.000 -0.000269307 5.46422e-05 -0.000260616 6.72146e-05
72680.000 -0.000275703 2.28155e-06 -0.000276022 8.77402e-07
72700.000 -0.000277215 4.78742e-05 -0.000281874 5.55715e-05
72720.000 -0.000248186 0.000110513 -0.000254211 0.000101671
72740.000 -0.00021294 0.000177036 -0.00021149 0.000181925
72760.000 -0.000270328 5.16077e-05 -0.000268133 5.05757e-05
% Warning: sampling overrun detected
72780.000 -0.000261675 7.00769e-05 -0.000261075 6.83714e-05
72800.000 -0.000273134 4.55731e-05 -0.000277184 4.27437e-05
72820.000 -0.000272278 -1.23772e-05 -0.00027509 -1.37122e-05
72840.000 -0.000257024 6.44661e-05 -0.000277665 6.88758e-05
72860.000 -0.000245004 0.000125616 -0.00025342 0.00013613
72880.000 -0.000180092 0.000204786 -0.000190925 0.000202585
72900.000 -7.33911e-05 0.000269663 -8.01748e-05 0.000264386
72920.000 -4.89759e-05 0.000277973 -4.24814e-05 0.000275393
72940.000 -1.15399e-05 0.000282292 -2.29022e-05 0.000278764
72960.000 -6.01376e-05 0.000269048 -7.57489e-05 0.00028098
72980.000 -6.86158e-05 0.000270815 -5.82952e-05 0.000271992
73000.000 -0.00014924 0.000238003 -0.000134392 0.000247696
73020.000 -0.000135207 0.000258522 -0.000127146 0.000261518
73040.000 -6.52564e-05 0.000273118 -6.01502e-05 0.000282695
73060.000 -2.79456e-05 0.000276832 -1.23454e-05 0.000283364
73080.000 -4.42634e-05 0.000255836 -6.33349e-05 0.000261776
73100.000 -9.02918e-05 0.00025924 -9.65753e-05 0.00025221
73120.000 -0.000206784 0.000197955 -0.000230002 0.000180132
73140.000 -0.0002496 0.000144234 -0.000243154 0.000135946
73160.000 -0.000208429 0.000190827 -0.000209993 0.000190122
73180.000 -0.000169593 0.000223564 -0.000175549 0.000199463
73200.000 -0.000129643 0.00024797 -0.000121321 0.000260174
73220.000 -0.00018722 0.000212721 -0.000183586 0.000229752
73240.000 -0.000167788 0.000219573 -0.000179151 0.000212854
73260.000 -0.00019714 0.000189037 -0.000191798 0.000202069
73280.000 -0.000146363 0.000237328 -0.000138625 0.000242102
73300.000 -8.66446e-05 0.000273541 -8.73661e-05 0.000275352
73320.000 -0.000108538 0.000270365 -0.000110994 0.000271182
73340.000 -6.55949e-05 0.000281598 -5.5149e-05 0.000280653
73360.000 -0.000149029 0.000238908 -0.000141237 0.000248506
73380.000 -0.000129533 0.000256415 -0.000120986 0.000256967
73400.000 -9.48602e-05 0.000247909 -0.000120016 0.000264997
73420.000 -0.000144599 0.000242109 -0.000144726 0.000235356
73440.000 -0.00014831 0.000236775 -0.000148968 0.000220754
73460.000 -0.000109943 0.00024977 -0.000117922 0.000262773
73480.000 -0.000198549 0.000185726 -0.00019683 0.000188705
73500.000 -0.000210408 0.000187264 -0.000203912 0.000192277
73520.000 -0.000205173 0.000197245 -0.000200897 0.000212434
73540.000 -0.000221373 0.000157636 -0.000226369 0.00016499
73560.000 -0.000282806 4.65752e-05 -0.000282334 2.92146e-05
73580.000 -0.000270668 9.35717e-05 -0.000265707 9.18145e-05
73600.000 -0.000274675 2.70407e-05 -0.00028061 1.83407e-05
73620.000 -0.00026796 -6.14761e-06 -0.000299541 -2.11649e-06
73640.000 -0.000285723 4.88098e-05 -0.000281904 4.97447e-05
73660.000 -0.000280871 -4.93491e-06 -0.000284862 2.19053e-05
73680.000 -0.000273803 -2.60402e-05 -0.000284048 -2.49501e-05
73700.000 -0.000267021 -8.35026e-05 -0.000270767 -9.34468e-05
73720.000 -0.000261013 -5.17279e-05 -0.000260825 -4.26675e-05
73740.000 -0.000288224 1.93507e-05 -0.000278632 2.87973e-05
73760.000 -0.000282275 -3.02613e-05 -0.000290022 -2.34685e-05
73780.000 -0.000273649 -4.30822e-05 -0.000278776 -5.99105e-05
73800.000 -0.000227962 -0.000156389 -0.000232359 -0.000165282
73820.000 -0.000222502 -0.000177043 -0.000215355 -0.00017034
73840.000 -0.000177366 -0.00022812 -0.000176107 -0.000224801
73860.000 -0.000198288 -0.000186743 -0.000202569 -0.000180352
73880.000 -0.000218272 -0.000177117 -0.000217593 -0.000169142
73900.000 -0.000215572 -0.000170095 -0.000217671 -0.000175025
73920.000 -0.000185902 -0.000188859 -0.000187726 -0.000204048
73940.000 -0.000216414 -0.000180575 -0.000206578 -0.000190834
73960.000 -0.000263639 -9.62044e-05 -0.000273709 -0.00010634
73980.000 -0.000276566 -1.28054e-05 -0.000283399 -4.18522e-06
74000.000 -0.000264774 0.000100583 -0.000266568 8.6472e-05
74020.000 -0.000250841 0.000109132 -0.000250161 0.00011969
74040.000 -0.000267015 3.49544e-05 -0.000276814 3.85478e-05
74060.000 -0.000274244 1.06193e-05 -0.000289412 5.05242e-06
74080.000 -0.000268488 -0.000102348 -0.000259103 -0.00010449
74100.000 -0.000260783 -0.000109029 -0.000258162 -0.000114993
74120.000 -0.000236103 -0.000129843 -0.000251192 -0.000121247
74140.000 -0.000223174 -0.000173368 -0.000228663 -0.000160901
74160.000 -0.000244903 -0.00014121 -0.00024531 -0.000136086
74180.000 -0.000241388 -0.000129987 -0.000250488 -0.00012614
74200.000 -0.000263279 -0.000139291 -0.000262614 -0.000153637
74220.000 -0.000249808 -0.000134804 -0.00024217 -0.000148047
74240.000 -0.000221055 -0.000166462 -0.000232849 -0.000158649
74260.000 -0.000266546 -0.000111216 -0.000276974 -0.000114383
74280.000 -0.000290714 -0.000124196 -0.000288602 -0.000115778
74300.000 -0.000248871 -0.000109716 -0.00025418 -0.000127654
74320.000 -0.000269322 -0.000111274 -0.000270049 -0.000107163
74340.000 -0.00024641 -5.93281e-05 -0.000259533 -4.50534e-05
74360.000 -0.000273178 -4.06748e-05 -0.000269576 -4.76714e-05
74380.000 -0.00031083 -6.77635e-05 -0.000289955 -6.53635e-05
74400.000 -0.000291381 -4.2349e-05 -0.000297013 -3.60308e-05
74420.000 -0.000229141 -0.000110311 -0.000238058 -0.000103104
74440.000 -0.000122961 -0.000244573 -0.000129381 -0.000238325
74460.000 -5.9059e-05 -0.000280191 -5.73629e-05 -0.000293472
74480.000 -5.18899e-06 -0.000296328 -2.58084e-05 -0.000287718
74500.000 8.73453e-05 -0.000272475 7.88634e-05 -0.000265607
74520.000 0.000199557 -0.000202461 0.000215139 -0.000187948
74540.000 0.000137566 -0.000236333 0.000142205 -0.000234263
74560.000 5.65986e-05 -0.000271167 5.91538e-05 -0.000293809
% Warning: sampling overrun detected
74580.000 1.59482e-05 -0.000276446 1.87101e-05 -0.000293739
74600.000 6.89994e-05 -0.000283272 7.17846e-05 -0.000284144
74620.000 0.000138763 -0.000256335 0.000140896 -0.000259255
74640.000 0.00021388 -0.000184481 0.000216867 -0.000182071
74660.000 0.000206032 -0.000201915 0.00020666 -0.000191359
74680.000 0.00020792 -0.000194444 0.000205886 -0.000187233
74700.000 0.000238191 -0.000159696 0.000225774 -0.000160886
74720.000 0.000194673 -0.000225872 0.000182353 -0.000208706
74740.000 0.000231077 -0.000173856 0.000224446 -0.000166252
74760.000 0.0002475 -0.000149242 0.000242363 -0.000152027
74780.000 0.000192181 -0.000225702 0.000187419 -0.000204352
74800.000 0.000122041 -0.000260897 0.000134955 -0.00025743
74820.000 4.24718e-05 -0.000280658 4.56318e-05 -0.000276429
74840.000 4.52289e-06 -0.000274328 1.77946e-06 -0.000299791
74860.000 -5.23891e-05 -0.000287237 -4.40096e-05 -0.000288091
74880.000 -5.51374e-05 -0.00028241 -5.17609e-05 -0.000298801
74900.000 -5.01157e-05 -0.000290048 -5.41075e-05 -0.000291601
74920.000 -4.09215e-05 -0.000290393 -4.08271e-05 -0.000285506
74940.000 -0.000132878 -0.000271941 -0.000128912 -0.000272258
74960.000 -5.52111e-05 -0.000278671 -6.90057e-05 -0.000277301
74980.000 -0.000184361 -0.00023006 -0.000180117 -0.000233868
75000.000 -0.000106182 -0.000274935 -0.000114257 -0.000269046
75020.000 4.85889e-05 -0.000274355 5.96789e-05 -0.000272598
75040.000 6.27357e-05 -0.000277201 5.95145e-05 -0.000288573
75060.000 -1.1354e-05 -0.000283278 -1.04872e-05 -0.000277496
75080.000 2.62264e-05 -0.000280373 5.40967e-05 -0.000277893
75100.000 8.21665e-05 -0.00028329 8.21947e-05 -0.000270629
75120.000 7.60562e-05 -0.000284031 7.56077e-05 -0.000275141
75140.000 0.000133066 -0.00024476 0.000140351 -0.000243577
75160.000 0.000128642 -0.000244979 0.000132147 -0.000252055
% Warning: sampling overrun detected
75180.000 0.000175889 -0.000201679 0.000185827 -0.000212097
75200.000 0.000242375 -0.000132318 0.000239581 -0.000146728
75220.000 0.000231269 -0.000157557 0.000222029 -0.000153804
% Warning: sampling overrun detected
75240.000 0.00025282 -0.000113409 0.000253579 -0.000104825
% Warning: sampling overrun detected
75260.000 0.000264384 -8.13137e-05 0.000277027 -5.78228e-05
% Warning: sampling overrun detected
75280.000 0.000280469 3.75827e-05 0.000273264 4.10997e-05
75300.000 0.00023128 0.000145218 0.00023712 0.000140681
75320.000 0.000209144 0.000185167 0.000215504 0.00019414
75340.000 0.000193495 0.000190689 0.000196071 0.000204635
% Warning: sampling overrun detected
75360.000 0.00017561 0.000224024 0.000156935 0.000232373
75380.000 7.62648e-05 0.000267692 8.78758e-05 0.000261843
75400.000 0.000140845 0.000255037 0.000123862 0.000241249
% Warning: sampling overrun detected
75420.000 0.000143764 0.00023762 0.000156668 0.00023757
% Warning: sampling overrun detected
75440.000 0.000124226 0.000253003 0.000122673 0.000266299
% Warning: sampling overrun detected
75460.000 8.23984e-05 0.000269157 8.96922e-05 0.000262413
% Warning: sampling overrun detected
75480.000 3.02379e-05 0.000280908 2.42992e-05 0.000288324
75500.000 6.20389e-05 0.000271469 7.44048e-05 0.000278936
75520.000 9.44491e-05 0.000259845 0.000108056 0.000266949
% Warning: sampling overrun detected
75540.000 0.000139237 0.000235142 0.000152149 0.000238132
% Warning: sampling overrun detected
75560.000 0.000142213 0.000246974 0.000148461 0.000238147
% Warning: sampling overrun detected
75580.000 0.000205278 0.000173662 0.000195343 0.000165859
% Warning: sampling overrun detected
75600.000 0.000260667 8.64022e-05 0.000274465 7.7607e-05
% Warning: sampling overrun detected
75620.000 0.000269105 6.03011e-05 0.000269359 6.38506e-05
% Warning: sampling overrun detected
75640.000 0.000266624 8.55446e-05 0.000261932 0.000104531
75660.000 0.000226986 0.000148638 0.000233176 0.000150022
75680.000 0.000207764 0.000167229 0.000205051 0.000179535
75700.000 0.000267878 9.72747e-05 0.000250694 9.60214e-05
75720.000 0.000257008 9.12118e-05 0.0002634 0.000104097
75740.000 0.000240715 0.000112957 0.000265699 0.00013079
75760.000 0.000182773 0.000185479 0.000195008 0.000205874
75780.000 0.000136002 0.00024551 0.000135887 0.000240631
75800.000 1.8057e-05 0.000272977 2.6647e-05 0.000274882
75820.000 4.01361e-05 0.000275195 4.80519e-05 0.000280598
75840.000 5.8322e-05 0.000278069 5.92038e-05 0.000278912
75860.000 -2.11202e-06 0.00027616 -6.48236e-06 0.000275339
75880.000 2.01004e-05 0.000278885 5.35015e-06 0.000273329
75900.000 8.09557e-05 0.000264797 7.86457e-05 0.000272371
75920.000 5.33434e-05 0.000279598 5.09194e-05 0.000276305
75940.000 0.000108072 0.000270731 0.000111155 0.000258235
75960.000 0.000125169 0.000252528 0.00012383 0.000252451
75980.000 8.61069e-05 0.000249723 0.000101634 0.000249154
76000.000 2.55449e-06 0.000300613 -2.66201e-06 0.000268078
76020.000 -1.14749e-05 0.000278898 -2.87362e-05 0.000277178
76040.000 -0.000137263 0.000236906 -0.000131964 0.000239382
76060.000 -0.000172801 0.000215692 -0.000173147 0.000218465
76080.000 -0.000184535 0.000202397 -0.000178043 0.000198358
76100.000 -0.000177737 0.000207518 -0.000211038 0.000205745
76120.000 -0.000196907 0.00020473 -0.000190551 0.000194223
76140.000 -0.000205409 0.000193235 -0.000207196 0.00018914
76160.000 -0.000123305 0.000253706 -0.000116685 0.000260776
76180.000 -4.44502e-05 0.000272493 -5.38887e-05 0.000280524
76200.000 -9.12954e-05 0.000261179 -7.86848e-05 0.000266524
76220.000 -8.78415e-05 0.00026575 -9.90244e-05 0.000282895
76240.000 -0.000106061 0.000258942 -0.000123045 0.000258787
76260.000 -0.000245713 9.5973e-05 -0.000247766 0.000118496
76280.000 -0.000288262 4.72822e-05 -0.000274009 1.67311e-05
76300.000 -0.000275961 1.91098e-05 -0.000294194 1.07608e-05
76320.000 -0.000264594 -8.26231e-05 -0.000275487 -8.51447e-05
76340.000 -0.000279612 -1.60111e-06 -0.000278784 -1.71086e-05
76360.000 -0.000268799 -3.35852e-05 -0.000263932 -3.11842e-05
% Warning: sampling overrun detected
76380.000 -0.000249472 -0.000123641 -0.000247303 -0.000136004
% Warning: sampling overrun detected
76400.000 -0.000243433 -0.000136721 -0.000256052 -0.000140067
% Warning: sampling overrun detected
76420.000 -0.000225427 -0.0001513 -0.000242029 -0.000153397
% Warning: sampling overrun detected
76440.000 -0.000225877 -0.000139265 -0.000237811 -0.000140479
% Warning: sampling overrun detected
76460.000 -0.000237536 -0.000142142 -0.000239338 -0.000140915
% Warning: sampling overrun detected
76480.000 -0.0001861 -0.000201919 -0.000191102 -0.000187595
% Warning: sampling overrun detected
76500.000 -0.000138571 -0.000229284 -0.000126092 -0.000235903
% Warning: sampling overrun detected
76520.000 1.94172e-06 -0.000276886 1.86337e-05 -0.000284644
% Warning: sampling overrun detected
76540.000 7.37179e-05 -0.000262605 5.7135e-05 -0.000263306
% Warning: sampling overrun detected
76560.000 9.33224e-05 -0.00025389 8.66147e-05 -0.000272096
% Warning: sampling overrun detected
76580.000 7.98579e-05 -0.000264775 5.98978e-05 -0.000275665
% Warning: sampling overrun detected
76600.000 0.00017128 -0.000215992 0.000177722 -0.000198145
% Warning: sampling overrun detected
76620.000 9.9529e-05 -0.000242663 9.96213e-05 -0.000256667
% Warning: sampling overrun detected
76640.000 -0.000171988 -0.000213156 -0.000157515 -0.000223947
76660.000 -0.000212605 -0.000187968 -0.00020503 -0.00018288
% Warning: sampling overrun detected
76680.000 -0.00024182 -0.000141419 -0.00023426 -0.000145505
% Warning: sampling overrun detected
76700.000 -0.00019839 -0.0001982 -0.00019279 -0.000191881
% Warning: sampling overrun detected
76720.000 -0.000192826 -0.000213212 -0.000192072 -0.000202839
% Warning: sampling overrun detected
76740.000 -0.000172771 -0.000217719 -0.000176701 -0.000222842
% Warning: sampling overrun detected
76760.000 -5.85836e-05 -0.000274173 -5.67494e-05 -0.000266963
% Warning: sampling overrun detected
76780.000 -0.000123632 -0.000241511 -0.000125122 -0.000259619
% Warning: sampling overrun detected
76800.000 -5.27946e-05 -0.000278066 -5.92713e-05 -0.000271264
% Warning: sampling overrun detected
76820.000 6.03112e-05 -0.000266027 7.84419e-05 -0.00026933
% Warning: sampling overrun detected
76840.000 0.000213585 -0.000168575 0.000225791 -0.000161927
% Warning: sampling overrun detected
76860.000 0.000221502 -0.000187659 0.000215474 -0.000185306
% Warning: sampling overrun detected
76880.000 0.000226686 -0.000160668 0.000222079 -0.000167726
% Warning: sampling overrun detected
76900.000 0.000233212 -0.000143621 0.000240805 -0.000136942
% Warning: sampling overrun detected
76920.000 0.000224237 -0.000146731 0.000231532 -0.000166288
% Warning: sampling overrun detected
76940.000 0.000243598 -0.000136296 0.000238979 -0.000128236
% Warning: sampling overrun detected
76960.000 0.000183201 -0.000219665 0.000172971 -0.000220072
% Warning: sampling overrun detected
76980.000 7.73687e-05 -0.000257454 9.25971e-05 -0.000268881
77000.000 0.00011439 -0.00024422 0.000127044 -0.000255157
77020.000 0.000108143 -0.000255764 0.000121674 -0.000247717
77040.000 5.04897e-05 -0.000278712 6.8068e-05 -0.00028011
77060.000 1.58689e-05 -0.000275135 1.92935e-05 -0.000287769
77080.000 -9.12952e-05 -0.000265677 -0.000115111 -0.000253647
77100.000 -6.46858e-05 -0.000280101 -5.87866e-05 -0.000272104
77120.000 -0.000186528 -0.000224042 -0.000179138 -0.000244618
77140.000 -0.00022719 -0.000193992 -0.000221638 -0.000188866
77160.000 -0.000265078 -0.000104489 -0.00028826 -0.000113139
77180.000 -0.000270444 -2.19319e-05 -0.000281556 -3.13512e-05
77200.000 -0.000288713 -4.02829e-05 -0.000281705 -3.91049e-05
77220.000 -0.000289055 -3.81892e-05 -0.000269319 -3.1114e-05
77240.000 -0.00027814 1.52791e-05 -0.00028854 4.73186e-06
77260.000 -0.000287006 -3.98106e-05 -0.000277658 -4.04936e-05
77280.000 -0.000269128 -5.33403e-05 -0.000282075 -5.64146e-05
77300.000 -0.000267816 -6.77752e-05 -0.000275723 -7.87255e-05
77320.000 -0.000282274 -6.74475e-05 -0.000264024 -4.80445e-05
77340.000 -0.000273839 -3.41825e-05 -0.000281765 -3.70507e-05
77360.000 -0.000285373 2.70479e-05 -0.000278689 3.3499e-05
77380.000 -0.000274896 3.31764e-05 -0.000289612 4.90071e-05
77400.000 -0.000268596 9.26966e-05 -0.000271472 8.37637e-05
77420.000 -0.000238689 0.000152323 -0.000232135 0.000159358
77440.000 -0.000215853 0.000169532 -0.000228657 0.000162647
77460.000 -0.000234323 0.000163187 -0.000234833 0.000169046
77480.000 -0.000255957 0.000130143 -0.000243467 0.000121226
77500.000 -0.000217692 0.000191436 -0.000211178 0.000186754
77520.000 -0.000253075 0.000119408 -0.000263832 0.000124659
77540.000 -0.000249735 0.000135422 -0.000246278 0.000136612
77560.000 -0.000263663 0.000112039 -0.000256202 0.000119207
77580.000 -0.000213984 0.000173067 -0.000215386 0.000177014
77600.000 -0.000201446 0.00020292 -0.000191716 0.000192156
77620.000 -0.000211896 0.000184216 -0.000219871 0.000177764
77640.000 -0.000209537 0.000179416 -0.000198807 0.000184522
77660.000 -0.000236752 0.000141298 -0.000238816 0.000128601
77680.000 -0.000279048 3.49439e-05 -0.000278952 4.30279e-05
77700.000 -0.000268908 1.98369e-05 -0.000286034 1.19526e-05
77720.000 -0.00026926 8.01672e-06 -0.000286068 1.64538e-05
77740.000 -0.000282258 1.43459e-05 -0.000287948 2.65422e-06
77760.000 -0.000262437 8.09674e-05 -0.000279447 4.72969e-05
77780.000 -0.00025261 9.85775e-05 -0.000253241 0.000106846
77800.000 -0.000189458 0.000205515 -0.000190167 0.000212975
77820.000 -0.000118696 0.000244714 -0.000112589 0.000263259
77840.000 -0.000115915 0.000262311 -9.95291e-05 0.000270083
77860.000 -0.00012352 0.000249852 -0.000124627 0.000250725
77880.000 -0.000190608 0.000207936 -0.000185617 0.000205889
77900.000 -0.000247143 0.000152873 -0.000230195 0.000152111
77920.000 -0.000249427 0.000144778 -0.000244617 0.000144942
77940.000 -0.000199501 0.000188334 -0.0002039 0.000194097
77960.000 -0.000262744 0.000105431 -0.000249715 9.55847e-05
77980.000 -0.000260171 0.000102385 -0.000275341 8.94472e-05
78000.000 -0.000275775 7.23007e-05 -0.000275449 7.40271e-05
78020.000 -0.000232187 0.000172326 -0.000227593 0.000172572
78040.000 -0.000236028 0.000166771 -0.000217456 0.000172707
78060.000 -0.000261334 0.000117992 -0.000254171 0.000128399
78080.000 -0.000101048 0.000254338 -0.000109817 0.000254581
78100.000 -9.69742e-05 0.000273552 -0.000103327 0.000267929
78120.000 -0.000102843 0.000267429 -9.18405e-05 0.000258946
78140.000 -2.32449e-05 0.000277784 -2.00827e-05 0.000277544
78160.000 1.69567e-06 0.000288434 7.82936e-07 0.000294368
78180.000 -5.88172e-05 0.000276306 -4.54575e-05 0.000275085
78200.000 -0.000152017 0.000229607 -0.000151682 0.000239247
78220.000 -0.000193586 0.000190459 -0.000181007 0.000196007
78240.000 -0.000240129 0.000162831 -0.000230269 0.000155064
78260.000 -0.000281261 3.50749e-05 -0.000286269 2.05563e-05
78280.000 -0.00027746 3.18225e-05 -0.000285372 3.86454e-05
78300.000 -0.000240301 7.17968e-05 -0.000256053 7.42e-05
78320.000 -0.000271922 7.41507e-05 -0.000278956 6.69837e-05
78340.000 -0.00023686 0.000121072 -0.000239798 0.000136504
78360.000 -0.000168004 0.000223678 -0.000173507 0.000210343
78380.000 -0.000164772 0.000191675 -0.000184324 0.000193599
78400.000 -9.99246e-05 0.000247643 -8.87296e-05 0.000243996
78420.000 2.46563e-05 0.000275063 9.86561e-06 0.000280214
78440.000 0.000154289 0.000208506 0.000153607 0.000235873
78460.000 0.000179297 0.000220001 0.000159987 0.000228635
78480.000 0.000166815 0.000206734 0.000170292 0.000228865
78500.000 0.000212912 0.000170315 0.000209772 0.000170623
78520.000 0.000181282 0.000210887 0.000190424 0.000206864
78540.000 0.00020221 0.000210484 0.000192236 0.00020444
78560.000 0.000221111 0.000166854 0.000228542 0.000158807
78580.000 0.00025292 0.000131403 0.000243447 0.000131017
78600.000 0.000245776 0.000124389 0.000250754 0.000125616
78620.000 0.00017308 0.000221658 0.000179262 0.000221355
78640.000 0.000111376 0.000262093 0.000106985 0.000255685
78660.000 0.000105918 0.00025089 0.000119307 0.000247514
78680.000 0.000148729 0.000240811 0.000153051 0.000254593
78700.000 0.000166536 0.000234549 0.000159847 0.000243531
78720.000 0.000190598 0.000190278 0.000182681 0.000198346
78740.000 0.00022189 0.000149433 0.000243192 0.00014846
78760.000 0.000262482 8.72491e-05 0.000268375 8.58948e-05
% Warning: sampling overrun detected
78780.000 0.000269511 6.91439e-05 0.000282734 6.26784e-05
78800.000 0.000249104 0.000128808 0.00026285 0.000124306
78820.000 0.000238573 0.000131764 0.000234747 0.000131683
78840.000 0.000259174 7.41517e-05 0.000261788 7.17892e-05
78860.000 0.000251489 9.97927e-05 0.000244875 0.000105711
78880.000 0.000231188 0.000141486 0.000242267 0.000134039
78900.000 0.000236365 0.000125974 0.000241263 0.000122479
78920.000 0.000251478 9.93299e-05 0.000248908 9.59636e-05
78940.000 0.000254261 8.44119e-05 0.000256865 9.1167e-05
78960.000 0.000261529 -4.67038e-06 0.000254996 -1.54744e-05
78980.000 0.000259332 -7.93816e-06 0.000270679 -1.07269e-06
79000.000 0.000302516 3.14145e-05 0.000292361 3.0545e-05
79020.000 0.000270302 4.85807e-05 0.000279048 5.77192e-05
79040.000 0.000255062 4.36848e-05 0.000263236 4.54194e-05
79060.000 0.000275523 -0.000105728 0.000262012 -0.000103373
79080.000 0.000167488 -0.000216464 0.000169335 -0.000218601
79100.000 0.000226343 -0.000157012 0.000227167 -0.000159704
79120.000 0.000260913 -4.64312e-05 0.000267749 -4.7444e-05
79140.000 0.000279233 3.52797e-05 0.000273703 4.86221e-05
79160.000 0.000275005 2.95732e-05 0.00027228 2.97223e-05
79180.000 0.000292999 -3.27519e-05 0.000281227 -1.47886e-05
79200.000 0.000276477 -7.64978e-05 0.000278396 -7.86111e-05
79220.000 0.000240657 -0.000115385 0.000243353 -0.000102618
79240.000 0.000266614 -6.78186e-05 0.000256813 -5.89165e-05
79260.000 0.000271034 2.30261e-05 0.000280387 3.06161e-05
79280.000 0.000261425 0.000108681 0.000256386 8.92355e-05
79300.000 0.000232838 0.000121374 0.000225899 0.00011559
79320.000 0.000199153 0.000183566 0.000200728 0.000183113
79340.000 0.000176814 0.000208078 0.000166102 0.000213547
79360.000 0.000157444 0.00022842 0.000158917 0.000230045
79380.000 0.000169891 0.000184488 0.000168239 0.000181804
79400.000 0.000221555 0.00015364 0.00021281 0.000143665
79420.000 0.000147882 0.000219843 0.000142137 0.000231343
79440.000 9.66249e-05 0.000240823 0.00011485 0.00025198
79460.000 0.000119653 0.00024502 0.000128122 0.000235381
79480.000 7.97308e-05 0.000252301 6.72989e-05 0.000262949
79500.000 4.83185e-05 0.000269109 3.61373e-05 0.000262625
79520.000 4.36977e-05 0.000268124 3.73211e-05 0.000270451
79540.000 -8.33388e-06 0.000277794 1.46203e-06 0.000270252
79560.000 2.62078e-07 0.000271446 -1.66475e-05 0.000275548
79580.000 -8.253e-05 0.00025436 -8.95495e-05 0.000260316
79600.000 -0.000184461 0.000197848 -0.000201841 0.000198924
79620.000 -0.000179727 0.000198728 -0.000193186 0.000198278
79640.000 -0.000195559 0.000179013 -0.000197345 0.000185465
79660.000 -0.000178897 0.000219439 -0.000162446 0.000219987
79680.000 -0.000128641 0.000247819 -0.000118879 0.000239845
79700.000 -0.000106981 0.000253371 -0.000104626 0.000262834
79720.000 -0.00011272 0.000253596 -0.000119276 0.000245938
79740.000 -4.8458e-05 0.00025986 -5.92552e-05 0.000264097
79760.000 -6.40166e-05 0.000263515 -6.10316e-05 0.000268149
79780.000 -0.000119417 0.000252105 -0.000112902 0.000248172
79800.000 -9.46675e-05 0.000262454 -7.67014e-05 0.000277082
79820.000 -0.000144946 0.000247371 -0.000140681 0.000235796
79840.000 -0.000140065 0.00024831 -0.00013226 0.000239959
79860.000 -0.00012552 0.000241963 -0.000141224 0.000228605
79880.000 -0.000192041 0.000191491 -0.000188075 0.000196476
79900.000 -0.000224115 0.000144298 -0.000211115 0.00014892
79920.000 -0.000180859 0.000211429 -0.00017043 0.000215509
79940.000 -0.000125487 0.000250798 -0.00013208 0.000228969
79960.000 -0.000104571 0.000256877 -9.36313e-05 0.00025633
79980.000 -3.41181e-05 0.000255807 -3.939e-05 0.000269541
80000.000 1.43432e-05 0.000269744 3.55987e-05 0.000273031
80020.000 7.1475e-05 0.000265011 6.42645e-05 0.000258948
80040.000 9.18835e-05 0.000263137 8.83431e-05 0.000260691
80060.000 0.000124666 0.000241243 0.000119934 0.000256052
80080.000 6.03303e-05 0.000259315 7.2901e-05 0.000255092
80100.000 -2.60617e-05 0.000280869 -4.29753e-05 0.000261587
80120.000 2.81191e-05 0.000275921 1.97212e-05 0.000280977
80140.000 6.16502e-05 0.000267716 6.57632e-05 0.000261071
80160.000 0.00014482 0.000222402 0.000152002 0.000218611
80180.000 0.000209883 0.000184385 0.000192019 0.000191992
80200.000 0.000174385 0.000193816 0.000181867 0.000196951
80220.000 0.000205354 0.000186573 0.000206668 0.000193784
80240.000 0.000200928 0.000177 0.000210979 0.000190892
80260.000 0.000202023 0.000182554 0.000202761 0.000189426
80280.000 0.000199714 0.00017982 0.000201031 0.000177066
80300.000 0.000202207 0.000197651 0.000198373 0.000204698
80320.000 0.000211189 0.000198546 0.000198746 0.000197952
80340.000 0.000122736 0.000252688 0.000113755 0.000243855
80360.000 5.77792e-05 0.000280778 7.46588e-05 0.000280108
80380.000 2.71545e-05 0.000287119 3.41185e-05 0.000286304
80400.000 2.08651e-05 0.000273798 3.29545e-05 0.000267999
80420.000 0.000109505 0.000238429 0.000120015 0.000234771
80440.000 0.000117834 0.00023805 0.000120827 0.000236904
80460.000 1.31784e-05 0.000273722 2.89571e-05 0.000279089
80480.000 2.94097e-05 0.000274284 3.23654e-05 0.000274098
80500.000 -7.91909e-06 0.000273048 -1.30059e-05 0.000276533
80520.000 5.8743e-05 0.000256356 5.93184e-05 0.000271194
80540.000 1.46726e-05 0.000257418 5.86247e-06 0.000276816
80560.000 -2.98474e-05 0.000258054 -2.27827e-05 0.00027799
% Warning: sampling overrun detected
80580.000 -9.39141e-05 0.000244417 -9.59426e-05 0.000253777
80600.000 -0.000166052 0.000224105 -0.000159802 0.000219138
80620.000 -8.59266e-05 0.000251326 -9.11105e-05 0.000257104
% Warning: sampling overrun detected
80640.000 -0.000183409 0.000215862 -0.000182414 0.000201684
80660.000 -0.000139359 0.000240379 -0.000130682 0.000246234
80680.000 -7.50868e-05 0.000259397 -7.04911e-05 0.000273116
% Warning: sampling overrun detected
80700.000 -4.24057e-05 0.000272838 -4.16366e-05 0.000284273
80720.000 -0.000123386 0.000240538 -0.000120607 0.000243696
80740.000 -0.000168693 0.000216699 -0.000168767 0.000210222
% Warning: sampling overrun detected
80760.000 -0.000262384 4.62028e-05 -0.000267638 4.52504e-05
% Warning: sampling overrun detected
80780.000 -0.000269615 -5.76454e-05 -0.000265402 -6.57942e-05
% Warning: sampling overrun detected
80800.000 -0.000251186 -0.000113343 -0.000246578 -0.00010744
80820.000 -0.000211978 -0.000168436 -0.000213398 -0.000178879
80840.000 -0.00021566 -0.000158097 -0.000202072 -0.000159937
80860.000 -0.000247271 -9.67467e-05 -0.000260178 -8.67146e-05
% Warning: sampling overrun detected
80880.000 -0.000244243 -9.37841e-05 -0.00025539 -8.82968e-05
% Warning: sampling overrun detected
80900.000 -0.000238839 -9.99104e-05 -0.000255072 -0.000106525
% Warning: sampling overrun detected
80920.000 -0.000252489 -0.000110172 -0.000252293 -0.000105251
% Warning: sampling overrun detected
80940.000 -0.00020746 -0.000158431 -0.000210021 -0.000161901
80960.000 -0.000250658 -5.3049e-06 -0.000263431 2.01014e-06
80980.000 -0.00025479 -4.57102e-05 -0.000252541 -5.58446e-05
% Warning: sampling overrun detected
81000.000 -0.000270469 -1.04376e-05 -0.000275194 5.64582e-06
81020.000 -0.000258556 0.000115218 -0.000243467 0.000111217
81040.000 -0.000216921 0.000158572 -0.000220966 0.000163531
% Warning: sampling overrun detected
81060.000 -0.000170726 0.000233279 -0.000156754 0.000215576
81080.000 -0.00013382 0.000236975 -0.000130626 0.000238151
81100.000 -0.00012026 0.000241727 -0.000126813 0.000255664
% Warning: sampling overrun detected
81120.000 -0.000217947 0.000158643 -0.000230022 0.000146254
% Warning: sampling overrun detected
81140.000 -0.000146294 0.000221891 -0.000145948 0.000224927
% Warning: sampling overrun detected
81160.000 -0.000120013 0.000234868 -0.00011722 0.00024683
81180.000 -0.00011972 0.000249152 -9.42615e-05 0.000250075
81200.000 -0.000104724 0.000258549 -0.000104862 0.000257494
81220.000 -0.000192143 0.000206908 -0.000192693 0.000183016
81240.000 -0.000240024 0.00013036 -0.000249447 0.000127452
81260.000 -0.000251092 7.28223e-05 -0.000254341 7.42213e-05
81280.000 -0.000232135 0.0001417 -0.000235089 0.000129904
81300.000 -8.53652e-05 0.000240106 -7.22811e-05 0.000249982
81320.000 4.9465e-05 0.00026609 4.92655e-05 0.000257978
81340.000 3.89462e-05 0.00026137 3.94604e-05 0.000274012
81360.000 9.88838e-05 0.000257749 0.000102517 0.000251509
81380.000 6.91272e-05 0.000251291 6.76294e-05 0.000267582
81400.000 -5.43579e-05 0.000269518 -4.88926e-05 0.000268619
81420.000 2.13868e-06 0.00027762 -5.92559e-06 0.000267538
81440.000 -4.10149e-05 0.000262181 -2.60347e-05 0.000264706
81460.000 -7.3502e-05 0.00026551 -6.77599e-05 0.000269642
81480.000 -8.19113e-05 0.000259812 -6.87604e-05 0.000265902
81500.000 1.01624e-05 0.000278726 1.54432e-05 0.000284277
81520.000 3.5575e-05 0.000268419 1.9936e-05 0.000270379
81540.000 6.55512e-05 0.000277124 7.83769e-05 0.000262185
81560.000 0.000163373 0.000210969 0.000158284 0.000204288
81580.000 0.000238179 0.000130839 0.000236261 0.00013877
81600.000 0.000272657 7.59751e-05 0.000266377 7.24185e-05
81620.000 0.00023016 0.000150989 0.000223186 0.00015291
81640.000 0.000129242 0.000237026 0.000131982 0.00024114
81660.000 -2.74118e-05 0.000264552 -3.23e-05 0.0002496
81680.000 -0.000147428 0.000231056 -0.000138107 0.000232597
81700.000 -0.000144067 0.000244445 -0.000136658 0.000236941
81720.000 -5.41292e-05 0.000282016 -4.42619e-05 0.000267794
81740.000 3.63723e-05 0.000275079 5.9338e-05 0.000267013
81760.000 0.00010903 0.000254257 0.000104418 0.000261583
% Warning: sampling overrun detected
81780.000 0.000120207 0.000241182 0.000122762 0.000250194
81800.000 9.71842e-05 0.000249069 7.99878e-05 0.000266338
81820.000 0.000113377 0.000254545 0.000109685 0.000253519
81840.000 0.000178731 0.000206004 0.000180133 0.00021133
81860.000 0.000240325 0.000157353 0.000233996 0.000145626
81880.000 0.000156428 0.000225799 0.000155627 0.000229125
81900.000 7.49629e-05 0.000268638 8.39881e-05 0.000262861
81920.000 0.000136871 0.000241809 0.000136023 0.000235711
81940.000 0.000142583 0.000237877 0.000138906 0.000237396
81960.000 0.000188555 0.000200447 0.000164263 0.000232086
81980.000 0.000261194 0.0001051 0.000254554 0.000103599
82000.000 0.000269536 9.23968e-05 0.0002682 9.57983e-05
82020.000 0.000280587 3.91643e-05 0.000270526 2.8577e-05
82040.000 0.000264429 5.1804e-05 0.000270265 6.63888e-05
82060.000 0.00026865 6.95095e-05 0.000272973 7.65568e-05
82080.000 0.00023485 0.00014464 0.000241206 0.000146467
82100.000 0.000205547 0.000171247 0.000215692 0.000157879
82120.000 0.000243226 0.000146569 0.000230304 0.000137992
82140.000 0.000233411 0.00015386 0.00022997 0.000156195
82160.000 0.000231423 0.000135249 0.000232265 0.000144983
82180.000 0.000250189 9.53617e-05 0.000251755 9.90347e-05
82200.000 0.000266034 0.000113098 0.000255844 0.000104556
82220.000 0.000266011 6.742e-05 0.000268562 7.52939e-05
82240.000 0.000206751 0.000182257 0.000211713 0.000199271
82260.000 0.000187329 0.000189254 0.000210233 0.000178763
82280.000 0.000262244 7.61975e-05 0.000268253 9.07086e-05
82300.000 0.000275363 -1.64305e-05 0.000262098 -2.4895e-05
82320.000 0.000229119 -0.000135026 0.000240658 -0.000135107
82340.000 0.000132073 -0.000235185 0.000128757 -0.00024059
82360.000 0.000149388 -0.000233385 0.000142448 -0.00021667
82380.000 0.000195491 -0.000183953 0.000198999 -0.000194059
82400.000 0.000248239 -9.32044e-05 0.000256006 -8.06471e-05
82420.000 0.000266996 -6.78002e-05 0.000263801 -6.52426e-05
82440.000 0.000273389 -5.71191e-05 0.000289116 -6.39459e-05
82460.000 0.00027433 -3.94358e-05 0.000263988 -3.23811e-05
82480.000 0.000226195 0.000160611 0.000221742 0.000156543
82500.000 0.000210917 0.000155879 0.000224891 0.000160714
82520.000 0.000249687 0.000107782 0.000250803 0.000117459
82540.000 0.000225023 0.00015648 0.00022864 0.00015264
82560.000 0.000201944 0.000168998 0.000202267 0.000167305
82580.000 0.000120467 0.000234378 0.000129071 0.000245095
82600.000 7.66234e-05 0.000260943 7.01395e-05 0.000266556
82620.000 0.000157042 0.000219398 0.0001547 0.000219591
82640.000 0.00013291 0.000248505 0.000115876 0.000249743
82660.000 -4.42346e-05 0.000263392 -3.45642e-05 0.000267721
82680.000 -0.000109132 0.000245023 -0.000118828 0.000245796
82700.000 -0.000197261 0.000188181 -0.000195259 0.000185561
82720.000 -0.000187691 0.000180237 -0.000204188 0.000191312
82740.000 -0.000193583 0.000187621 -0.000181993 0.000189114
82760.000 -0.000170978 0.000212539 -0.000160783 0.000209996
82780.000 -0.000254458 8.97489e-05 -0.000241959 9.82407e-05
82800.000 -0.000262707 2.19788e-05 -0.000262991 2.62338e-05
82820.000 -0.000243902 8.09867e-05 -0.000255546 8.30742e-05
82840.000 -0.000250533 -6.18331e-05 -0.000262608 -8.25865e-05
82860.000 -0.000252051 -0.000123021 -0.000243983 -0.000121975
82880.000 -0.000264157 3.46954e-05 -0.000257521 4.42205e-05
82900.000 -0.000223499 0.000145647 -0.000220654 0.000131767
82920.000 -0.000250991 8.5421e-05 -0.000248537 7.54092e-05
82940.000 -0.000252105 8.30967e-05 -0.000234866 9.80431e-05
82960.000 -0.000190354 0.000186765 -0.000173987 0.000198237
82980.000 -0.000176268 0.000203951 -0.000181309 0.000186153
83000.000 -0.000235983 0.000102237 -0.000227164 0.000104947
83020.000 -0.00027479 7.65286e-05 -0.000267953 8.89802e-05
83040.000 -0.000195955 0.000202554 -0.000186755 0.000190211
83060.000 -0.000199178 0.00019315 -0.000205086 0.000179161
83080.000 -0.000264493 6.68945e-05 -0.000256247 6.04166e-05
83100.000 -0.000274312 6.10708e-05 -0.000280381 5.99283e-05
83120.000 -0.000213122 0.000163093 -0.000208783 0.000154466
83140.000 -0.000240923 0.000136996 -0.00023831 0.000145019
83160.000 -0.000222263 0.000141472 -0.000232054 0.000144576
83180.000 -0.000179972 0.000161816 -0.000182169 0.000166463
83200.000 -0.000234817 0.000117721 -0.00022573 0.0001214
83220.000 -0.000267694 4.25666e-05 -0.000252876 5.19546e-05
83240.000 -0.000253582 7.48702e-05 -0.000249787 9.36526e-05
83260.000 -0.000265405 7.2374e-05 -0.000243472 7.94202e-05
83280.000 -0.000262874 6.88393e-05 -0.000259823 9.13056e-05
83300.000 -0.000268849 5.08874e-05 -0.000257379 4.96634e-05
83320.000 -0.000255777 4.34629e-05 -0.000271119 3.79107e-05
83340.000 -0.000266586 2.09408e-05 -0.000262752 3.79117e-05
83360.000 -0.000258586 6.39981e-05 -0.000258663 8.50451e-05
83380.000 -0.000238391 0.000138093 -0.000234717 0.000148698
83400.000 -0.000224441 0.000176698 -0.000216955 0.000183107
83420.000 -6.1724e-05 0.000278374 -5.91705e-05 0.000275226
83440.000 7.32685e-05 0.000248433 6.42764e-05 0.0002442
83460.000 0.000116569 0.000231817 0.000130553 0.000251426
83480.000 0.000114606 0.000232494 0.000128008 0.000233515
83500.000 0.000193833 0.000149971 0.000189888 0.00014909
83520.000 0.000160103 0.000235395 0.000164042 0.000226334
83540.000 0.000116205 0.000216759 0.000127847 0.00021475
83560.000 9.68034e-05 0.000256458 9.39668e-05 0.000252987
% Warning: sampling overrun detected
83580.000 -6.51673e-06 0.000266577 -6.17498e-06 0.000268443
83600.000 -5.07389e-05 0.000270659 -4.12327e-05 0.000263048
83620.000 -9.70753e-05 0.000255353 -9.8448e-05 0.000239405
83640.000 -0.000103627 0.000249493 -9.61804e-05 0.000247964
83660.000 -0.000143677 0.000224691 -0.000152989 0.000219835
83680.000 -0.000151934 0.000230947 -0.000137714 0.000222675
83700.000 -0.000181317 0.000197797 -0.000172634 0.00021172
83720.000 -0.00019556 0.000188026 -0.000187877 0.000191233
83740.000 -0.000218427 0.000151262 -0.000215998 0.000157726
83760.000 -0.000224883 0.000156057 -0.000219102 0.000155898
83780.000 -0.000137121 0.000236423 -0.000139531 0.000228695
83800.000 -0.000185514 0.000195608 -0.000196626 0.000184699
83820.000 -0.000216023 0.000171901 -0.000227028 0.000157917
83840.000 -0.000225712 0.000157426 -0.000223653 0.000157449
83860.000 -0.000235305 0.000145435 -0.000231571 0.000145383
83880.000 -0.000238516 0.00013738 -0.000228793 0.000138291
83900.000 -0.000266213 6.16678e-05 -0.000277237 5.59305e-05
83920.000 -0.000263697 8.65132e-05 -0.00026591 8.98648e-05
83940.000 -0.000271711 -7.49304e-06 -0.000268746 8.25216e-07
83960.000 -0.000258779 5.00318e-05 -0.00026552 5.407e-05
83980.000 -0.000263642 6.47877e-05 -0.000265239 5.74041e-05
84000.000 -0.000260617 -1.07098e-05 -0.000255131 -9.51765e-06
84020.000 -0.00024755 -3.04914e-05 -0.000255879 -2.92519e-05
84040.000 -0.000250698 -0.000109947 -0.000268386 -0.000102723
84060.000 -0.000257402 -8.41997e-05 -0.000267482 -8.97831e-05
84080.000 -0.000276865 -8.3658e-05 -0.000279201 -8.81724e-05
84100.000 -0.000260654 -9.89404e-05 -0.000261193 -8.51511e-05
84120.000 -0.000245103 6.42658e-06 -0.000249778 3.7337e-07
84140.000 -0.000258534 4.73962e-05 -0.000259009 4.14294e-05
84160.000 -0.000253383 -4.85135e-05 -0.000256072 -5.65352e-05
84180.000 -0.000235218 -5.12833e-05 -0.000246467 -4.6862e-05
84200.000 -0.000253456 4.05704e-06 -0.000251634 -2.2315e-07
84220.000 -0.000248858 9.3337e-05 -0.000265426 8.60129e-05
84240.000 -0.000220125 0.000125455 -0.000224729 0.000133732
84260.000 -0.000255933 7.10318e-05 -0.000260081 9.55395e-05
84280.000 -0.000254191 -1.18614e-05 -0.00026801 -6.88857e-06
84300.000 -0.000245923 -6.15529e-05 -0.000256002 -6.26536e-05
% Warning: sampling overrun detected
84320.000 -0.000252658 5.43812e-07 -0.000286862 1.55784e-05
84340.000 -0.000233876 -0.000110417 -0.000226751 -0.000132189
84360.000 -0.000240416 -0.000106851 -0.000241324 -0.000103157
84380.000 -0.000263507 -5.39485e-05 -0.000274967 -6.45735e-05
84400.000 -0.000278828 -1.36056e-05 -0.000284005 -1.52318e-06
84420.000 -0.000238046 -8.59098e-05 -0.000233062 -9.96315e-05
84440.000 -0.000250369 -6.65733e-05 -0.000244916 -5.34839e-05
84460.000 -0.000238838 -1.55089e-05 -0.000232282 -2.08212e-05
84480.000 -0.000259147 -1.3225e-05 -0.000264715 -3.08871e-06
84500.000 -0.000253084 -8.54841e-05 -0.000249464 -7.81865e-05
84520.000 -0.00024643 -7.09783e-05 -0.000247593 -7.84695e-05
84540.000 -0.000251463 -4.35239e-05 -0.000259431 -5.2887e-05
84560.000 -0.000235307 -8.91811e-05 -0.000244838 -8.68431e-05
84580.000 -0.00023125 -0.000140967 -0.000222653 -0.000139388
84600.000 -0.000153121 -0.000203107 -0.000144218 -0.000208154
% Warning: sampling overrun detected
84620.000 -5.94107e-05 -0.000240751 -6.805e-05 -0.000264623
% Warning: sampling overrun detected
84640.000 -0.000155595 -0.000191687 -0.000174446 -0.000200782
84660.000 -0.000234599 -0.000127876 -0.000227165 -0.00013136
84680.000 -0.000266546 -5.87368e-05 -0.000260566 -6.3613e-05
84700.000 -0.000271125 -4.16923e-05 -0.000278486 -5.09374e-05
84720.000 -0.000256888 -1.96802e-05 -0.000260123 -3.80686e-05
84740.000 -0.000273351 -3.22747e-05 -0.000262884 -1.95756e-05
84760.000 -0.000258698 -1.37337e-06 -0.000262017 4.62067e-06
84780.000 -0.000266661 -1.23975e-05 -0.000266841 -1.20515e-05
84800.000 -0.000276122 -4.98798e-05 -0.00026159 -3.3989e-05
84820.000 -0.00026013 5.4439e-05 -0.000263822 5.79133e-05
84840.000 -0.000204548 0.00019309 -0.000212904 0.000165523
84860.000 -0.000203184 0.000180591 -0.000209805 0.000173252
84880.000 -0.000130582 0.000222721 -0.000151885 0.000215928
84900.000 -1.92067e-05 0.000268432 -2.54067e-05 0.000272175
84920.000 2.58503e-05 0.000269525 2.77659e-05 0.000278519
84940.000 0.000150483 0.000220939 0.00016059 0.00021603
84960.000 0.000235471 0.000118613 0.000241408 0.000105837
84980.000 0.000237557 7.00547e-05 0.000241177 5.91106e-05
85000.000 0.000273792 2.97328e-05 0.000275042 3.34992e-05
85020.000 0.000256312 4.10227e-05 0.000264438 4.24058e-05
85040.000 0.000256525 -4.06975e-05 0.000263219 -3.73749e-05
85060.000 0.000273402 -5.94686e-05 0.000292174 -5.98264e-05
85080.000 0.000274422 -7.66101e-06 0.000274311 -6.56606e-06
85100.000 0.000266601 -5.2525e-05 0.000258984 -6.35776e-05
85120.000 0.000266291 -1.11095e-05 0.000271807 -2.18774e-05
85140.000 0.000266863 -5.00348e-05 0.000274878 -3.26958e-05
85160.000 0.000262672 -3.91483e-05 0.000275148 -2.91838e-05
85180.000 0.000254198 7.75584e-05 0.000260023 7.41726e-05
85200.000 0.000260407 -3.70023e-05 0.000286257 -4.3801e-05
85220.000 0.000222889 -0.000168263 0.000228403 -0.000151044
85240.000 0.000178824 -0.000217869 0.000179721 -0.000212417
85260.000 0.000213404 -0.00017888 0.000205709 -0.000173143
85280.000 2.38349e-05 -0.000261954 4.85601e-05 -0.000249785
85300.000 -0.000115935 -0.000247449 -0.000108903 -0.000266076
85320.000 -0.00013625 -0.000252594 -0.000128697 -0.000249767
85340.000 -0.000244274 -0.000156468 -0.000233641 -0.000154842
85360.000 -5.75349e-05 -0.00027246 -4.14177e-05 -0.000268042
85380.000 9.93348e-05 -0.000259322 9.17336e-05 -0.000264189
85400.000 5.34426e-05 -0.000291393 5.76922e-05 -0.000257398
85420.000 1.51707e-06 -0.000285432 1.03167e-05 -0.000277408
85440.000 -7.36787e-05 -0.00026096 -5.07367e-05 -0.000274072
85460.000 1.32223e-05 -0.000281799 1.90927e-05 -0.000277302
85480.000 -2.87294e-05 -0.000279143 -2.23729e-05 -0.000263734
85500.000 -4.91669e-05 -0.000281266 -6.09201e-05 -0.000279455
85520.000 -1.24714e-06 -0.000283193 1.40896e-05 -0.000289993
85540.000 -3.64877e-05 -0.000257115 -5.6592e-05 -0.000251227
85560.000 -6.50103e-05 -0.000248114 -6.07191e-05 -0.000255244
85580.000 -0.000157205 -0.000211388 -0.000156565 -0.000208962
85600.000 -0.000131161 -0.00024406 -0.000143661 -0.000241617
85620.000 -0.000123968 -0.000267496 -0.000122609 -0.000244641
85640.000 -0.000132568 -0.000204687 -0.000133277 -0.000208236
85660.000 -0.000199964 -0.000168224 -0.000197444 -0.000173109
85680.000 -0.000200415 -0.000163158 -0.000206528 -0.000161969
85700.000 -0.000236583 -0.000141634 -0.000247001 -0.000129382
85720.000 -0.000242714 -8.80959e-05 -0.000232505 -7.55334e-05
85740.000 -0.000258658 -3.18179e-05 -0.000269464 -3.0434e-05
85760.000 -0.000263579 -8.61286e-05 -0.000273867 -0.000101991
85780.000 -0.00024368 -0.00013086 -0.000247484 -0.000130294
85800.000 -0.00026478 -2.16818e-05 -0.000271322 -1.71961e-05
85820.000 -0.000257249 7.59252e-05 -0.000261374 7.16431e-05
85840.000 -0.000249019 0.000138371 -0.000245135 0.00013762
85860.000 -0.000240876 0.00016896 -0.000222046 0.000158652
85880.000 -0.000148685 0.000224927 -0.000153484 0.000227199
85900.000 -0.000141064 0.000224754 -0.000163726 0.000222361
85920.000 -0.000167718 0.000219689 -0.000169706 0.000208196
85940.000 -0.000156458 0.000234833 -0.000144704 0.000221213
85960.000 -0.0001617 0.000217426 -0.000157636 0.000224634
85980.000 -0.000137927 0.000240736 -0.000128534 0.000233679
86000.000 -4.11152e-05 0.000270808 -3.60276e-05 0.00027243
86020.000 -4.96848e-05 0.000269697 -3.76228e-05 0.000270213
86040.000 -6.93411e-07 0.000270568 -1.2605e-05 0.000281614
86060.000 3.84543e-05 0.00026269 5.15284e-05 0.000269775
86080.000 -3.85249e-06 0.00027496 -2.55914e-05 0.000269167
86100.000 -9.37219e-05 0.0002634 -0.000103996 0.000253454
86120.000 -7.75504e-05 0.000263346 -8.22115e-05 0.00025891
86140.000 -8.67214e-05 0.000257332 -8.76266e-05 0.000257561
86160.000 -2.65608e-05 0.000270052 -3.85955e-05 0.000269003
86180.000 -0.000146671 0.000236248 -0.000144715 0.000239841
86200.000 -0.000237062 0.000147515 -0.000236634 0.000148476
86220.000 -0.000186504 0.000194326 -0.000191651 0.000181655
86240.000 -0.000225126 0.000166683 -0.000218915 0.000167764
86260.000 -0.000216425 0.000174593 -0.000214899 0.000171216
86280.000 -0.000240661 0.000140214 -0.000244513 0.000125005
86300.000 -0.000245779 0.00013259 -0.000247116 0.000128861
86320.000 -0.000209014 0.000187418 -0.000203927 0.000182565
86340.000 -0.000200465 0.000175356 -0.000218698 0.000174942
86360.000 -0.000250032 0.00013205 -0.000242657 0.000148094
86380.000 -0.000283918 3.8285e-05 -0.000274821 2.55567e-05
