% UltraMSK: version 1.0 beta 16
% Site: localhost.localdomain
% Date: 2015-01-22
% Frequency: 23400.000062 Hz
% Baud Rate: 200 Hz
% VLF Channel: 3
% PPS Channel: 4
% Jack Server: default
% Output Format: Cartesian
% End
68560.000 0.00343599 0.00094764 0.00309173 0.00102403
68580.000 0.00362531 0.0033302 0.00335951 0.00344862
68600.000 0.00394926 0.00297287 0.00371626 0.00307168
68620.000 0.003773 0.00329416 0.00355568 0.0033059
68640.000 0.00364445 0.00345473 0.00347966 0.00344297
68660.000 0.0036565 0.00345664 0.00348751 0.00343971
68680.000 0.00368857 0.00338255 0.0035422 0.00336061
68700.000 0.00377115 0.0033198 0.00365965 0.0032719
68720.000 0.00380529 0.00325577 0.00370936 0.00318206
68740.000 0.00392612 0.00316417 0.00378672 0.00309399
68760.000 0.00399256 0.00303011 0.00389787 0.00298121
68780.000 0.00406166 0.00289014 0.00397917 0.00281948
68800.000 0.00406766 0.0027895 0.0039997 0.00269391
68820.000 0.0041362 0.00273754 0.00402585 0.00266277
68840.000 0.00424332 0.00265062 0.00414796 0.00259819
68860.000 0.00436037 0.00254548 0.00424646 0.00251006
68880.000 0.00439608 0.00241999 0.00430847 0.00238589
68900.000 0.00445341 0.00241467 0.00435974 0.00238559
68920.000 0.00448347 0.00244751 0.00439264 0.00240468
68940.000 0.00452592 0.0024242 0.00441374 0.00239081
68960.000 0.00451224 0.00240798 0.00441371 0.00233778
68980.000 0.00450742 0.00235373 0.00440782 0.00233483
69000.000 0.00453806 0.00235701 0.00442735 0.00232794
69020.000 0.00460996 0.00226927 0.00450014 0.00227553
69040.000 0.00458137 0.00217418 0.00451744 0.00214079
69060.000 0.0045099 0.00213234 0.00447574 0.00207947
69080.000 0.00453354 0.00208399 0.00447946 0.00202665
69100.000 0.00453281 0.00202421 0.00448741 0.00199855
69120.000 0.00452785 0.0019786 0.00448424 0.00194484
69140.000 0.0045181 0.00196687 0.00445429 0.00193305
69160.000 0.00451756 0.00193154 0.00450358 0.00189672
69180.000 0.00458895 0.00190302 0.00450877 0.00188462
69200.000 0.00462717 0.00186867 0.00456274 0.00187737
% Warning: sampling overrun detected
69220.000 0.00466954 0.00184254 0.00460094 0.00179352
69240.000 0.00469946 0.00175204 0.00463055 0.00172025
69260.000 0.00461696 0.00190186 0.00454952 0.00186559
69280.000 0.00463591 0.0018555 0.00460064 0.00182661
69300.000 0.00463579 0.00184668 0.00457934 0.0018101
69320.000 0.00463637 0.00180565 0.00457843 0.00175884
69340.000 0.00465472 0.00177444 0.00459197 0.00174856
69360.000 0.00470059 0.00174411 0.00461138 0.00172858
69380.000 0.00469263 0.00168874 0.0046388 0.00169846
69400.000 0.00467661 0.00167121 0.00460776 0.00165692
69420.000 0.00465244 0.00163198 0.00460357 0.00162927
69440.000 0.00462968 0.00164117 0.00458459 0.00160632
69460.000 0.00460351 0.00168166 0.00454414 0.00163358
69480.000 0.00461476 0.00168995 0.00455719 0.00163545
69500.000 0.00460131 0.00167656 0.00453667 0.00162662
69520.000 0.00457426 0.00165546 0.00450348 0.00165029
69540.000 0.00461437 0.0016439 0.00454293 0.00162142
69560.000 0.00461503 0.0016714 0.00456697 0.00161184
69580.000 0.00462177 0.00164597 0.0045654 0.00162958
69600.000 0.00461262 0.0016334 0.00453417 0.00161382
69620.000 0.00459609 0.00168189 0.00454659 0.00165318
69640.000 0.00463152 0.00169503 0.00454067 0.00166566
69660.000 0.00468851 0.0017377 0.0045761 0.00173917
69680.000 0.00466313 0.00174679 0.00460973 0.00173902
69700.000 0.00472736 0.0017759 0.00459072 0.00171228
69720.000 0.00468687 0.00177707 0.00462614 0.00177418
69740.000 0.00463405 0.00182009 0.00454599 0.001817
69760.000 0.00460227 0.00187199 0.00450158 0.00180098
69780.000 0.00463638 0.001842 0.00450476 0.00181536
69800.000 0.00462482 0.00186463 0.00450289 0.0018542
69820.000 0.00460504 0.00182866 0.0044974 0.00178124
69840.000 0.00455329 0.00176206 0.0044855 0.00171029
69860.000 0.004509 0.00171953 0.00443391 0.00168573
69880.000 0.00448075 0.00170364 0.00440794 0.00164349
69900.000 0.00441731 0.00172742 0.00435443 0.00168405
69920.000 0.00437783 0.00179249 0.00427707 0.00170251
69940.000 0.00436244 0.00179694 0.00429972 0.00174344
69960.000 0.00436548 0.00184798 0.00427355 0.00179995
69980.000 0.00434585 0.00193364 0.00425116 0.0018531
70000.000 0.00433138 0.00193797 0.00423826 0.00189766
70020.000 0.00436255 0.00188531 0.00427997 0.00185712
70040.000 0.00437895 0.00186838 0.00430126 0.00182639
70060.000 0.00442784 0.00183532 0.00436106 0.00181269
70080.000 0.00442741 0.00181932 0.00437167 0.00179882
70100.000 0.00445269 0.00176837 0.00438464 0.00176357
70120.000 0.00443484 0.00174877 0.00439918 0.00175147
70140.000 0.00445752 0.00174522 0.00440574 0.00172622
70160.000 0.00444768 0.00170699 0.00441887 0.00168337
70180.000 0.00445573 0.0016996 0.00439529 0.0016723
70200.000 0.00445858 0.00173706 0.00440789 0.00171659
70220.000 0.0044801 0.00173306 0.00439545 0.00172222
70240.000 0.00445195 0.00171779 0.00439927 0.00168927
70260.000 0.00443853 0.00168802 0.00437106 0.00170218
70280.000 0.00447478 0.001693 0.0044309 0.0016742
70300.000 0.00448539 0.00169582 0.0043995 0.00168236
70320.000 0.00445813 0.00170207 0.00439469 0.00165037
70340.000 0.0044239 0.00171554 0.00435053 0.00167936
70360.000 0.0044095 0.00175269 0.00432425 0.00171168
70380.000 0.00438038 0.00178082 0.00428419 0.00175303
70400.000 0.00437263 0.0017957 0.00427263 0.00174533
70420.000 0.00438098 0.00181695 0.00426995 0.00176499
70440.000 0.00434654 0.00180149 0.00426337 0.00173375
70460.000 0.00439428 0.00179631 0.00430179 0.00176122
70480.000 0.00441475 0.00175544 0.00432555 0.00175113
70500.000 0.0043196 0.00173052 0.00426091 0.00170205
70520.000 0.00425446 0.00175984 0.00414836 0.00171432
70540.000 0.00420515 0.00179303 0.00407383 0.00173718
70560.000 0.00411502 0.00186104 0.00399871 0.0017672
70580.000 0.00409511 0.00189217 0.00400221 0.00183076
70600.000 0.004154 0.00190172 0.00403748 0.00184707
70620.000 0.00413763 0.00186904 0.00404935 0.00181389
70640.000 0.00413666 0.00188481 0.00401517 0.0018161
70660.000 0.00413739 0.00193771 0.00400509 0.00186992
70680.000 0.0041623 0.00195967 0.00402949 0.00189319
70700.000 0.00415734 0.00192313 0.0040515 0.00188572
70720.000 0.00417849 0.00188729 0.00404859 0.00185424
70740.000 0.00413737 0.00182941 0.00408772 0.00180807
70760.000 0.00409687 0.00179327 0.00400453 0.0017281
70780.000 0.00405457 0.00183419 0.00394904 0.00176534
70800.000 0.0040652 0.0018987 0.00396034 0.00184286
70820.000 0.00409636 0.00188075 0.0039786 0.00182863
70840.000 0.00413718 0.00188608 0.00401358 0.00182067
70860.000 0.00413046 0.00185587 0.00405205 0.00184948
70880.000 0.00414173 0.00190289 0.00400855 0.00185104
70900.000 0.00414372 0.00192181 0.00405562 0.00190186
70920.000 0.0041781 0.00195871 0.00403079 0.00192614
70940.000 0.00414259 0.00192854 0.00406386 0.00187305
70960.000 0.00410481 0.00197398 0.00400908 0.00192874
% Warning: sampling overrun detected
70980.000 0.00410385 0.00200433 0.00396699 0.0019501
71000.000 0.0040655 0.0019753 0.00396675 0.00193051
71020.000 0.00400266 0.00200773 0.0039134 0.00193855
71040.000 0.00401691 0.00203418 0.00389153 0.00194709
71060.000 0.00399662 0.00206267 0.00387817 0.0019652
71080.000 0.00397911 0.00205184 0.00384579 0.00199828
71100.000 0.003939 0.00200037 0.00378378 0.00194448
71120.000 0.00389886 0.00204568 0.00375712 0.00199569
71140.000 0.00386644 0.00206495 0.00377345 0.00197889
71160.000 0.00390395 0.00207797 0.00379435 0.00200784
71180.000 0.00391892 0.00208661 0.00381119 0.00203192
71200.000 0.00397434 0.00206758 0.00385134 0.00202428
71220.000 0.00398951 0.00204485 0.00388434 0.00198103
71240.000 0.00395595 0.00202721 0.00386659 0.00197237
71260.000 0.00396487 0.00205398 0.00386187 0.00199105
71280.000 0.0040241 0.00206106 0.0038925 0.00201854
71300.000 0.00401077 0.00205573 0.00388994 0.00201932
71320.000 0.00392563 0.0020759 0.00386253 0.00200347
71340.000 0.00395494 0.00209914 0.00385696 0.0020492
71360.000 0.00396273 0.00207994 0.00385367 0.00201539
71380.000 0.00391972 0.0020211 0.00382761 0.00197322
71400.000 0.00388011 0.00200044 0.00380889 0.00194831
71420.000 0.00391104 0.00201643 0.00382912 0.00195651
71440.000 0.00394064 0.00196685 0.00382934 0.00192248
71460.000 0.00391669 0.00195207 0.003841 0.00189835
71480.000 0.00391174 0.00195002 0.00378473 0.00190412
71500.000 0.00390497 0.00188678 0.00387319 0.00188356
71520.000 0.00388943 0.00191313 0.00384018 0.00185815
71540.000 0.00393419 0.00190803 0.00386539 0.00187302
71560.000 0.00393763 0.00187058 0.00389196 0.00188959
% Warning: sampling overrun detected
71580.000 0.00395227 0.0018789 0.00389407 0.00186667
71600.000 0.00398523 0.00186404 0.0038848 0.00184216
71620.000 0.00396736 0.00186137 0.00392537 0.00185494
71640.000 0.00395452 0.00189647 0.00393684 0.00187858
71660.000 0.0039634 0.0018999 0.00389613 0.0018767
71680.000 0.00394157 0.00188506 0.00391341 0.00184315
71700.000 0.00395 0.00188784 0.00388967 0.00187589
71720.000 0.0040209 0.00186842 0.00396149 0.00182994
71740.000 0.00399262 0.00184459 0.0039054 0.00180826
71760.000 0.00392462 0.00182279 0.00393214 0.00182106
71780.000 0.00391232 0.00189617 0.0038967 0.00186364
71800.000 0.00393059 0.0018734 0.00387251 0.0018698
71820.000 0.00390276 0.00188188 0.00384264 0.00186448
71840.000 0.00389865 0.00186349 0.00382765 0.00182282
71860.000 0.00390329 0.00180369 0.00386267 0.00179665
71880.000 0.00389837 0.0017501 0.00389401 0.00174122
71900.000 0.00387203 0.00173745 0.00387739 0.00169999
71920.000 0.00388032 0.00178931 0.00384079 0.00176434
71940.000 0.00390627 0.00177255 0.00386405 0.00176754
71960.000 0.00386176 0.00181738 0.003809 0.00178593
71980.000 0.00386489 0.00189602 0.00377487 0.0018469
72000.000 0.0038812 0.00195224 0.00380229 0.00192001
72020.000 0.00389772 0.00197182 0.00378972 0.00192434
72040.000 0.00392842 0.00193816 0.00385223 0.00193497
72060.000 0.00390296 0.00197306 0.00382309 0.00192539
72080.000 0.00391686 0.00192474 0.00385839 0.00188575
72100.000 0.00388449 0.00191473 0.00383425 0.00189854
72120.000 0.00390406 0.00188417 0.00385173 0.00186599
72140.000 0.00389077 0.00185367 0.00386454 0.00180307
72160.000 0.00385021 0.00185988 0.00383402 0.00181777
72180.000 0.00384319 0.00188708 0.0037968 0.00186163
72200.000 0.00383719 0.00183267 0.00380686 0.00182187
72220.000 0.00381541 0.00188431 0.00377763 0.00183853
72240.000 0.00380553 0.00184318 0.00377458 0.00183157
72260.000 0.00379235 0.00193601 0.00370821 0.00186634
72280.000 0.00380679 0.00188862 0.0037492 0.00188767
72300.000 0.00382549 0.00191048 0.0037692 0.00188971
72320.000 0.00383105 0.00193156 0.00377326 0.00189998
72340.000 0.00385015 0.00198344 0.00378427 0.00196445
72360.000 0.00388101 0.00202826 0.00379631 0.00198628
72380.000 0.00387959 0.00200403 0.00382152 0.00198742
72400.000 0.00387932 0.00199436 0.00381422 0.0019692
72420.000 0.00391141 0.00197675 0.00384111 0.00194174
72440.000 0.00389415 0.00197291 0.00382579 0.00193895
72460.000 0.00385726 0.00195492 0.0038068 0.00193741
72480.000 0.00388191 0.00194071 0.00381398 0.00189485
72500.000 0.00387786 0.0018645 0.00382853 0.00182602
72520.000 0.00385709 0.00187266 0.00381865 0.00182383
72540.000 0.00387532 0.00182781 0.00382321 0.00178531
72560.000 0.00383707 0.00176686 0.00384747 0.00176974
72580.000 0.00383977 0.00184124 0.00379073 0.00179924
72600.000 0.00389926 0.00185459 0.00383103 0.00184016
72620.000 0.00390967 0.00187428 0.0038635 0.00183494
72640.000 0.00391352 0.00188076 0.0038697 0.00184707
72660.000 0.00391546 0.00185417 0.00384411 0.00183023
72680.000 0.00389524 0.00190173 0.00382467 0.00187609
72700.000 0.00393136 0.00189786 0.0038562 0.00185356
72720.000 0.00390941 0.00189456 0.00386443 0.00186567
72740.000 0.00390341 0.00190805 0.00384781 0.00186942
72760.000 0.00394917 0.00190837 0.00385631 0.00188441
% Warning: sampling overrun detected
72780.000 0.00393849 0.001876 0.00389439 0.00185761
72800.000 0.00389224 0.00191436 0.00382894 0.0018871
72820.000 0.00387336 0.00196889 0.00379021 0.00190319
72840.000 0.00386588 0.00195473 0.00379691 0.0019082
72860.000 0.00388516 0.00194519 0.00377184 0.00191529
72880.000 0.00387831 0.00196809 0.0037808 0.00191889
72900.000 0.0038836 0.00194837 0.00379686 0.00192827
72920.000 0.00388618 0.00191652 0.0037952 0.00187809
72940.000 0.00383906 0.00188287 0.00375165 0.00183587
72960.000 0.00382451 0.00188656 0.00373735 0.00185813
72980.000 0.00380801 0.00191073 0.00374304 0.00187442
73000.000 0.00380079 0.00191196 0.00373334 0.00186919
73020.000 0.00381209 0.00193355 0.00371759 0.00187902
73040.000 0.00381276 0.00194583 0.00370085 0.00190466
73060.000 0.00377713 0.00192956 0.00371278 0.0019068
73080.000 0.00374448 0.00196193 0.00369214 0.00193692
73100.000 0.00374849 0.00203479 0.00365436 0.00195956
73120.000 0.00381094 0.00199727 0.00367162 0.00194441
73140.000 0.00376376 0.00200852 0.00366135 0.00196558
73160.000 0.00374255 0.00197683 0.00363315 0.00194824
73180.000 0.00371649 0.00206076 0.0035995 0.00195416
73200.000 0.00375581 0.00209858 0.00364624 0.0020184
73220.000 0.00377514 0.00209736 0.0036432 0.00203941
73240.000 0.00378675 0.00209354 0.00366221 0.00203021
73260.000 0.00380467 0.00209833 0.00365605 0.00204078
73280.000 0.00378639 0.00207143 0.00365776 0.00201817
73300.000 0.00378672 0.00209963 0.00366199 0.00201771
73320.000 0.00374421 0.00210979 0.00359415 0.00202062
73340.000 0.00377689 0.00206405 0.00364462 0.00201
73360.000 0.0037594 0.00206223 0.00365619 0.00197085
73380.000 0.00376587 0.00208197 0.00365912 0.00200948
73400.000 0.00381346 0.00210119 0.00366939 0.0020413
73420.000 0.0038111 0.00209262 0.00367622 0.00202862
73440.000 0.00381566 0.00214331 0.00368467 0.00205682
73460.000 0.00385777 0.00213844 0.00368547 0.00205991
73480.000 0.00386625 0.00213764 0.00373059 0.00209602
73500.000 0.0039057 0.00215328 0.0037578 0.00207029
73520.000 0.00390127 0.00217104 0.00377872 0.00210638
73540.000 0.00391626 0.00216533 0.00378366 0.00209648
73560.000 0.00393921 0.00218848 0.00378315 0.00214938
73580.000 0.00395086 0.0022361 0.00380062 0.00216361
73600.000 0.00391882 0.00224575 0.00375644 0.00219219
73620.000 0.00388622 0.00222789 0.00374119 0.00215629
73640.000 0.00381122 0.00222757 0.00371355 0.00214926
73660.000 0.00379029 0.00222547 0.00368398 0.00215305
73680.000 0.00374445 0.00224292 0.00361961 0.00214737
73700.000 0.003723 0.00225087 0.003621 0.00212818
73720.000 0.00372775 0.00226329 0.00358235 0.00218234
73740.000 0.00374586 0.00225635 0.00359287 0.00216863
73760.000 0.00375942 0.00219199 0.00364261 0.0021005
73780.000 0.00375903 0.00217464 0.00361397 0.00209484
73800.000 0.00372646 0.00217426 0.00357444 0.0020944
73820.000 0.00372415 0.00217552 0.00357817 0.0020773
73840.000 0.00372773 0.00218909 0.00360723 0.00210315
73860.000 0.00374763 0.0021755 0.00362198 0.00211913
73880.000 0.00375596 0.00218625 0.00364229 0.00213573
73900.000 0.00377691 0.00221842 0.00364183 0.00212148
73920.000 0.00375775 0.00222055 0.00367289 0.0021724
73940.000 0.00378186 0.00217286 0.00365224 0.00211788
73960.000 0.00376531 0.00217453 0.00366337 0.00211242
73980.000 0.00370635 0.00222204 0.00359144 0.00214533
74000.000 0.00374292 0.0022182 0.00360186 0.00216159
74020.000 0.00373161 0.00224082 0.00361549 0.00215825
74040.000 0.00377009 0.00219684 0.0036439 0.0021514
74060.000 0.00376715 0.00217146 0.00367682 0.00209196
74080.000 0.00376927 0.00214026 0.00367902 0.00211123
74100.000 0.0037862 0.00214378 0.00370179 0.00210029
74120.000 0.00379314 0.00210366 0.00369355 0.00207176
74140.000 0.00379942 0.00208732 0.0037046 0.0020441
74160.000 0.00378364 0.00201142 0.00371814 0.00197395
74180.000 0.00372061 0.00201262 0.00366782 0.00196062
74200.000 0.00371039 0.00208075 0.00358554 0.00198994
74220.000 0.00372462 0.00205457 0.00361998 0.00199251
74240.000 0.00375247 0.00202686 0.00367932 0.00197455
74260.000 0.00379319 0.00205904 0.00369892 0.00199925
74280.000 0.00381017 0.00206635 0.00366954 0.00197448
74300.000 0.00381784 0.00203769 0.00371976 0.0020129
74320.000 0.00382678 0.00210228 0.00369076 0.00206712
74340.000 0.00379506 0.00208677 0.00376065 0.00207989
74360.000 0.00384747 0.00209081 0.00375942 0.00205338
74380.000 0.00387777 0.00223526 0.00372803 0.0021074
74400.000 0.00389327 0.00220639 0.00374068 0.00216024
74420.000 0.00384246 0.00215204 0.00380353 0.00216864
74440.000 0.0038682 0.00218532 0.00378901 0.00213671
74460.000 0.00389726 0.00225117 0.0037818 0.00216506
74480.000 0.00389797 0.00226577 0.00375845 0.00219488
74500.000 0.00388984 0.00228894 0.00377536 0.0022288
74520.000 0.00389886 0.00228453 0.00376623 0.00222888
74540.000 0.00385769 0.0022983 0.00376894 0.0022408
74560.000 0.00385088 0.00234905 0.00371471 0.00228927
% Warning: sampling overrun detected
74580.000 0.00383242 0.00234591 0.00372028 0.00225621
74600.000 0.00379657 0.00236139 0.00367442 0.00226557
74620.000 0.00380675 0.00241258 0.00365509 0.00230591
74640.000 0.00380593 0.0024014 0.00369201 0.00233426
74660.000 0.00380631 0.00238455 0.00368403 0.00229954
74680.000 0.00375569 0.00239145 0.00362862 0.00231852
74700.000 0.00375183 0.00240741 0.00363554 0.00230752
74720.000 0.00381251 0.00238769 0.0036463 0.00228668
74740.000 0.00381903 0.00232391 0.00369251 0.00225888
74760.000 0.00382914 0.00230348 0.00371612 0.0022368
74780.000 0.00382964 0.00232632 0.00370357 0.00224746
74800.000 0.00386494 0.00234809 0.00371905 0.00227251
74820.000 0.00388087 0.00238384 0.0037173 0.00230035
74840.000 0.00390886 0.00241911 0.00375651 0.00231391
74860.000 0.00392529 0.0023992 0.00377659 0.00234066
74880.000 0.00391443 0.00246279 0.00378776 0.00235698
74900.000 0.00393615 0.00248171 0.00378896 0.00236997
74920.000 0.00394265 0.00248155 0.00378063 0.00239625
74940.000 0.0039454 0.00249727 0.00379775 0.00238936
74960.000 0.00388164 0.00250883 0.00374404 0.00245357
74980.000 0.00392265 0.00251782 0.0037475 0.00241282
75000.000 0.00386718 0.0025295 0.0037008 0.00243128
75020.000 0.00387527 0.00252889 0.00371311 0.00242814
75040.000 0.00389893 0.00253365 0.0037181 0.00242861
75060.000 0.00390728 0.00250554 0.00373823 0.00242634
75080.000 0.00390164 0.00248857 0.00373794 0.00239811
75100.000 0.00386753 0.00250601 0.00372672 0.00239432
75120.000 0.00389413 0.00247609 0.00372573 0.00239155
75140.000 0.00389887 0.00246222 0.00371936 0.0023417
75160.000 0.00384067 0.00247458 0.00369228 0.0023446
% Warning: sampling overrun detected
75180.000 0.00381843 0.00245371 0.0036583 0.00234037
75200.000 0.00380605 0.00243269 0.0036455 0.00230401
75220.000 0.00379231 0.00238298 0.00364233 0.00230286
% Warning: sampling overrun detected
75240.000 0.00375644 0.00239827 0.00360686 0.0023092
% Warning: sampling overrun detected
75260.000 0.00377666 0.00240586 0.00363365 0.0022845
% Warning: sampling overrun detected
75280.000 0.00380815 0.00236269 0.00366034 0.0022568
75300.000 0.00378832 0.00234041 0.00363419 0.00223932
75320.000 0.00379864 0.00227952 0.0036611 0.00219998
75340.000 0.00379344 0.00228306 0.00365246 0.00218776
% Warning: sampling overrun detected
75360.000 0.00379908 0.00225904 0.00363905 0.00215872
75380.000 0.00380997 0.0022246 0.00365175 0.00212845
75400.000 0.00377775 0.0022116 0.00362248 0.00210191
% Warning: sampling overrun detected
75420.000 0.00377731 0.00219799 0.00360791 0.00209013
% Warning: sampling overrun detected
75440.000 0.00376044 0.00218121 0.00360083 0.00207781
% Warning: sampling overrun detected
75460.000 0.00372379 0.00219947 0.00358911 0.00207923
% Warning: sampling overrun detected
75480.000 0.00373954 0.00218539 0.00357739 0.0020892
75500.000 0.00374564 0.0021863 0.00358817 0.00208201
75520.000 0.00377175 0.00217038 0.00359998 0.00208193
% Warning: sampling overrun detected
75540.000 0.00375751 0.00218812 0.00359577 0.00207639
% Warning: sampling overrun detected
75560.000 0.00379204 0.00217606 0.00361223 0.00207741
% Warning: sampling overrun detected
75580.000 0.00380383 0.00211148 0.00364586 0.00203214
% Warning: sampling overrun detected
75600.000 0.00378761 0.0021291 0.00363461 0.00203854
% Warning: sampling overrun detected
75620.000 0.00379611 0.00211701 0.00361853 0.00203936
% Warning: sampling overrun detected
75640.000 0.00383906 0.00207704 0.0036562 0.00200688
75660.000 0.00382467 0.00207137 0.00368222 0.00198201
75680.000 0.00381409 0.00203144 0.00370158 0.00196986
75700.000 0.00380193 0.00203691 0.00366593 0.00197979
75720.000 0.00379493 0.00203124 0.00365173 0.00193462
75740.000 0.00380454 0.00202853 0.00366064 0.00193012
75760.000 0.00384635 0.00205672 0.00367307 0.00197786
75780.000 0.00387452 0.00205654 0.00372171 0.00201237
75800.000 0.00388225 0.00206791 0.00373729 0.00199789
75820.000 0.00388925 0.00207598 0.00371156 0.00202746
75840.000 0.00390229 0.00211954 0.00372553 0.00204885
75860.000 0.00392775 0.00213346 0.00376582 0.00206609
75880.000 0.00395389 0.00214246 0.00381026 0.00207284
75900.000 0.00396809 0.00215149 0.00378318 0.00206666
75920.000 0.00395789 0.00217344 0.00378318 0.00209278
75940.000 0.00394801 0.00218952 0.00376867 0.00210014
75960.000 0.00392846 0.0022189 0.00377978 0.00212086
75980.000 0.00392123 0.00221348 0.00379854 0.0021426
76000.000 0.00392514 0.00223284 0.00377834 0.00213718
76020.000 0.00393362 0.00222265 0.00377428 0.00214295
76040.000 0.00393045 0.00222089 0.00378259 0.00213728
76060.000 0.00390948 0.00219315 0.00376088 0.00211753
76080.000 0.00391426 0.00224501 0.00374948 0.00213643
76100.000 0.0039203 0.00225526 0.00376096 0.00217544
76120.000 0.00391573 0.00225057 0.00374744 0.00216993
76140.000 0.00390326 0.00226654 0.00377228 0.00217489
76160.000 0.00393578 0.00221357 0.00377388 0.00214367
76180.000 0.00389748 0.00220415 0.00377832 0.00210374
76200.000 0.00390404 0.00220072 0.00377958 0.00213111
76220.000 0.00390444 0.00216842 0.00375201 0.00209456
76240.000 0.00389483 0.00215676 0.00375409 0.00206895
76260.000 0.00387949 0.00214879 0.0037554 0.00205502
76280.000 0.00384614 0.00216342 0.00370075 0.00207799
76300.000 0.00384559 0.00214545 0.00371478 0.00205875
76320.000 0.00388454 0.00211073 0.00372868 0.00203149
76340.000 0.00388737 0.00207948 0.00374297 0.00205716
76360.000 0.00386412 0.0020431 0.00374756 0.00200347
% Warning: sampling overrun detected
76380.000 0.00382414 0.00203609 0.00373668 0.00195623
% Warning: sampling overrun detected
76400.000 0.0038027 0.00205215 0.00367222 0.00198218
% Warning: sampling overrun detected
76420.000 0.00380842 0.0021049 0.00366915 0.00201588
% Warning: sampling overrun detected
76440.000 0.00378509 0.00208882 0.00364685 0.00200805
% Warning: sampling overrun detected
76460.000 0.00377067 0.00209829 0.00361682 0.00201591
% Warning: sampling overrun detected
76480.000 0.003746 0.0020794 0.00360689 0.00201062
% Warning: sampling overrun detected
76500.000 0.00370188 0.00211491 0.00356622 0.00202022
% Warning: sampling overrun detected
76520.000 0.00374659 0.00209672 0.00358764 0.00200486
% Warning: sampling overrun detected
76540.000 0.00374426 0.00206747 0.00360392 0.00198587
% Warning: sampling overrun detected
76560.000 0.00376736 0.00204454 0.00360956 0.0019915
% Warning: sampling overrun detected
76580.000 0.00373594 0.00208651 0.00359955 0.0020122
% Warning: sampling overrun detected
76600.000 0.00372231 0.00210345 0.00357855 0.00203254
% Warning: sampling overrun detected
76620.000 0.00370654 0.00209449 0.00355599 0.0020155
% Warning: sampling overrun detected
76640.000 0.00367531 0.00212448 0.00353804 0.00203451
76660.000 0.00367441 0.00215974 0.00351694 0.00205177
% Warning: sampling overrun detected
76680.000 0.00364796 0.00214106 0.00350067 0.00206987
% Warning: sampling overrun detected
76700.000 0.00361537 0.00216409 0.00346429 0.00206435
% Warning: sampling overrun detected
76720.000 0.00363319 0.00214226 0.00347976 0.00205255
% Warning: sampling overrun detected
76740.000 0.00362638 0.00209629 0.00347349 0.00202753
% Warning: sampling overrun detected
76760.000 0.00363274 0.00210686 0.00344138 0.00198911
% Warning: sampling overrun detected
76780.000 0.00357985 0.00209939 0.00342565 0.00200748
% Warning: sampling overrun detected
76800.000 0.00357775 0.00210991 0.00340948 0.00200251
% Warning: sampling overrun detected
76820.000 0.0035386 0.00208017 0.0034052 0.00199843
% Warning: sampling overrun detected
76840.000 0.00354025 0.00213304 0.00337929 0.00199892
% Warning: sampling overrun detected
76860.000 0.00355219 0.00214818 0.00336396 0.00204722
% Warning: sampling overrun detected
76880.000 0.00352995 0.00212408 0.00337181 0.00204105
% Warning: sampling overrun detected
76900.000 0.00355536 0.00212572 0.00339842 0.00199027
% Warning: sampling overrun detected
76920.000 0.00356722 0.00210892 0.00341104 0.00200427
% Warning: sampling overrun detected
76940.000 0.00354363 0.00206779 0.00339605 0.00195758
% Warning: sampling overrun detected
76960.000 0.00353382 0.00207142 0.00339204 0.00195551
% Warning: sampling overrun detected
76980.000 0.00355869 0.00206787 0.00338633 0.00197566
77000.000 0.00361015 0.00204066 0.00343313 0.00197086
77020.000 0.00364806 0.00200229 0.00350193 0.00192344
77040.000 0.00363139 0.00195331 0.00351203 0.00186382
77060.000 0.00363397 0.00192097 0.00350704 0.00183391
77080.000 0.00365251 0.00192128 0.00351147 0.0018354
77100.000 0.00361895 0.00190711 0.00351677 0.00186222
77120.000 0.00365577 0.00194067 0.0034924 0.00184791
77140.000 0.00364357 0.00190624 0.00352684 0.00182308
77160.000 0.00361937 0.00192329 0.00349064 0.00186727
77180.000 0.00365296 0.00192487 0.00351353 0.00186694
77200.000 0.00366847 0.00189124 0.00353968 0.00183508
77220.000 0.00362232 0.00188867 0.00354945 0.00184633
77240.000 0.00361073 0.00186857 0.0034992 0.00179793
77260.000 0.00360189 0.00186976 0.00347008 0.00181085
77280.000 0.00359494 0.00188552 0.0034703 0.00180563
77300.000 0.00358048 0.00186158 0.00350098 0.00178141
77320.000 0.00357535 0.00180953 0.00349413 0.00174609
77340.000 0.00357453 0.00177005 0.00347096 0.00173866
77360.000 0.00355978 0.00178589 0.00346706 0.00176795
77380.000 0.00362339 0.00180456 0.00352644 0.00179859
77400.000 0.00367329 0.00182363 0.00355282 0.00178429
77420.000 0.00370595 0.00185415 0.00357491 0.00181183
77440.000 0.00369925 0.00185326 0.00358914 0.00182404
77460.000 0.003714 0.00188899 0.00360383 0.00182221
77480.000 0.00373513 0.0019441 0.003613 0.00188981
77500.000 0.00378017 0.00191399 0.00363855 0.00188795
77520.000 0.00375437 0.00191985 0.00361841 0.00185935
77540.000 0.00372858 0.00195049 0.00360929 0.00185648
77560.000 0.00372129 0.00193723 0.00360027 0.00189
77580.000 0.00369861 0.00191333 0.00359988 0.00184039
77600.000 0.0036914 0.0018809 0.00359296 0.0018057
77620.000 0.00365948 0.00184879 0.00356862 0.00178422
77640.000 0.00365538 0.00181666 0.00354846 0.00175509
77660.000 0.00358686 0.00182256 0.00349959 0.00176779
77680.000 0.00354554 0.00181936 0.00344193 0.00175155
77700.000 0.00350449 0.00181828 0.00344459 0.00176139
77720.000 0.00358635 0.00178566 0.00346355 0.00174141
77740.000 0.00362998 0.00175027 0.00349465 0.00169351
77760.000 0.00365308 0.00171295 0.00353439 0.00167018
77780.000 0.00362759 0.00168692 0.00355652 0.00165744
77800.000 0.00363875 0.00167394 0.00353727 0.00161651
77820.000 0.00364126 0.00168619 0.00355315 0.00164342
77840.000 0.00363202 0.00172292 0.00350625 0.00166018
77860.000 0.00361973 0.00174793 0.00353094 0.00170313
77880.000 0.00361898 0.00173269 0.00351345 0.00167517
77900.000 0.00358204 0.00169887 0.00349842 0.00165098
77920.000 0.0035958 0.00169092 0.00350084 0.00162896
77940.000 0.00359071 0.00165583 0.00350055 0.00158877
77960.000 0.00360244 0.00156982 0.00349955 0.00153561
77980.000 0.00359576 0.00155926 0.00351341 0.00151311
78000.000 0.00358423 0.0015459 0.00351346 0.00147996
78020.000 0.00360244 0.00150475 0.00350867 0.00147217
78040.000 0.00362179 0.00148631 0.00352233 0.00146318
78060.000 0.00362726 0.0014801 0.00356431 0.00144287
78080.000 0.00366771 0.00144324 0.00357658 0.00140846
78100.000 0.00367011 0.00142535 0.00361378 0.00138444
78120.000 0.00371348 0.00139148 0.00363831 0.00138432
78140.000 0.00371366 0.00140723 0.00364208 0.0013923
78160.000 0.00372001 0.00144393 0.00364071 0.00142346
78180.000 0.00373484 0.0014786 0.00364549 0.00146441
78200.000 0.00371923 0.00150401 0.00362404 0.00147362
78220.000 0.00370359 0.00150832 0.00362015 0.00146244
78240.000 0.00373625 0.00154617 0.00359009 0.00150098
78260.000 0.0037452 0.00155771 0.00360405 0.001535
78280.000 0.00373002 0.00160522 0.00361283 0.00155603
78300.000 0.00371284 0.00159514 0.00364527 0.00157322
78320.000 0.00375205 0.00159463 0.00362484 0.00153251
78340.000 0.00372912 0.00161221 0.00363583 0.00157379
78360.000 0.00373504 0.0015985 0.00364843 0.00157072
78380.000 0.00376122 0.00157268 0.00371371 0.00155896
78400.000 0.00378146 0.00157976 0.00371711 0.00154406
78420.000 0.00378994 0.00159748 0.00370209 0.00156865
78440.000 0.00380766 0.00160381 0.00369215 0.00157521
78460.000 0.00378314 0.00164697 0.00370015 0.00160693
78480.000 0.00376973 0.00167483 0.00367553 0.00163201
78500.000 0.00378766 0.00170386 0.00367792 0.00165137
78520.000 0.00377648 0.00170834 0.00365799 0.0016819
78540.000 0.00374923 0.00177384 0.00363187 0.00169705
78560.000 0.00371368 0.00182956 0.00358374 0.00175916
78580.000 0.00367514 0.00185766 0.00356457 0.00176746
78600.000 0.00364302 0.0018636 0.00351511 0.00176414
78620.000 0.0036359 0.00180821 0.00351124 0.001769
78640.000 0.00358748 0.0017855 0.00351212 0.00173826
78660.000 0.00358423 0.00177329 0.00348438 0.00170555
78680.000 0.00356511 0.00173638 0.00345935 0.00166973
78700.000 0.00351982 0.00172094 0.0034542 0.00166657
78720.000 0.00353739 0.00171994 0.00345326 0.00165341
78740.000 0.00354853 0.0016916 0.00343435 0.00164603
78760.000 0.00355378 0.00167083 0.00346395 0.00162176
% Warning: sampling overrun detected
78780.000 0.00355381 0.00162955 0.00348004 0.00159387
78800.000 0.00355466 0.00162306 0.0034768 0.00156392
78820.000 0.00360349 0.00161096 0.0035462 0.00157946
78840.000 0.00368209 0.00157027 0.00359205 0.00156765
78860.000 0.00371841 0.00155801 0.00365455 0.0015322
78880.000 0.00377293 0.001544 0.00369982 0.0015169
78900.000 0.00376498 0.00154404 0.00369946 0.00154126
78920.000 0.00374693 0.00155501 0.0036941 0.00153534
78940.000 0.00380591 0.00160703 0.00369778 0.00160435
78960.000 0.00383215 0.00167606 0.00373588 0.00169966
78980.000 0.0038546 0.00174345 0.0037814 0.00172932
79000.000 0.00387407 0.00179481 0.00376155 0.00175065
79020.000 0.00386423 0.00180691 0.00375489 0.00175641
79040.000 0.00381007 0.00183812 0.00375409 0.00181614
79060.000 0.00385828 0.00187029 0.00372904 0.00179938
79080.000 0.00386393 0.0018783 0.00369987 0.00182856
79100.000 0.00385556 0.00192058 0.00369156 0.00184369
79120.000 0.00384248 0.00193171 0.00371776 0.00187768
79140.000 0.00385558 0.00195884 0.00371329 0.00190051
79160.000 0.00383945 0.00198888 0.00369916 0.00190397
79180.000 0.00380759 0.00200497 0.00368575 0.00192245
79200.000 0.0038466 0.00205572 0.00366594 0.00193743
79220.000 0.00385477 0.00202383 0.00369987 0.00193416
79240.000 0.00382035 0.00203434 0.00366701 0.00195843
79260.000 0.00375409 0.0021103 0.00360885 0.00199605
79280.000 0.00374517 0.00212365 0.00360139 0.00203544
79300.000 0.00373404 0.00207036 0.00358057 0.00198967
79320.000 0.00366114 0.00208501 0.00353822 0.00200021
79340.000 0.00362623 0.00211864 0.00349031 0.00199177
79360.000 0.00361768 0.00212816 0.00345588 0.00202419
79380.000 0.00363201 0.00212347 0.00345601 0.0020123
79400.000 0.00356487 0.00215105 0.00343315 0.00204186
79420.000 0.00354164 0.00215852 0.00339702 0.00204157
79440.000 0.00349984 0.00211063 0.00333873 0.00202309
79460.000 0.003443 0.00213923 0.00330593 0.00203967
79480.000 0.00343564 0.00213842 0.00325681 0.00203723
79500.000 0.00336359 0.00213414 0.00323548 0.00203009
79520.000 0.00337659 0.00210299 0.0032329 0.00201514
79540.000 0.00334392 0.00208365 0.00320864 0.00198333
79560.000 0.00332295 0.00207372 0.00317968 0.00195121
79580.000 0.00329055 0.00205152 0.00314074 0.00195159
79600.000 0.00328335 0.00202958 0.00312427 0.00194017
79620.000 0.0032609 0.0020031 0.00312376 0.00189263
79640.000 0.00326181 0.00194416 0.00311672 0.00186486
79660.000 0.00327876 0.00194035 0.00313324 0.00185039
79680.000 0.00328353 0.00191524 0.00317588 0.00184522
79700.000 0.00330979 0.0018807 0.00320168 0.00181807
79720.000 0.00332348 0.00188413 0.00319437 0.00178806
79740.000 0.00333893 0.0018402 0.00322093 0.0017693
79760.000 0.00339972 0.00183951 0.00325851 0.00177293
79780.000 0.00342025 0.0018345 0.0032967 0.00178732
79800.000 0.00343518 0.00188007 0.00329078 0.00182013
79820.000 0.00348226 0.00191355 0.00332319 0.00185348
79840.000 0.00349877 0.00192995 0.00333486 0.00185227
79860.000 0.00348517 0.00194933 0.00333065 0.0018553
79880.000 0.0035397 0.00195068 0.00335309 0.00188508
79900.000 0.00357582 0.00195423 0.00341759 0.00187006
79920.000 0.00360021 0.00192633 0.00349783 0.00185998
79940.000 0.00362225 0.00191574 0.00347556 0.00186653
79960.000 0.00365924 0.00191085 0.00349069 0.00187262
79980.000 0.003645 0.00195501 0.00354897 0.0018995
80000.000 0.00366509 0.00195274 0.00350302 0.00188362
80020.000 0.00364652 0.00198023 0.00349765 0.00189806
80040.000 0.0036247 0.00202103 0.0034497 0.00192815
80060.000 0.00361537 0.00204684 0.00344344 0.00194449
80080.000 0.00363165 0.00203035 0.00347767 0.00195873
80100.000 0.00360674 0.00198132 0.00345486 0.00192952
80120.000 0.00354587 0.00200876 0.00341899 0.00189185
80140.000 0.00350927 0.00203094 0.00333523 0.0019148
80160.000 0.00345423 0.00206307 0.00332649 0.00195227
80180.000 0.00339604 0.00206877 0.00326304 0.00195635
80200.000 0.00335723 0.00212581 0.00323413 0.00203063
80220.000 0.00333795 0.00218125 0.00318196 0.00208223
80240.000 0.00334989 0.00218331 0.00317528 0.00208826
80260.000 0.00330371 0.00221 0.00314613 0.00210119
80280.000 0.00328411 0.00219329 0.00314412 0.00209763
80300.000 0.00327409 0.00221699 0.00311921 0.00211041
80320.000 0.00327946 0.00217992 0.00311713 0.00207472
80340.000 0.00327177 0.00213276 0.00312888 0.00205155
80360.000 0.00324231 0.00210662 0.00308088 0.00200232
80380.000 0.00317667 0.00205239 0.00308793 0.00198407
80400.000 0.00320524 0.00198625 0.00306895 0.00189904
80420.000 0.00319035 0.00193149 0.00306281 0.00182407
80440.000 0.00315885 0.00195878 0.00303751 0.00187296
80460.000 0.00315858 0.00195381 0.00299686 0.00188577
80480.000 0.00315617 0.00196997 0.00304676 0.00188132
80500.000 0.00317974 0.00195809 0.00304692 0.00191246
80520.000 0.00320127 0.00192667 0.00307816 0.00184305
80540.000 0.0031738 0.00190638 0.00305858 0.00182779
80560.000 0.00317882 0.00190537 0.00305528 0.00182541
% Warning: sampling overrun detected
80580.000 0.00316665 0.00187572 0.00305283 0.00180543
80600.000 0.00316455 0.00188285 0.00308393 0.00180494
80620.000 0.00320459 0.0018277 0.00311217 0.00177537
% Warning: sampling overrun detected
80640.000 0.00322697 0.00184659 0.00312195 0.00179983
80660.000 0.00324158 0.00187904 0.00314028 0.00183047
80680.000 0.00327412 0.00191141 0.00315744 0.00187483
% Warning: sampling overrun detected
80700.000 0.00329132 0.00193871 0.00317891 0.00188556
80720.000 0.00327481 0.00196619 0.00317054 0.00187781
80740.000 0.00330469 0.00199226 0.00318168 0.00195193
% Warning: sampling overrun detected
80760.000 0.00328701 0.00201763 0.00316936 0.00197219
% Warning: sampling overrun detected
80780.000 0.00327333 0.0020172 0.00318059 0.00196684
% Warning: sampling overrun detected
80800.000 0.00325332 0.00205864 0.00311551 0.00195872
80820.000 0.00324067 0.00207571 0.00308749 0.0019818
80840.000 0.00324948 0.00205655 0.0031131 0.00195512
80860.000 0.0032417 0.0020303 0.00309638 0.00196026
% Warning: sampling overrun detected
80880.000 0.00320633 0.00206326 0.00309079 0.0019553
% Warning: sampling overrun detected
80900.000 0.00320996 0.00204001 0.00307423 0.00194472
% Warning: sampling overrun detected
80920.000 0.00321126 0.00202656 0.00305319 0.00193228
% Warning: sampling overrun detected
80940.000 0.00316876 0.00202125 0.0030488 0.00194168
80960.000 0.00318456 0.00202243 0.00305447 0.00191471
80980.000 0.00317441 0.0020022 0.00304378 0.00189784
% Warning: sampling overrun detected
81000.000 0.00317582 0.00194592 0.00305056 0.001889
81020.000 0.00317865 0.00196113 0.00305939 0.00190847
81040.000 0.00316004 0.00196496 0.00304994 0.00189548
% Warning: sampling overrun detected
81060.000 0.00315127 0.00191309 0.00304765 0.00187754
81080.000 0.00314841 0.00189217 0.00305696 0.00183212
81100.000 0.00309598 0.00190092 0.00302342 0.00181957
% Warning: sampling overrun detected
81120.000 0.00308107 0.00190183 0.00299702 0.0018327
% Warning: sampling overrun detected
81140.000 0.00305065 0.00188913 0.00296289 0.00182276
% Warning: sampling overrun detected
81160.000 0.00305383 0.00189723 0.00293624 0.0018302
81180.000 0.00305344 0.00191416 0.00292413 0.00182298
81200.000 0.00303409 0.00192645 0.00289705 0.00186843
81220.000 0.00301673 0.00193736 0.00287475 0.0018609
81240.000 0.00302654 0.0019018 0.00292741 0.00182591
81260.000 0.00301027 0.00183573 0.00289397 0.00177599
81280.000 0.00297538 0.00182658 0.00287091 0.00174257
81300.000 0.00294982 0.00181624 0.00285091 0.00172409
81320.000 0.00293755 0.00182646 0.00280163 0.00170673
81340.000 0.00296385 0.00177366 0.00284261 0.00170335
81360.000 0.00296236 0.00178377 0.00287127 0.00169069
81380.000 0.00300134 0.00177619 0.00290089 0.00168116
81400.000 0.00303024 0.00179219 0.00291011 0.00171903
81420.000 0.00306904 0.00179645 0.00293305 0.00174155
81440.000 0.00308984 0.00179438 0.00296348 0.00175056
81460.000 0.00311437 0.00181015 0.00298941 0.00176035
81480.000 0.00311061 0.00183157 0.00300089 0.00177129
81500.000 0.00313184 0.00182796 0.00300547 0.00176874
81520.000 0.00314366 0.00181924 0.00302438 0.00177037
81540.000 0.00313284 0.00184438 0.00301355 0.00176788
81560.000 0.0031192 0.00182871 0.00301588 0.00175124
81580.000 0.00313267 0.00182174 0.00303211 0.00176331
81600.000 0.00315845 0.00179858 0.00305697 0.00175352
81620.000 0.00319214 0.00177074 0.0031051 0.00174241
81640.000 0.00320729 0.00178574 0.00311778 0.00175003
81660.000 0.00325104 0.00177918 0.00313789 0.00174901
81680.000 0.00326149 0.00178248 0.00318236 0.00178719
81700.000 0.00329416 0.00184258 0.00317911 0.00180939
81720.000 0.0033126 0.00188486 0.00319679 0.00185228
81740.000 0.00335208 0.00194958 0.00323104 0.00189056
81760.000 0.00338421 0.0020075 0.00324943 0.00195179
% Warning: sampling overrun detected
81780.000 0.00340571 0.00200902 0.00326025 0.00196217
81800.000 0.00338268 0.00201294 0.00327637 0.00195039
81820.000 0.00335727 0.00200508 0.00322454 0.00193407
81840.000 0.00332075 0.00198321 0.00320216 0.00190078
81860.000 0.00327014 0.00197284 0.00312028 0.00187976
81880.000 0.00324077 0.00196326 0.00311649 0.00187497
81900.000 0.00319422 0.00195157 0.0030743 0.00182773
81920.000 0.00315681 0.00193196 0.00304304 0.00181727
81940.000 0.00315229 0.00191858 0.00301791 0.00178566
81960.000 0.00309437 0.00187507 0.00298531 0.00177957
81980.000 0.00310655 0.00184992 0.00298426 0.00176085
82000.000 0.00315147 0.00181859 0.00300619 0.00176195
82020.000 0.00315762 0.0018 0.0030327 0.00172835
82040.000 0.00318803 0.00176584 0.00304442 0.00169491
82060.000 0.00319367 0.00172306 0.003063 0.00167981
82080.000 0.00315568 0.00169845 0.00306784 0.0016288
82100.000 0.00314286 0.00167059 0.00304525 0.00158913
82120.000 0.00310718 0.00168031 0.00300191 0.00160003
82140.000 0.00309245 0.00169811 0.00296818 0.00161558
82160.000 0.00310127 0.00172242 0.00296154 0.0016484
82180.000 0.00314292 0.00170817 0.00299349 0.00165588
82200.000 0.00318782 0.00166036 0.00306815 0.00163192
82220.000 0.0032195 0.00166553 0.00314104 0.001619
82240.000 0.0032269 0.00164037 0.00311548 0.00161369
82260.000 0.00320258 0.00165355 0.00308809 0.00158841
82280.000 0.00317659 0.00164175 0.00306108 0.00158065
82300.000 0.00314874 0.00164946 0.00305461 0.00158341
82320.000 0.00312537 0.00162906 0.00302931 0.00156451
82340.000 0.00311642 0.00162939 0.0030432 0.00153995
82360.000 0.00311641 0.00154573 0.00305097 0.00150209
82380.000 0.00307898 0.0014864 0.0030603 0.00146636
82400.000 0.00310672 0.00145239 0.00305271 0.00143849
82420.000 0.00309127 0.00147822 0.00303756 0.00145277
82440.000 0.00309962 0.00146924 0.00303953 0.00143584
82460.000 0.00311611 0.00146201 0.00305782 0.00144384
82480.000 0.00312603 0.00146242 0.00308928 0.00144976
82500.000 0.00311681 0.00143719 0.00309035 0.00143419
82520.000 0.00312822 0.00143468 0.0030814 0.00142896
82540.000 0.00314019 0.00144372 0.00309715 0.0014187
82560.000 0.00315462 0.00140679 0.00309694 0.00140035
82580.000 0.00312431 0.00140669 0.00308359 0.0013796
82600.000 0.00312434 0.00141156 0.00308434 0.00136602
82620.000 0.0031362 0.00139823 0.00308632 0.00137996
82640.000 0.00313354 0.00139974 0.00308528 0.00136952
82660.000 0.00314997 0.00141775 0.00310605 0.00136264
82680.000 0.00316885 0.0014234 0.0030979 0.0013853
82700.000 0.00319354 0.00144747 0.00310852 0.00143815
82720.000 0.00318418 0.00150962 0.00309664 0.00145597
82740.000 0.00317712 0.00150683 0.00310371 0.00150041
82760.000 0.00317764 0.00156421 0.00309925 0.0014988
82780.000 0.0031632 0.00158901 0.00309437 0.00155434
82800.000 0.00314511 0.00162846 0.00305654 0.00158095
82820.000 0.00315672 0.00163231 0.00304759 0.00157957
82840.000 0.00317274 0.00165406 0.00305244 0.00160559
82860.000 0.00316255 0.00168315 0.00305549 0.00163479
82880.000 0.00320552 0.00168715 0.00308082 0.00166767
82900.000 0.00324395 0.00168973 0.00315351 0.00166857
82920.000 0.0032627 0.00165545 0.00317627 0.00162897
82940.000 0.00327652 0.00162938 0.00319237 0.00161939
82960.000 0.00326314 0.00161464 0.00317574 0.00158783
82980.000 0.00329048 0.00161953 0.003205 0.00158163
83000.000 0.00325029 0.00161789 0.00320591 0.00162021
83020.000 0.00324408 0.00167217 0.00315655 0.00162228
83040.000 0.0032311 0.00164816 0.00317539 0.00162978
83060.000 0.00322516 0.00165103 0.00317207 0.00162026
83080.000 0.00321955 0.00168535 0.0031365 0.00164946
83100.000 0.00328678 0.00175042 0.00313406 0.00169042
83120.000 0.00327183 0.00176277 0.00314739 0.00172982
83140.000 0.00322102 0.0018126 0.00311243 0.00176966
83160.000 0.00318754 0.00183354 0.00308631 0.00176401
83180.000 0.00318558 0.00178818 0.00308373 0.00174945
83200.000 0.00317626 0.00182641 0.00304148 0.00175823
83220.000 0.00313226 0.00175591 0.0030178 0.00169951
83240.000 0.00307514 0.00171018 0.00298457 0.00165465
83260.000 0.00303538 0.00172497 0.00293667 0.00163452
83280.000 0.0030258 0.00172532 0.002948 0.00167512
83300.000 0.00307847 0.00171306 0.00298159 0.00168351
83320.000 0.00309355 0.00165195 0.00304963 0.00160129
83340.000 0.00304507 0.00157906 0.00300116 0.00150612
83360.000 0.00299589 0.00150249 0.00293891 0.00143504
83380.000 0.00296326 0.00147146 0.00288558 0.00141249
83400.000 0.00296839 0.0014707 0.00284174 0.00140272
83420.000 0.00301227 0.00141769 0.00286063 0.00137136
83440.000 0.00303706 0.00133604 0.00297654 0.00134768
83460.000 0.00308848 0.0012793 0.0030013 0.00131602
83480.000 0.00310743 0.00128139 0.00303599 0.00127557
83500.000 0.00305074 0.00125643 0.00305376 0.0013025
83520.000 0.00308626 0.00127203 0.00300948 0.00124232
83540.000 0.00306371 0.00121573 0.00302838 0.00124266
83560.000 0.00306258 0.00120128 0.00299324 0.00118988
% Warning: sampling overrun detected
83580.000 0.00300469 0.00117252 0.00293875 0.00116223
83600.000 0.00301548 0.00114405 0.00293859 0.00111106
83620.000 0.00297038 0.00107845 0.00293842 0.00105405
83640.000 0.00293668 0.00106293 0.00289714 0.00101875
83660.000 0.0028939 0.00104561 0.00283576 0.00102262
83680.000 0.00286566 0.00103475 0.00281733 0.000982465
83700.000 0.00288181 0.00100543 0.00284396 0.000968089
83720.000 0.00291462 0.000956983 0.00287124 0.000925446
83740.000 0.00296127 0.000967878 0.00288579 0.00093709
83760.000 0.00302421 0.000994641 0.00294945 0.000994862
83780.000 0.00306234 0.00101202 0.0029965 0.00100144
83800.000 0.00306019 0.00105045 0.00300157 0.00105387
83820.000 0.00305967 0.00109089 0.00300154 0.00108801
83840.000 0.00305593 0.00114464 0.00295082 0.0011141
83860.000 0.00301484 0.00116603 0.00293335 0.00113152
83880.000 0.00299522 0.00120178 0.00287209 0.00115254
83900.000 0.00300882 0.00120923 0.00284464 0.00115047
83920.000 0.00300792 0.00118182 0.00287135 0.00115219
83940.000 0.00301428 0.00118467 0.00285877 0.00113469
83960.000 0.00301804 0.00116683 0.00288345 0.00112616
83980.000 0.00298492 0.00114282 0.0028867 0.00108602
84000.000 0.00296328 0.00105441 0.00288838 0.00102577
84020.000 0.0029151 0.00106527 0.00286549 0.00103062
84040.000 0.00296678 0.00108103 0.00285218 0.000992765
84060.000 0.00296425 0.00109788 0.0028285 0.00103435
84080.000 0.00298488 0.00102959 0.00284313 0.000980709
84100.000 0.00294361 0.00103295 0.00284027 0.000963478
84120.000 0.00290828 0.00102703 0.00280919 0.000958119
84140.000 0.00295487 0.00102645 0.00282833 0.000957941
84160.000 0.00297567 0.00101445 0.00287168 0.000969632
84180.000 0.00298598 0.0010261 0.0028945 0.00100715
84200.000 0.00303263 0.000979528 0.00294857 0.000963109
84220.000 0.00306335 0.00101377 0.00295292 0.000980231
84240.000 0.00306725 0.00100441 0.00296642 0.000976929
84260.000 0.00310565 0.00101052 0.00298825 0.000962843
84280.000 0.00311732 0.00101908 0.00299939 0.000977878
84300.000 0.00313682 0.00100809 0.00301723 0.000983282
% Warning: sampling overrun detected
84320.000 0.00316176 0.000993337 0.00304543 0.000963896
84340.000 0.00316472 0.000998963 0.00303902 0.000965464
84360.000 0.00317261 0.00102227 0.00305799 0.000994316
84380.000 0.00318595 0.00105309 0.00304857 0.00102755
84400.000 0.00320109 0.00108173 0.00303209 0.00104931
84420.000 0.00319025 0.00109538 0.00302659 0.00106461
84440.000 0.0032383 0.00110021 0.00307964 0.00104033
84460.000 0.00325616 0.00109823 0.0031478 0.0010783
84480.000 0.0033439 0.0010978 0.00317248 0.00107155
84500.000 0.00336752 0.00113099 0.00320432 0.00109575
84520.000 0.00336964 0.00117906 0.00322312 0.00113429
84540.000 0.00337217 0.00112213 0.00321723 0.00107608
84560.000 0.00310042 0.00100959 0.002957 0.000964334
84580.000 0.00336321 0.00106339 0.00323842 0.00100913
84600.000 0.00332053 0.00102759 0.00320769 0.00100376
% Warning: sampling overrun detected
84620.000 0.00332688 0.0010021 0.0031878 0.000961909
% Warning: sampling overrun detected
84640.000 0.00330053 0.000992261 0.0031903 0.000951723
84660.000 0.00324441 0.000938353 0.00315782 0.000902825
84680.000 0.00319963 0.000906731 0.00311566 0.000853971
84700.000 0.00314648 0.000863286 0.0030634 0.000804419
84720.000 0.00314548 0.000852062 0.00305478 0.000780327
84740.000 0.00317248 0.000848509 0.00305612 0.000821503
84760.000 0.00320648 0.000879257 0.0030828 0.000851098
84780.000 0.0032029 0.000870861 0.00307156 0.000823884
84800.000 0.00319021 0.000842368 0.00306801 0.000798006
84820.000 0.00317706 0.000862998 0.0030708 0.000808702
84840.000 0.00315619 0.000849169 0.00304696 0.000812788
84860.000 0.00317268 0.000826949 0.00303986 0.00079955
84880.000 0.00316619 0.000838483 0.00304339 0.000825952
84900.000 0.00318693 0.00085492 0.00308736 0.000864431
84920.000 0.00322993 0.000904524 0.00308633 0.000864586
84940.000 0.0032344 0.00089983 0.00310829 0.000873013
84960.000 0.00322891 0.000918927 0.0031027 0.000891964
84980.000 0.00319844 0.000899181 0.00308447 0.000890919
85000.000 0.00316196 0.00094374 0.00302602 0.00087553
85020.000 0.0031488 0.000940715 0.00300702 0.000915572
85040.000 0.00309963 0.000947396 0.0029844 0.000913162
85060.000 0.00313079 0.000994619 0.00294568 0.000915511
85080.000 0.0030866 0.000950665 0.00294566 0.000906189
85100.000 0.00309453 0.000990223 0.00291968 0.000914294
85120.000 0.0030854 0.000974247 0.00290862 0.000916015
85140.000 0.00307241 0.000999335 0.0028969 0.000936532
85160.000 0.00306113 0.000996872 0.00289982 0.000936361
85180.000 0.00307753 0.000977727 0.00289858 0.000930447
85200.000 0.00309114 0.000997866 0.00290156 0.000936939
85220.000 0.00306271 0.000974418 0.00286689 0.000916665
85240.000 0.0030675 0.000956124 0.00289255 0.000863977
85260.000 0.00304539 0.000884458 0.00287062 0.000816466
85280.000 0.00300905 0.000830582 0.00285516 0.00076999
85300.000 0.0029637 0.000791591 0.00282136 0.000708683
85320.000 0.00292377 0.000784664 0.00276615 0.000705259
85340.000 0.00291583 0.000815838 0.00274415 0.00072774
85360.000 0.00291879 0.000831888 0.00270762 0.000751064
85380.000 0.00292588 0.000839759 0.00271072 0.000755321
85400.000 0.00291455 0.000768089 0.00274262 0.000707955
85420.000 0.00288469 0.00069265 0.00274362 0.000625991
85440.000 0.00286001 0.000619455 0.0027742 0.000528404
85460.000 0.00285914 0.000556815 0.00277428 0.0004917
85480.000 0.00285643 0.000499154 0.00276303 0.000460751
85500.000 0.00288821 0.000488321 0.00280446 0.000443888
85520.000 0.0029533 0.000441488 0.00282453 0.00040806
85540.000 0.00292156 0.000346665 0.00291367 0.000360605
85560.000 0.00293719 0.00029763 0.00294109 0.000309437
85580.000 0.00293632 0.000276026 0.00294909 0.000269435
85600.000 0.0029823 0.000261122 0.00297142 0.000240476
85620.000 0.0030006 0.000247397 0.00300877 0.000250026
85640.000 0.00305622 0.000239649 0.00306377 0.000239889
85660.000 0.00308412 0.000234013 0.0031202 0.000242924
85680.000 0.00314892 0.000243111 0.00316288 0.000260736
85700.000 0.00321484 0.000238577 0.00323683 0.000273836
85720.000 0.00330637 0.000162138 0.00334873 0.000209756
85740.000 0.00342359 0.000120859 0.00339134 0.000167545
85760.000 0.00348593 0.000167924 0.003441 0.000216554
85780.000 0.00356327 0.000186925 0.00349328 0.000241557
85800.000 0.00358201 0.000213095 0.00353854 0.000258127
85820.000 0.00367737 0.000262268 0.00359331 0.000322941
85840.000 0.0037387 0.000332312 0.00363334 0.000364418
85860.000 0.00376025 0.000379666 0.00364188 0.000410708
85880.000 0.0037872 0.000426538 0.00369508 0.00046496
85900.000 0.00380976 0.000480964 0.00369394 0.00049263
85920.000 0.00380635 0.000518879 0.00368971 0.000520919
85940.000 0.0037894 0.000533297 0.00371718 0.000545073
85960.000 0.00377441 0.000543531 0.00370583 0.000520648
85980.000 0.00377532 0.000541599 0.00370625 0.00049822
86000.000 0.00373236 0.000582267 0.00365338 0.000529714
86020.000 0.00369199 0.000591501 0.00362142 0.000563792
86040.000 0.00366841 0.000616567 0.00358767 0.000555209
86060.000 0.00365956 0.000614038 0.00355882 0.000576176
86080.000 0.0036242 0.000634604 0.00354318 0.000607073
86100.000 0.00360668 0.000661874 0.00349709 0.00062914
86120.000 0.00360353 0.000689598 0.00349272 0.00068222
86140.000 0.00359583 0.000737054 0.00348756 0.000701059
86160.000 0.00359946 0.000815162 0.00347518 0.00078348
86180.000 0.00358206 0.000823524 0.00345949 0.000812
86200.000 0.00359512 0.000828067 0.00343743 0.000799791
86220.000 0.00357061 0.00080494 0.00344572 0.000774529
86240.000 0.00352361 0.000778272 0.00340335 0.000751782
86260.000 0.00348436 0.000779188 0.00338388 0.000731958
86280.000 0.00347807 0.000757228 0.0033583 0.000716306
86300.000 0.0034707 0.00072814 0.00335181 0.000715663
86320.000 0.00344785 0.000737772 0.00332161 0.000646858
86340.000 0.00341129 0.000713359 0.00328154 0.000663773
86360.000 0.00337699 0.00070884 0.00326877 0.000658427
86380.000 0.00337115 0.00068936 0.00325055 0.000632836
