% UltraMSK: version 1.0 beta 16
% Site: localhost.localdomain
% Date: 2015-01-22
% Frequency: 20270.000000 Hz
% Baud Rate: 200 Hz
% VLF Channel: 3
% PPS Channel: 4
% Jack Server: default
% Output Format: Cartesian
% End
68560.000 0.000355727 0.000205433 0.000443102 0.000307859
68580.000 0.000298944 0.000257102 0.000382302 0.000353812
68600.000 0.000246857 0.000316438 0.000387125 0.00035766
68620.000 0.000328069 0.000210206 0.000407395 0.000317513
68640.000 0.000291897 0.000244674 0.000414111 0.000329333
68660.000 0.000233162 0.000307184 0.00038016 0.00035557
68680.000 0.000101213 0.00043424 0.000260844 0.000429312
68700.000 0.000137189 0.000404712 0.000308474 0.00041575
68720.000 0.000115472 0.000418898 0.000299636 0.000415983
68740.000 0.000103224 0.000438546 0.000276758 0.000429844
68760.000 0.000126084 0.000434576 0.000282804 0.000422125
68780.000 0.000177686 0.00041073 0.000321834 0.000411036
68800.000 0.000160754 0.000426222 0.000297785 0.000414815
68820.000 0.000151712 0.000449862 0.000268091 0.000439584
68840.000 0.000158054 0.000454705 0.00026633 0.000449135
68860.000 0.000227682 0.000417491 0.000309183 0.000387677
68880.000 0.00017932 0.000421646 0.000278832 0.000440754
68900.000 0.000267393 0.000359628 0.000333512 0.000382781
68920.000 0.000253812 0.000359719 0.000322643 0.000399337
68940.000 0.000250741 0.000397509 0.000310151 0.000383963
68960.000 0.000250146 0.000394021 0.000287682 0.000412771
68980.000 0.000241691 0.000383072 0.000277923 0.000420759
69000.000 0.000263694 0.000384362 0.000315665 0.00039058
69020.000 0.000297047 0.000357527 0.000324343 0.000383958
69040.000 0.000276567 0.000378011 0.000320347 0.000391894
69060.000 0.000311066 0.000339328 0.000367387 0.000340653
69080.000 0.000223725 0.000395247 0.000290156 0.000413892
69100.000 0.000260069 0.000367206 0.000334258 0.000395341
69120.000 0.000327229 0.000366183 0.000353881 0.000368924
69140.000 0.000308908 0.000349641 0.000322951 0.000384642
69160.000 0.000345468 0.000303479 0.000367929 0.000339822
69180.000 0.000294095 0.000352896 0.000327552 0.000386674
69200.000 0.000350568 0.000312678 0.000385905 0.000354252
% Warning: sampling overrun detected
69220.000 0.000338506 0.000350043 0.000386246 0.00032331
69240.000 0.00037752 0.000311277 0.000422522 0.000332918
69260.000 0.000376187 0.000312692 0.000397241 0.000340323
69280.000 0.000368261 0.000352439 0.000377516 0.000373164
69300.000 0.000340658 0.000335618 0.000394548 0.000325093
69320.000 0.000368279 0.000313302 0.000387416 0.000354607
69340.000 0.000361127 0.000311555 0.000403041 0.000342044
69360.000 0.000391267 0.000285862 0.000435745 0.000326532
69380.000 0.000388982 0.000275677 0.000404485 0.00031845
69400.000 0.000404571 0.000257172 0.000425158 0.000287452
69420.000 0.000358118 0.000296017 0.000398775 0.000304145
69440.000 0.000367369 0.000279996 0.000407507 0.000296183
69460.000 0.000393051 0.000251764 0.0004179 0.000278114
69480.000 0.00041181 0.000247066 0.00042077 0.000242802
69500.000 0.000404454 0.000221527 0.000436915 0.000251799
69520.000 0.000374386 0.000290061 0.000390803 0.000258923
69540.000 0.000377219 0.000274066 0.000381508 0.000279805
69560.000 0.000396736 0.000213502 0.000420077 0.000231074
69580.000 0.000398678 0.000224128 0.000414602 0.000241927
69600.000 0.000422252 0.000191882 0.000436371 0.000192262
69620.000 0.000417393 0.000209468 0.000424786 0.00023302
69640.000 0.000450495 0.000137584 0.000461136 0.000142088
69660.000 0.000433484 0.000159115 0.000455992 0.000175919
69680.000 0.000433527 0.000173051 0.000451305 0.000166932
69700.000 0.000437181 0.000180655 0.000453467 0.000185268
69720.000 0.000433173 0.000173619 0.000430672 0.000190033
69740.000 0.000426368 0.000200054 0.000432234 0.000197536
69760.000 0.000429763 0.000182951 0.000454406 0.000172938
69780.000 0.000429764 0.000164141 0.00044469 0.000183395
69800.000 0.000441116 0.000148 0.000460566 0.000152533
69820.000 0.000438932 0.000153135 0.000454252 0.00018075
69840.000 0.000452876 0.0001607 0.000457999 0.00012481
69860.000 0.000436428 0.000174529 0.000444276 0.000183531
69880.000 0.000439739 0.000144131 0.000444357 0.000188438
69900.000 0.000429356 0.000146164 0.000447141 0.000156245
69920.000 0.000449211 0.000158609 0.000451792 0.000163686
69940.000 0.00044523 0.000136558 0.000472268 0.000144524
69960.000 0.000440509 0.000149332 0.000448128 0.000147541
69980.000 0.000436111 0.000137393 0.000455593 0.000144182
70000.000 0.000446754 0.000100929 0.000461829 7.61549e-05
70020.000 0.000444124 0.000106783 0.000448867 9.5417e-05
70040.000 0.000443187 0.000146772 0.00044746 0.000130209
70060.000 0.000464141 6.51018e-05 0.000454997 7.1087e-05
70080.000 0.00046889 2.92149e-05 0.000462278 2.82655e-05
70100.000 0.000460221 3.41575e-05 0.000474921 3.8678e-05
70120.000 0.000452556 7.01693e-05 0.000479044 6.46026e-05
70140.000 0.000458125 5.47827e-05 0.000464053 1.62575e-05
70160.000 0.000463036 4.68416e-05 0.000474622 6.92715e-05
70180.000 0.000449123 5.84994e-05 0.000466235 7.01314e-05
70200.000 0.000461114 3.91596e-05 0.000476218 4.66631e-05
70220.000 0.000447498 3.09333e-05 0.000486813 2.6117e-05
70240.000 0.000474018 8.95993e-06 0.000480473 2.6221e-05
70260.000 0.000450754 -5.98328e-06 0.000471194 -1.0135e-05
70280.000 0.00046395 -1.97015e-05 0.000474236 -1.85523e-05
70300.000 0.000449684 -3.06016e-05 0.000489311 -1.58235e-05
70320.000 0.000457869 -3.78683e-05 0.000472157 -3.20532e-05
70340.000 0.000428637 5.86967e-05 0.000480878 5.41514e-05
70360.000 0.000470237 3.04075e-05 0.000468047 4.89084e-05
70380.000 0.000476456 2.10605e-05 0.000483657 -8.48793e-06
70400.000 0.000454079 -4.81466e-05 0.000471474 -3.21456e-05
70420.000 0.000458595 6.74092e-06 0.000488394 -1.16835e-05
70440.000 0.000443258 -5.51615e-05 0.000469759 -4.99496e-05
70460.000 0.0004889 -7.838e-05 0.000501688 -6.66378e-05
70480.000 0.000530748 -2.91575e-05 0.00055647 -3.40542e-05
70500.000 0.0005177 -2.88993e-05 0.000553167 -7.42354e-05
70520.000 0.000513402 -2.927e-05 0.000558313 -5.09575e-05
70540.000 0.000540359 -5.27718e-05 0.000527253 -7.45669e-05
70560.000 0.000531362 -5.809e-05 0.000529259 -5.35347e-05
70580.000 0.000537064 -4.40374e-05 0.000538064 -2.01808e-05
70600.000 0.000534815 -6.23102e-05 0.000540084 -8.23321e-05
70620.000 0.000507561 -9.47407e-05 0.000536151 -0.000100813
70640.000 0.000537403 -8.53522e-05 0.000534309 -8.12055e-05
70660.000 0.000527737 -9.86912e-05 0.000536473 -9.95066e-05
70680.000 0.000517355 -0.000120822 0.000519927 -0.000126743
70700.000 0.000524006 -0.000137028 0.000518487 -0.000139427
70720.000 0.000503717 -0.000103934 0.000524035 -0.00010973
70740.000 0.000497763 -0.000139817 0.00051473 -0.000144735
70760.000 0.000488333 -0.000183007 0.00050437 -0.000175086
70780.000 0.000490874 -0.000116425 0.000541766 -0.000123353
70800.000 0.000506368 -0.000131273 0.0005213 -0.000129309
70820.000 0.00048792 -0.000128728 0.000513026 -0.000154067
70840.000 0.000497958 -0.000150983 0.000499298 -0.000156736
70860.000 0.000497286 -0.000146724 0.000505912 -0.000154943
70880.000 0.000495496 -0.000135282 0.000507573 -0.000153406
70900.000 0.000473276 -0.00015825 0.000512385 -0.000156608
70920.000 0.000460784 -0.000191148 0.000509697 -0.000181839
70940.000 0.000463104 -0.000172651 0.000491429 -0.000191495
70960.000 0.00045985 -0.000178164 0.000482137 -0.000177483
% Warning: sampling overrun detected
70980.000 0.000449764 -0.000213419 0.000477386 -0.000233601
71000.000 0.000458101 -0.000173081 0.000488092 -0.000161737
71020.000 0.000446094 -0.000215404 0.000464339 -0.000224601
71040.000 0.000438505 -0.000216056 0.00045638 -0.000239661
71060.000 0.000435105 -0.000216836 0.000462013 -0.000208043
71080.000 0.000406579 -0.000263767 0.000347421 -0.0003382
71100.000 0.00030128 -0.000348446 0.000220456 -0.000497377
71120.000 0.000321623 -0.000368017 0.000225043 -0.000465534
71140.000 0.000347443 -0.000339389 0.00026483 -0.000415951
71160.000 0.000311566 -0.000364607 0.000243412 -0.000453286
71180.000 0.000261704 -0.000393384 0.000216344 -0.000477659
71200.000 0.000286621 -0.000381093 0.000248393 -0.000449585
71220.000 0.000257944 -0.000408259 0.000221188 -0.000468152
71240.000 0.000231607 -0.000418867 0.000228669 -0.000451928
71260.000 0.000241408 -0.000385254 0.000243398 -0.000466293
71280.000 0.000190571 -0.000311111 0.000203919 -0.000356765
71300.000 0.00013686 -0.000319637 0.000146702 -0.000319054
71320.000 0.000196893 -0.000361911 0.000188124 -0.000382719
71340.000 0.000256875 -0.000392171 0.000243068 -0.000442945
71360.000 0.000255406 -0.000404364 0.00021798 -0.000441811
71380.000 0.000229083 -0.000408579 0.000213488 -0.000438071
71400.000 0.000223041 -0.000267236 0.000235341 -0.00030361
71420.000 0.000287842 -0.000320396 0.000314004 -0.000397066
71440.000 0.000302919 -0.00038585 0.000324831 -0.000405948
71460.000 0.000294574 -0.000383084 0.000292178 -0.00042539
71480.000 0.000275979 -0.00041126 0.000266196 -0.000424588
71500.000 0.000307618 -0.000377388 0.000314102 -0.000408037
71520.000 0.000285538 -0.000374846 0.000289674 -0.000404421
71540.000 0.000246585 -0.000407276 0.000246124 -0.000432893
71560.000 0.00025347 -0.00042182 0.000264793 -0.000419558
% Warning: sampling overrun detected
71580.000 0.000261736 -0.000388096 0.000255314 -0.000429808
71600.000 0.000235995 -0.000414116 0.000232973 -0.000431739
71620.000 0.00026898 -0.000412142 0.000264172 -0.000415873
71640.000 0.000245696 -0.000418297 0.000256615 -0.000436354
71660.000 0.000226613 -0.00044508 0.000246066 -0.000471697
71680.000 0.000220023 -0.000428673 0.000236122 -0.000467734
71700.000 0.000212832 -0.000427451 0.000214723 -0.00046117
71720.000 0.000187106 -0.000426802 0.000235583 -0.000469823
71740.000 0.000201214 -0.000426964 0.000217597 -0.0004625
71760.000 0.000221434 -0.00043626 0.000207595 -0.000476353
71780.000 0.000203708 -0.00043674 0.000227403 -0.000450899
71800.000 0.00020896 -0.000452261 0.000193777 -0.000462094
71820.000 0.000178779 -0.000450386 0.000204437 -0.000469548
71840.000 0.000182695 -0.000464759 0.000191746 -0.000457512
71860.000 0.000155184 -0.000466963 0.00015269 -0.000493212
71880.000 0.000180189 -0.000451113 0.000184316 -0.000504473
71900.000 0.000175639 -0.000442317 0.000184428 -0.000475584
71920.000 0.000157127 -0.000467069 0.000162816 -0.000486132
71940.000 0.000155679 -0.000480959 0.000161349 -0.000497775
71960.000 0.000141145 -0.000472032 0.00015992 -0.000504673
71980.000 0.000118084 -0.000479446 0.000137481 -0.000522898
72000.000 0.000144632 -0.000481594 0.000163237 -0.00049907
72020.000 0.000143137 -0.000485385 0.000144407 -0.000495112
72040.000 0.000123133 -0.000481952 0.000153932 -0.00049254
72060.000 0.000153552 -0.000458845 0.000167377 -0.000487896
72080.000 0.00013205 -0.000476419 0.000130032 -0.000516122
72100.000 0.000176666 -0.000469478 0.000168954 -0.000496857
72120.000 9.98292e-05 -0.000488873 9.32344e-05 -0.00049502
72140.000 0.000106611 -0.000501778 0.000110196 -0.000508459
72160.000 9.62741e-05 -0.000482086 9.13666e-05 -0.000511466
72180.000 0.000109282 -0.000488517 0.000101239 -0.000504738
72200.000 0.000100744 -0.000504662 0.000106286 -0.000517367
72220.000 8.71709e-05 -0.000481104 9.58438e-05 -0.000500163
72240.000 4.8534e-05 -0.00048534 6.60702e-05 -0.000515836
72260.000 8.37339e-05 -0.000480017 7.80278e-05 -0.000524155
72280.000 6.0163e-05 -0.000476571 5.04708e-05 -0.000532781
72300.000 5.0587e-05 -0.000492738 3.90938e-05 -0.000535163
72320.000 5.68738e-05 -0.000490057 7.40139e-05 -0.000518822
72340.000 7.38527e-05 -0.000496627 8.66456e-05 -0.00050406
72360.000 5.75716e-05 -0.000490763 6.38704e-05 -0.000519779
72380.000 1.86384e-05 -0.000495215 2.4799e-05 -0.000532994
72400.000 3.07218e-05 -0.000502367 5.02858e-05 -0.000534442
72420.000 2.41387e-05 -0.00047854 5.01894e-05 -0.000527782
72440.000 4.09822e-05 -0.000506296 4.04577e-05 -0.000518406
72460.000 -2.2132e-05 -0.000498329 -3.36721e-05 -0.000507721
72480.000 2.17318e-05 -0.000504675 1.1069e-05 -0.00050291
72500.000 1.29811e-05 -0.000474622 3.91189e-06 -0.000518499
72520.000 -4.85387e-06 -0.000505807 -6.63987e-07 -0.000507935
72540.000 1.92899e-05 -0.00050153 1.61104e-06 -0.000526108
72560.000 -2.77436e-05 -0.000507373 -2.80042e-05 -0.000524247
72580.000 7.25965e-06 -0.000495037 1.59011e-05 -0.000527111
72600.000 -1.1882e-05 -0.000518964 -2.46628e-05 -0.000524861
72620.000 -5.44695e-05 -0.000481539 -2.5422e-05 -0.00052636
72640.000 -5.3218e-05 -0.000478239 -6.36155e-05 -0.000495479
72660.000 -4.86114e-05 -0.00049239 -6.68515e-05 -0.000497153
72680.000 -8.03138e-05 -0.000473539 -6.93207e-05 -0.000514194
72700.000 -6.62501e-05 -0.00048164 -6.34525e-05 -0.000514093
72720.000 -7.06324e-05 -0.000471432 -7.91911e-05 -0.000514378
72740.000 -0.000108734 -0.000463644 -0.00012768 -0.000501617
72760.000 -0.000124847 -0.000467822 -0.000131576 -0.000517283
% Warning: sampling overrun detected
72780.000 -0.000143997 -0.000469852 -0.000133948 -0.000493916
72800.000 -0.000135851 -0.000455107 -0.000130439 -0.000499955
72820.000 -0.000125271 -0.000466437 -0.000116194 -0.000495941
72840.000 -0.000113067 -0.000470836 -0.000148279 -0.00049224
72860.000 -0.000118632 -0.000472183 -0.000135654 -0.000497244
72880.000 -0.000107329 -0.000486437 -0.000118402 -0.000501711
72900.000 -0.000145163 -0.000478187 -0.000152135 -0.000495658
72920.000 -0.000185042 -0.000445727 -0.000172243 -0.000485283
72940.000 -0.000120289 -0.00047894 -0.000132172 -0.000502802
72960.000 -0.000174606 -0.000463998 -0.00020867 -0.000496146
72980.000 -0.000150081 -0.000480199 -0.000158412 -0.000519549
73000.000 -0.000149653 -0.000455362 -0.000176924 -0.000496901
73020.000 -0.000187818 -0.000470196 -0.000192097 -0.000492615
73040.000 -0.000200701 -0.000468921 -0.000210317 -0.000480064
73060.000 -0.000211132 -0.000459236 -0.000215324 -0.000482325
73080.000 -0.000185052 -0.000468217 -0.000184543 -0.000501092
73100.000 -0.000164672 -0.000480221 -0.00017882 -0.000495783
73120.000 -0.000187929 -0.000465792 -0.000190173 -0.000506666
73140.000 -0.000174985 -0.000451913 -0.000183448 -0.000485644
73160.000 -0.000189746 -0.000448412 -0.000186907 -0.000495077
73180.000 -0.000218272 -0.000445961 -0.000220309 -0.000478585
73200.000 -0.000236318 -0.000432972 -0.000245082 -0.000472072
73220.000 -0.000234846 -0.000440899 -0.000253944 -0.000469079
73240.000 -0.000211771 -0.000429261 -0.000232916 -0.000468018
73260.000 -0.000257863 -0.000425455 -0.00025292 -0.000445255
73280.000 -0.000244808 -0.00043515 -0.000254063 -0.000450368
73300.000 -0.000211622 -0.00042398 -0.000251607 -0.000470857
73320.000 -0.000258357 -0.000429255 -0.000242869 -0.0004537
73340.000 -0.000280088 -0.000423961 -0.00029517 -0.000434301
73360.000 -0.00027358 -0.000432178 -0.000299019 -0.000444899
73380.000 -0.000288898 -0.000406882 -0.000309655 -0.000420299
73400.000 -0.000268628 -0.000432796 -0.000293394 -0.000442419
73420.000 -0.000286531 -0.000405162 -0.000303176 -0.000412965
73440.000 -0.000286147 -0.000405935 -0.000292513 -0.000438157
73460.000 -0.00029008 -0.000417402 -0.000287858 -0.000446987
73480.000 -0.000307051 -0.000406127 -0.0003142 -0.00043399
73500.000 -0.000321096 -0.000392456 -0.000335501 -0.000433711
73520.000 -0.000293658 -0.000421959 -0.000337973 -0.00042153
73540.000 -0.000325598 -0.000396563 -0.000345908 -0.000409241
73560.000 -0.00033578 -0.000386328 -0.000343686 -0.000418296
73580.000 -0.000349226 -0.000385978 -0.000361603 -0.000394301
73600.000 -0.000325953 -0.000392814 -0.000343571 -0.000419348
73620.000 -0.000337285 -0.000383208 -0.000354412 -0.000381196
73640.000 -0.000363951 -0.000363552 -0.000375695 -0.000389531
73660.000 -0.000360531 -0.000359484 -0.000378239 -0.000372771
73680.000 -0.00034203 -0.000373376 -0.000369421 -0.000391898
73700.000 -0.000349425 -0.000373987 -0.000345088 -0.000391709
73720.000 -0.000351129 -0.000367864 -0.000393266 -0.000377656
73740.000 -0.000369245 -0.000348627 -0.000382334 -0.000358498
73760.000 -0.000359115 -0.00034851 -0.000397377 -0.000366308
73780.000 -0.000384684 -0.000341111 -0.000403424 -0.000361355
73800.000 -0.000373413 -0.000367968 -0.00037378 -0.000366384
73820.000 -0.000380367 -0.000344754 -0.000384799 -0.000370174
73840.000 -0.000361574 -0.000345545 -0.000377461 -0.000383769
73860.000 -0.000396842 -0.000335801 -0.000407053 -0.000352919
73880.000 -0.000377469 -0.000331261 -0.000403561 -0.00036123
73900.000 -0.000396596 -0.000322855 -0.00042248 -0.000325333
73920.000 -0.000402448 -0.000311737 -0.000420313 -0.000340748
73940.000 -0.000408974 -0.000290266 -0.000436086 -0.000319538
73960.000 -0.000413921 -0.000302222 -0.000439279 -0.00031817
73980.000 -0.000416407 -0.000303507 -0.000413368 -0.000316434
74000.000 -0.000419032 -0.000304596 -0.000448359 -0.000327566
74020.000 -0.000443995 -0.000263427 -0.000440518 -0.000276252
74040.000 -0.000415018 -0.00029134 -0.000439123 -0.000314106
74060.000 -0.000422545 -0.000277876 -0.000452478 -0.000286654
74080.000 -0.000395822 -0.000316037 -0.000426706 -0.000316018
74100.000 -0.000421469 -0.000276026 -0.000431964 -0.000277232
74120.000 -0.000417767 -0.000279128 -0.000437078 -0.000290884
74140.000 -0.000422293 -0.000280855 -0.000446901 -0.000304255
74160.000 -0.000415537 -0.000265986 -0.000454331 -0.000271577
74180.000 -0.000432106 -0.00025344 -0.000474079 -0.000280949
74200.000 -0.000463283 -0.000220083 -0.000486947 -0.000219811
74220.000 -0.0004298 -0.000253434 -0.000465496 -0.000289342
74240.000 -0.00043892 -0.000209889 -0.000491097 -0.000234141
74260.000 -0.000461528 -0.000236838 -0.000472539 -0.000237146
74280.000 -0.000446674 -0.000237913 -0.000479405 -0.00025473
74300.000 -0.000459615 -0.000206067 -0.000477518 -0.000239622
74320.000 -0.000447033 -0.000205906 -0.000476599 -0.000223446
74340.000 -0.000466546 -0.000191354 -0.000497697 -0.000197669
74360.000 -0.000459002 -0.000186473 -0.000481166 -0.000202294
74380.000 -0.000467449 -0.000166791 -0.000480931 -0.000157411
74400.000 -0.000465859 -0.00019651 -0.000478022 -0.000185059
74420.000 -0.000455557 -0.000193067 -0.00049135 -0.000209424
74440.000 -0.000465737 -0.000200658 -0.000480406 -0.000213664
74460.000 -0.00045095 -0.000189196 -0.000474555 -0.000197122
74480.000 -0.000458935 -0.000172802 -0.000492947 -0.000183446
74500.000 -0.000464329 -0.00017568 -0.00049283 -0.000185897
74520.000 -0.000472831 -0.000155378 -0.000504402 -0.000162979
74540.000 -0.000459716 -0.000146557 -0.000494422 -0.000176963
74560.000 -0.00046328 -0.000159549 -0.000497413 -0.000160458
% Warning: sampling overrun detected
74580.000 -0.000472894 -0.000134064 -0.000493954 -0.00012966
74600.000 -0.000501858 -8.18244e-05 -0.000523368 -8.74043e-05
74620.000 -0.000472823 -0.000130001 -0.000496925 -0.000141096
74640.000 -0.000484035 -8.92233e-05 -0.000517947 -9.95254e-05
74660.000 -0.000478791 -0.000118303 -0.000500392 -0.000126771
74680.000 -0.000489763 -9.44392e-05 -0.00052522 -0.000100429
74700.000 -0.00049978 -0.000102691 -0.000506964 -0.000109523
74720.000 -0.000498348 -0.000105946 -0.000521769 -7.85401e-05
74740.000 -0.000489777 -9.37838e-05 -0.00049839 -0.00010078
74760.000 -0.000503833 -6.34407e-05 -0.000525063 -5.81601e-05
74780.000 -0.000495902 -0.000110494 -0.000526774 -8.92932e-05
74800.000 -0.000484468 -4.55314e-05 -0.000526318 -4.98834e-05
74820.000 -0.000498192 -1.39098e-05 -0.000525345 -4.88944e-05
74840.000 -0.000504745 -5.07993e-05 -0.00052634 -5.43102e-05
74860.000 -0.000497096 -5.93053e-05 -0.000529412 -6.44399e-05
74880.000 -0.00051242 1.15253e-05 -0.000535122 3.48675e-06
74900.000 -0.000510853 -2.21238e-05 -0.000531221 -4.03711e-05
74920.000 -0.000512081 -4.31908e-05 -0.000537363 -2.36391e-05
74940.000 -0.000495035 -6.05008e-06 -0.000540956 -7.42429e-06
74960.000 -0.000507322 -2.50429e-05 -0.000524567 -1.94406e-05
74980.000 -0.000505134 -9.49712e-06 -0.000532879 -1.85308e-05
75000.000 -0.000515874 2.40014e-06 -0.00053497 -1.70589e-05
75020.000 -0.000507858 2.06225e-05 -0.000535627 3.83877e-06
75040.000 -0.000512125 8.66703e-06 -0.000541389 1.80547e-05
75060.000 -0.000501149 1.47306e-05 -0.000547756 1.3206e-05
75080.000 -0.00051271 4.77405e-05 -0.000545997 2.13149e-05
75100.000 -0.000511021 4.25944e-05 -0.000536208 3.85642e-05
75120.000 -0.000520081 5.23481e-05 -0.000529079 5.5117e-05
75140.000 -0.000512053 6.05394e-05 -0.00053496 7.85344e-05
75160.000 -0.000518285 2.94619e-05 -0.000545212 5.24402e-05
% Warning: sampling overrun detected
75180.000 -0.000530307 6.2975e-05 -0.000556491 4.63521e-05
75200.000 -0.000529727 8.19017e-05 -0.000545152 7.85542e-05
75220.000 -0.000525293 6.35854e-05 -0.000537054 7.1022e-05
% Warning: sampling overrun detected
75240.000 -0.000510888 9.69988e-05 -0.000542331 0.000104101
% Warning: sampling overrun detected
75260.000 -0.000518148 8.57351e-05 -0.000545583 0.000109648
% Warning: sampling overrun detected
75280.000 -0.000539045 9.70414e-05 -0.0005477 9.06125e-05
75300.000 -0.000500668 0.000134564 -0.000531441 0.000135425
75320.000 -0.000504696 0.000158964 -0.00051196 0.000180658
75340.000 -0.000514108 0.000135679 -0.000520737 0.00015065
% Warning: sampling overrun detected
75360.000 -0.000524171 0.000110299 -0.000555853 0.000103718
75380.000 -0.000494808 0.000174322 -0.000518653 0.00017873
75400.000 -0.000495267 0.000162758 -0.00053164 0.000163437
% Warning: sampling overrun detected
75420.000 -0.000505701 0.000165644 -0.000528064 0.000198062
% Warning: sampling overrun detected
75440.000 -0.000493756 0.000194487 -0.000494944 0.00018815
% Warning: sampling overrun detected
75460.000 -0.000500805 0.000156282 -0.000524203 0.000173246
% Warning: sampling overrun detected
75480.000 -0.000497244 0.000174381 -0.00050071 0.000190166
75500.000 -0.000504199 0.000145105 -0.000529609 0.000165979
75520.000 -0.000500176 0.000192282 -0.000527029 0.000199366
% Warning: sampling overrun detected
75540.000 -0.000500635 0.000169156 -0.000517889 0.000171135
% Warning: sampling overrun detected
75560.000 -0.000478295 0.00020803 -0.000500906 0.000192988
% Warning: sampling overrun detected
75580.000 -0.000490862 0.00019417 -0.000532658 0.000218196
% Warning: sampling overrun detected
75600.000 -0.000475798 0.00019969 -0.000519002 0.000199005
% Warning: sampling overrun detected
75620.000 -0.000502956 0.000179006 -0.000518133 0.000175519
% Warning: sampling overrun detected
75640.000 -0.000494129 0.000231921 -0.000487538 0.000242538
75660.000 -0.000504354 0.000198943 -0.000509819 0.000214788
75680.000 -0.000492618 0.000186382 -0.000525349 0.000202248
75700.000 -0.000481124 0.000229439 -0.000497856 0.000236168
75720.000 -0.000490302 0.000217317 -0.00051622 0.000230329
75740.000 -0.000484226 0.000231685 -0.000505698 0.000248425
75760.000 -0.000467964 0.000254393 -0.000495558 0.000257242
75780.000 -0.000484094 0.000255064 -0.000493473 0.000284634
75800.000 -0.000463818 0.000245935 -0.000492383 0.000258638
75820.000 -0.000460134 0.000306219 -0.000478302 0.000302953
75840.000 -0.000459888 0.000295838 -0.000484229 0.000282977
75860.000 -0.000460763 0.000280011 -0.00048661 0.000289864
75880.000 -0.000458018 0.000310887 -0.000477436 0.000315814
75900.000 -0.000465319 0.000310157 -0.000468632 0.000304972
75920.000 -0.000454213 0.000321786 -0.000490164 0.000338145
75940.000 -0.000461179 0.000274783 -0.000475243 0.000313652
75960.000 -0.000463651 0.000312855 -0.000486993 0.000316584
75980.000 -0.000456962 0.000307827 -0.00046375 0.000320069
76000.000 -0.000459849 0.000309145 -0.000463628 0.000299513
76020.000 -0.000474424 0.000288664 -0.000472815 0.000293946
76040.000 -0.000435478 0.000314093 -0.000456702 0.00033996
76060.000 -0.000438422 0.000335619 -0.000439464 0.000338265
76080.000 -0.000436592 0.000339255 -0.000435113 0.000347711
76100.000 -0.000438614 0.000334646 -0.000461887 0.00032559
76120.000 -0.000416838 0.000329958 -0.00043425 0.000353235
76140.000 -0.000376234 0.000370082 -0.000397283 0.00039195
76160.000 -0.000407751 0.000356653 -0.000419265 0.000387209
76180.000 -0.000378132 0.000374106 -0.000397128 0.000395353
76200.000 -0.000400891 0.000366818 -0.00042174 0.000375362
76220.000 -0.000388861 0.000359273 -0.000429614 0.000369322
76240.000 -0.000379726 0.000370984 -0.000405969 0.000391653
76260.000 -0.000407072 0.000371716 -0.000422837 0.000383886
76280.000 -0.000381426 0.000400131 -0.000399525 0.000420325
76300.000 -0.000352838 0.000396401 -0.000394569 0.000413827
76320.000 -0.000344546 0.000428843 -0.000347207 0.000444971
76340.000 -0.000341381 0.000404737 -0.000353763 0.00043514
76360.000 -0.000317026 0.000433549 -0.00036982 0.000438463
% Warning: sampling overrun detected
76380.000 -0.000351869 0.000398379 -0.000368013 0.000456453
% Warning: sampling overrun detected
76400.000 -0.000342704 0.000407845 -0.000378566 0.000430221
% Warning: sampling overrun detected
76420.000 -0.000333545 0.000426559 -0.000349284 0.000418206
% Warning: sampling overrun detected
76440.000 -0.000329563 0.000406781 -0.000345651 0.000443012
% Warning: sampling overrun detected
76460.000 -0.000327232 0.000441776 -0.000337064 0.00047029
% Warning: sampling overrun detected
76480.000 -0.000287176 0.000450296 -0.00029534 0.00045748
% Warning: sampling overrun detected
76500.000 -0.000307425 0.000436515 -0.000318962 0.000460161
% Warning: sampling overrun detected
76520.000 -0.000280117 0.000448213 -0.000281644 0.000477079
% Warning: sampling overrun detected
76540.000 -0.000262247 0.000464789 -0.000293031 0.00049844
% Warning: sampling overrun detected
76560.000 -0.000277 0.000454662 -0.000273333 0.000480492
% Warning: sampling overrun detected
76580.000 -0.000253329 0.000462858 -0.000266198 0.000493726
% Warning: sampling overrun detected
76600.000 -0.000256219 0.000471418 -0.000260127 0.000490719
% Warning: sampling overrun detected
76620.000 -0.000267179 0.000466471 -0.000262141 0.000475018
% Warning: sampling overrun detected
76640.000 -0.000238435 0.000466033 -0.000250131 0.000495581
76660.000 -0.000204824 0.000488539 -0.000217604 0.000505879
% Warning: sampling overrun detected
76680.000 -0.000271283 0.000457049 -0.000284175 0.000477002
% Warning: sampling overrun detected
76700.000 -0.000242464 0.00046638 -0.000278336 0.000487031
% Warning: sampling overrun detected
76720.000 -0.00022193 0.000493186 -0.00023292 0.000521891
% Warning: sampling overrun detected
76740.000 -0.000230392 0.000491923 -0.000243251 0.000529583
% Warning: sampling overrun detected
76760.000 -0.000211196 0.000475877 -0.000222979 0.000527195
% Warning: sampling overrun detected
76780.000 -0.000234696 0.000489086 -0.000250359 0.000509255
% Warning: sampling overrun detected
76800.000 -0.000190785 0.00049892 -0.000178922 0.000530879
% Warning: sampling overrun detected
76820.000 -0.000165516 0.00050829 -0.000187146 0.000539165
% Warning: sampling overrun detected
76840.000 -0.000196179 0.000511026 -0.000199548 0.000533483
% Warning: sampling overrun detected
76860.000 -0.000186967 0.000508119 -0.00020684 0.000544598
% Warning: sampling overrun detected
76880.000 -0.000165479 0.000525546 -0.000182693 0.00055138
% Warning: sampling overrun detected
76900.000 -0.000189833 0.000494139 -0.000194302 0.000531436
% Warning: sampling overrun detected
76920.000 -0.000230754 0.000493694 -0.000244365 0.000513809
% Warning: sampling overrun detected
76940.000 -0.000181765 0.000509181 -0.00017746 0.000538548
% Warning: sampling overrun detected
76960.000 -0.0001558 0.000508645 -0.000166149 0.000544082
% Warning: sampling overrun detected
76980.000 -0.000149143 0.000522833 -0.000172349 0.000555248
77000.000 -0.000123151 0.000535833 -0.000139578 0.000552647
77020.000 -0.000143128 0.000514715 -0.000129326 0.000556609
77040.000 -0.000113355 0.000523741 -0.000120585 0.000565105
77060.000 -0.000106964 0.000527496 -0.000118651 0.000551776
77080.000 -0.000110529 0.000542205 -0.000114841 0.000579013
77100.000 -0.000107296 0.00052105 -0.00010935 0.000557525
77120.000 -9.64277e-05 0.000537532 -0.000111992 0.000553253
77140.000 -7.71435e-05 0.000531814 -9.14617e-05 0.000560899
77160.000 -7.82027e-05 0.000553587 -9.14182e-05 0.000569207
77180.000 -6.03598e-05 0.000541336 -6.63817e-05 0.000548152
77200.000 -7.76395e-05 0.000533762 -7.18096e-05 0.00057854
77220.000 -9.23716e-05 0.000549254 -8.6436e-05 0.000564106
77240.000 -7.59815e-05 0.000544139 -4.52293e-05 0.000579762
77260.000 -3.04607e-05 0.000557368 -5.55472e-05 0.000576256
77280.000 -4.87995e-05 0.000539796 -7.2629e-05 0.000587631
77300.000 -3.33911e-05 0.000549502 -4.38833e-05 0.00059841
77320.000 -4.71563e-05 0.000556477 -7.67987e-05 0.00058104
77340.000 -5.84534e-05 0.000559659 -4.00348e-05 0.000578808
77360.000 -2.8142e-06 0.000545623 -1.7896e-05 0.000577251
77380.000 -1.6106e-05 0.000546944 -6.54144e-06 0.000584937
77400.000 -8.76225e-06 0.00055368 -6.48451e-06 0.000594984
77420.000 1.05362e-05 0.000557067 1.82447e-05 0.000593525
77440.000 8.09788e-06 0.000547175 2.22617e-05 0.000581249
77460.000 5.91273e-06 0.000547993 1.44997e-05 0.000580095
77480.000 2.60122e-05 0.000537411 1.80543e-05 0.000582296
77500.000 1.25931e-05 0.000543486 1.25793e-05 0.000599925
77520.000 3.62815e-05 0.000555522 1.23733e-05 0.000584249
77540.000 3.36794e-05 0.000553684 1.6618e-05 0.00057676
77560.000 4.68468e-05 0.000543179 5.60158e-05 0.000580894
77580.000 4.70919e-05 0.000533911 3.71944e-05 0.000573961
77600.000 6.3278e-05 0.000523038 7.2872e-05 0.000576587
77620.000 7.36624e-05 0.000550939 8.94989e-05 0.000570867
77640.000 6.75617e-05 0.000533712 9.25176e-05 0.000565574
77660.000 8.95359e-05 0.000537781 0.000104413 0.000569383
77680.000 5.57892e-05 0.000538862 6.21901e-05 0.000594521
77700.000 8.46987e-05 0.000528756 8.47976e-05 0.00056462
77720.000 5.35637e-05 0.000535052 5.97656e-05 0.000577563
77740.000 6.89438e-05 0.000527917 9.54753e-05 0.00057242
77760.000 7.44855e-05 0.000532117 6.83731e-05 0.000557506
77780.000 0.000109418 0.000528154 0.000113057 0.000567478
77800.000 7.91639e-05 0.000530225 9.69928e-05 0.000574956
77820.000 7.14554e-05 0.00053329 8.60684e-05 0.000552274
77840.000 0.000106431 0.000528931 0.000103689 0.000567941
77860.000 6.66652e-05 0.000532663 8.21742e-05 0.000553663
77880.000 9.79819e-05 0.000514634 9.32606e-05 0.000572996
77900.000 0.000111267 0.000519289 0.000108762 0.000528663
77920.000 0.000112152 0.000504551 0.000128564 0.000550966
77940.000 0.000149632 0.00049211 0.000150294 0.000542642
77960.000 0.000155589 0.00049388 0.00017245 0.000530053
77980.000 0.000130207 0.000516591 0.000166005 0.0005196
78000.000 0.00016162 0.000505722 0.000174231 0.000527074
78020.000 0.000136218 0.000520684 0.000160117 0.000560307
78040.000 0.000187679 0.000485241 0.000183745 0.000535512
78060.000 0.000179821 0.000488086 0.000206692 0.000522166
78080.000 0.000183855 0.000471771 0.000204004 0.000517615
78100.000 0.000175047 0.000494082 0.000196801 0.000524931
78120.000 0.000164148 0.000478561 0.000190423 0.000512785
78140.000 0.000193107 0.000482109 0.000190466 0.000501602
78160.000 0.000228793 0.000448888 0.000228051 0.000493889
78180.000 0.000199281 0.000460511 0.000215704 0.000490929
78200.000 0.000200465 0.000459298 0.000203934 0.00049234
78220.000 0.000196634 0.000458751 0.000202417 0.000497714
78240.000 0.000196822 0.000458152 0.000225152 0.000499607
78260.000 0.0002338 0.000440286 0.000246333 0.00045863
78280.000 0.000213795 0.000452541 0.000227668 0.000480976
78300.000 0.000197518 0.000460969 0.00022273 0.000469921
78320.000 0.000214918 0.000442995 0.000241991 0.000483395
78340.000 0.000227453 0.000441364 0.000235089 0.000465475
78360.000 0.000205306 0.000440621 0.000207135 0.000473345
78380.000 0.000256608 0.000426656 0.000251295 0.000449812
78400.000 0.000209885 0.000442014 0.000220867 0.000472238
78420.000 0.000234755 0.000418763 0.000251069 0.000469354
78440.000 0.000232855 0.000430437 0.000243353 0.000447739
78460.000 0.000254416 0.000422525 0.000275898 0.00044658
78480.000 0.000259508 0.000416282 0.00028925 0.00042598
78500.000 0.000277332 0.000417737 0.000281545 0.000439017
78520.000 0.000292071 0.000388572 0.00032629 0.00042145
78540.000 0.000306223 0.000375201 0.000318642 0.000398496
78560.000 0.000292063 0.000381254 0.000328927 0.000399265
78580.000 0.00031599 0.000380382 0.000346983 0.000393489
78600.000 0.00029485 0.000388644 0.00032613 0.000417652
78620.000 0.000295357 0.00037111 0.000334537 0.000398293
78640.000 0.000335684 0.000331462 0.000364564 0.00038501
78660.000 0.000318327 0.000365003 0.000345785 0.000381473
78680.000 0.000328691 0.000345665 0.000346592 0.000377189
78700.000 0.000347424 0.000329472 0.000384377 0.000373229
78720.000 0.000360524 0.000335279 0.000366291 0.000369077
78740.000 0.000330852 0.000359974 0.000363451 0.000390689
78760.000 0.000362391 0.000329925 0.000398792 0.000352623
% Warning: sampling overrun detected
78780.000 0.000357836 0.000342599 0.000397492 0.000372464
78800.000 0.000365943 0.000331562 0.000386675 0.000353953
78820.000 0.000367995 0.000328634 0.000393826 0.000348418
78840.000 0.000362873 0.000314339 0.000406193 0.000345315
78860.000 0.000373158 0.000298541 0.000405581 0.00033996
78880.000 0.000366483 0.000327903 0.000387315 0.000351101
78900.000 0.00040963 0.000284547 0.000426561 0.000309038
78920.000 0.000406257 0.000284253 0.000450437 0.000309904
78940.000 0.0003816 0.000318884 0.000418086 0.000343151
78960.000 0.000406377 0.00031048 0.000424938 0.000313747
78980.000 0.000428585 0.000294264 0.000441828 0.000322577
79000.000 0.000402443 0.000285433 0.000443237 0.000318407
79020.000 0.000413867 0.000293929 0.000450876 0.000334805
79040.000 0.000424012 0.00028402 0.000433616 0.00032296
79060.000 0.00041136 0.000293222 0.000475023 0.000317046
79080.000 0.000410047 0.000293313 0.000434457 0.000312243
79100.000 0.000411643 0.000276588 0.000455836 0.000288693
79120.000 0.000441128 0.000262299 0.000444815 0.000285874
79140.000 0.000432847 0.00028949 0.000447183 0.000298776
79160.000 0.000418877 0.000276617 0.000467411 0.000302684
79180.000 0.00046538 0.000257125 0.000512276 0.000285895
79200.000 0.000475955 0.000232721 0.000519193 0.000249536
79220.000 0.000440562 0.000251863 0.000512778 0.000280349
79240.000 0.000469425 0.000231814 0.000513085 0.00025724
79260.000 0.000456035 0.00022314 0.000513926 0.000224389
79280.000 0.000478688 0.000212438 0.000504224 0.000248461
79300.000 0.000490962 0.000231139 0.000522608 0.000247305
79320.000 0.000459542 0.000218167 0.000484667 0.000257519
79340.000 0.000471201 0.000200188 0.00052909 0.000221213
79360.000 0.000480758 0.000204666 0.000504255 0.000232867
79380.000 0.000487823 0.000155953 0.000542216 0.000176334
79400.000 0.000503792 0.000150063 0.000527433 0.000191134
79420.000 0.000490455 0.000177294 0.00053495 0.000161311
79440.000 0.000489937 0.00018838 0.000518206 0.000186188
79460.000 0.000496777 0.000152842 0.000529617 0.000168976
79480.000 0.000489029 0.000134304 0.000518206 0.000158474
79500.000 0.000504761 0.000129879 0.000538583 0.000144633
79520.000 0.000509095 9.79907e-05 0.000545496 0.00012534
79540.000 0.000504691 0.000106342 0.000535442 0.000128129
79560.000 0.000487257 0.000118147 0.000527079 0.000117127
79580.000 0.000480459 0.000121999 0.000543148 0.000111411
79600.000 0.000518482 8.75761e-05 0.000558625 9.23546e-05
79620.000 0.000510313 8.52045e-05 0.000547979 9.31819e-05
79640.000 0.000516115 9.2658e-05 0.000557633 9.70178e-05
79660.000 0.000493291 0.000111272 0.000525593 0.000112591
79680.000 0.000510213 0.000129176 0.000552359 0.000106749
79700.000 0.000503799 0.000117864 0.000524071 0.0001081
79720.000 0.000504344 4.50772e-05 0.000541487 7.64339e-05
79740.000 0.000519774 2.72856e-05 0.00055528 2.76422e-05
79760.000 0.000508052 5.45712e-05 0.000555535 3.53085e-05
79780.000 0.000533133 4.79394e-05 0.000568882 5.61045e-05
79800.000 0.00051953 4.2015e-05 0.000569628 5.60831e-05
79820.000 0.000518622 6.68119e-05 0.000544923 6.41934e-05
79840.000 0.000505634 3.20865e-06 0.00056867 5.94072e-06
79860.000 0.000537486 5.9356e-05 0.000549874 5.69951e-05
79880.000 0.00051453 1.00834e-05 0.00055061 -4.46448e-06
79900.000 0.000513663 1.10484e-05 0.000558373 1.79142e-05
79920.000 0.000523909 1.1961e-05 0.000565223 2.13287e-05
79940.000 0.000505633 -9.04098e-06 0.000553678 -1.14997e-05
79960.000 0.000514446 -2.02911e-05 0.000559132 -3.04685e-05
79980.000 0.000509807 -2.3775e-05 0.000563685 -1.91592e-05
80000.000 0.000529596 -4.07406e-06 0.000570704 -6.57974e-06
80020.000 0.000513513 -1.54556e-05 0.000559211 9.35502e-07
80040.000 0.000521604 -1.22605e-05 0.000561773 5.61053e-06
80060.000 0.000521834 -1.69212e-06 0.000569347 -1.37202e-05
80080.000 0.000511775 -1.8105e-05 0.000566824 -7.62764e-06
80100.000 0.00052335 -1.28703e-05 0.000561833 -2.52623e-06
80120.000 0.000509464 -2.52895e-05 0.000568635 -1.43537e-05
80140.000 0.000517246 5.54004e-07 0.000549669 1.07667e-06
80160.000 0.000513024 -5.52073e-05 0.00054548 -6.71157e-05
80180.000 0.000500588 -7.97399e-05 0.000533445 -6.92214e-05
80200.000 0.000496091 -6.10557e-05 0.000552025 -6.32687e-05
80220.000 0.000499794 -2.68615e-05 0.000544191 -6.4992e-05
80240.000 0.000481169 -2.09784e-05 0.000548353 -3.38437e-05
80260.000 0.000501684 -3.67028e-05 0.000541512 -5.6685e-05
80280.000 0.000516347 -9.11106e-05 0.000547138 -9.00771e-05
80300.000 0.000506886 -7.22929e-05 0.000550054 -6.40144e-05
80320.000 0.000528206 -8.47194e-05 0.000532905 -9.24737e-05
80340.000 0.000520846 -9.26347e-05 0.000547306 -0.000102833
80360.000 0.000491356 -0.000100062 0.000545676 -0.000120608
80380.000 0.000499067 -9.96969e-05 0.000506991 -0.000130453
80400.000 0.000484778 -0.000114328 0.000530956 -0.000129102
80420.000 0.000481845 -0.000153186 0.000525838 -0.000153129
80440.000 0.00048185 -0.000112936 0.000519582 -0.000125934
80460.000 0.000487701 -0.000139541 0.000512804 -0.000152504
80480.000 0.000485058 -0.00011831 0.000519211 -0.000146491
80500.000 0.000476984 -0.00014758 0.000520594 -0.000148749
80520.000 0.000484389 -0.000151335 0.000507406 -0.000159145
80540.000 0.000468129 -0.000130233 0.000496615 -0.000148706
80560.000 0.000473823 -0.00015018 0.000510676 -0.000159833
% Warning: sampling overrun detected
80580.000 0.00044569 -0.000181069 0.000496082 -0.000175855
80600.000 0.000464196 -0.000161491 0.00050452 -0.000189466
80620.000 0.000463462 -0.000154291 0.000510041 -0.000155587
% Warning: sampling overrun detected
80640.000 0.000465667 -0.000153995 0.000503926 -0.00017716
80660.000 0.00044443 -0.000186391 0.000497857 -0.000200178
80680.000 0.000487876 -0.000155552 0.000521089 -0.000145332
% Warning: sampling overrun detected
80700.000 0.000464175 -0.00019196 0.000499618 -0.00019432
80720.000 0.000467065 -0.000163325 0.000501733 -0.000170788
80740.000 0.000442037 -0.000220993 0.000475688 -0.000227117
% Warning: sampling overrun detected
80760.000 0.000463387 -0.000192509 0.000473183 -0.000197542
% Warning: sampling overrun detected
80780.000 0.000452638 -0.000195541 0.000485826 -0.000216388
% Warning: sampling overrun detected
80800.000 0.000431447 -0.000179931 0.000465347 -0.000233666
80820.000 0.000447855 -0.000228255 0.000476811 -0.000265749
80840.000 0.000438287 -0.000223862 0.000455145 -0.000231882
80860.000 0.000439257 -0.000242419 0.000449516 -0.000237871
% Warning: sampling overrun detected
80880.000 0.000450681 -0.000214536 0.000461468 -0.000205921
% Warning: sampling overrun detected
80900.000 0.000435955 -0.000202555 0.000476879 -0.000234417
% Warning: sampling overrun detected
80920.000 0.000446435 -0.000200661 0.000477694 -0.000235072
% Warning: sampling overrun detected
80940.000 0.000425866 -0.000250554 0.000445242 -0.000260641
80960.000 0.000420727 -0.000255629 0.000446575 -0.000269733
80980.000 0.000434969 -0.000246147 0.000458762 -0.000268333
% Warning: sampling overrun detected
81000.000 0.00043767 -0.000241929 0.000450034 -0.000269862
81020.000 0.000425157 -0.000256591 0.000468616 -0.000276355
81040.000 0.000432041 -0.00028063 0.000457996 -0.000288089
% Warning: sampling overrun detected
81060.000 0.00040668 -0.000286626 0.00043878 -0.000301737
81080.000 0.000416475 -0.000303095 0.00044312 -0.000306447
81100.000 0.000423634 -0.00026954 0.000438585 -0.000290049
% Warning: sampling overrun detected
81120.000 0.000406601 -0.000287914 0.000453996 -0.000320261
% Warning: sampling overrun detected
81140.000 0.000412117 -0.000276362 0.000432516 -0.000317793
% Warning: sampling overrun detected
81160.000 0.000403406 -0.000302682 0.000432161 -0.000317469
81180.000 0.000374884 -0.000336511 0.000408716 -0.000332701
81200.000 0.000388807 -0.000309119 0.000410606 -0.00032488
81220.000 0.000383024 -0.000329383 0.000404136 -0.000364444
81240.000 0.000381835 -0.000337318 0.00040148 -0.000365084
81260.000 0.000360118 -0.000352427 0.000401022 -0.000368808
81280.000 0.00037533 -0.000336385 0.000413335 -0.000368681
81300.000 0.000372007 -0.000360528 0.000391423 -0.000374372
81320.000 0.000370073 -0.000355227 0.000399881 -0.000390253
81340.000 0.000362539 -0.000362016 0.000388679 -0.000374485
81360.000 0.000361756 -0.000372378 0.000379444 -0.000388706
81380.000 0.000372469 -0.000340106 0.000399149 -0.00039643
81400.000 0.000345723 -0.000357415 0.000384267 -0.00039093
81420.000 0.000371631 -0.000355042 0.000380937 -0.000391288
81440.000 0.000346703 -0.000405729 0.000372748 -0.000404184
81460.000 0.000370275 -0.00036797 0.000401343 -0.000376162
81480.000 0.000357384 -0.000404098 0.000369331 -0.000417545
81500.000 0.000341875 -0.000380951 0.000375916 -0.000408578
81520.000 0.000366446 -0.000374521 0.00038065 -0.000395995
81540.000 0.000333775 -0.000407715 0.000354086 -0.000434495
81560.000 0.000323388 -0.000428333 0.000352717 -0.000452193
81580.000 0.000342061 -0.000402074 0.000354401 -0.000422946
81600.000 0.000317221 -0.000427731 0.000329138 -0.000439736
81620.000 0.000297757 -0.000416941 0.000326027 -0.000463416
81640.000 0.000308279 -0.000411671 0.000322832 -0.00046113
81660.000 0.000295029 -0.000433933 0.000331015 -0.00045214
81680.000 0.000286949 -0.000424856 0.000293849 -0.000462592
81700.000 0.000271005 -0.000437102 0.000280085 -0.000475138
81720.000 0.000261689 -0.000433377 0.000310757 -0.000462253
81740.000 0.00029617 -0.000421302 0.000309201 -0.000451579
81760.000 0.000285341 -0.000423598 0.000317856 -0.000447945
% Warning: sampling overrun detected
81780.000 0.000310876 -0.000403345 0.000299715 -0.00043029
81800.000 0.00028871 -0.000414603 0.000314683 -0.000432628
81820.000 0.000328628 -0.000406171 0.000323879 -0.000421205
81840.000 0.000314371 -0.000410402 0.000306 -0.000433739
81860.000 0.000312131 -0.000405393 0.000329273 -0.000439184
81880.000 0.000316448 -0.000419408 0.00032476 -0.000441401
81900.000 0.000307592 -0.000432351 0.000317392 -0.000439065
81920.000 0.000324 -0.000403904 0.000347452 -0.000432998
81940.000 0.00031545 -0.000427623 0.000329468 -0.000402152
81960.000 0.000296371 -0.000404669 0.000311854 -0.000409271
81980.000 0.000290629 -0.000426408 0.000309444 -0.000434605
82000.000 0.000235131 -0.000452739 0.000244456 -0.000465903
82020.000 0.000252771 -0.000445361 0.000270136 -0.000489855
82040.000 0.000254983 -0.000460505 0.000269459 -0.000481259
82060.000 0.000271886 -0.000456995 0.000247811 -0.000461987
82080.000 0.000251404 -0.000450565 0.000276438 -0.000465452
82100.000 0.000236625 -0.000451052 0.000244229 -0.000470156
82120.000 0.000275204 -0.000435578 0.000280434 -0.000490089
82140.000 0.000223544 -0.000446661 0.000248048 -0.000461272
82160.000 0.000260965 -0.000432996 0.00027084 -0.000466803
82180.000 0.000271919 -0.000459215 0.00026755 -0.000456779
82200.000 0.000238121 -0.000476369 0.000256078 -0.000490617
82220.000 0.000224712 -0.000481659 0.000234847 -0.000476567
82240.000 0.000211306 -0.000463862 0.000222937 -0.00049446
82260.000 0.000175754 -0.000479324 0.000217174 -0.000514801
82280.000 0.00018318 -0.00048527 0.000204905 -0.000512389
82300.000 0.000194561 -0.000475176 0.000195425 -0.000500146
82320.000 0.000183012 -0.000486469 0.000209634 -0.000499839
82340.000 0.000178162 -0.000495459 0.000207479 -0.000511979
82360.000 0.000189343 -0.000491661 0.000199614 -0.000497311
82380.000 0.000194866 -0.00046846 0.000167985 -0.000499709
82400.000 0.000181627 -0.000478597 0.000193148 -0.000515219
82420.000 0.000159238 -0.000483295 0.00019124 -0.000511252
82440.000 0.00014022 -0.000494452 0.000152782 -0.00052483
82460.000 0.00015717 -0.000497886 0.000158512 -0.000526972
82480.000 0.000150259 -0.000485862 0.000158282 -0.000514688
82500.000 0.000166698 -0.000487017 0.000172388 -0.000523797
82520.000 0.000157194 -0.000485104 0.000151077 -0.000522794
82540.000 0.000142947 -0.000486737 0.000156171 -0.00051768
82560.000 0.000163416 -0.000491939 0.000188495 -0.000524935
82580.000 0.000130479 -0.000477187 0.000158787 -0.000514584
82600.000 8.16404e-05 -0.000495675 8.20509e-05 -0.000527214
82620.000 7.26261e-05 -0.000504569 7.16997e-05 -0.000538131
82640.000 9.63106e-05 -0.0004902 8.86029e-05 -0.000520253
82660.000 5.87184e-05 -0.000489323 7.0225e-05 -0.000512693
82680.000 0.000101072 -0.000509081 9.64876e-05 -0.000526882
82700.000 6.55352e-05 -0.000493733 8.05909e-05 -0.000517559
82720.000 8.4024e-05 -0.0004977 7.2079e-05 -0.000517798
82740.000 9.31651e-05 -0.000492383 0.00010584 -0.000510364
82760.000 6.46675e-05 -0.000471066 8.96173e-05 -0.000517438
82780.000 8.05848e-05 -0.000490495 6.78283e-05 -0.000510185
82800.000 9.29843e-05 -0.000474899 9.08252e-05 -0.000503726
82820.000 4.09222e-05 -0.000487088 4.45794e-05 -0.000504456
82840.000 5.89043e-05 -0.000493387 5.37074e-05 -0.000494069
82860.000 6.09315e-05 -0.000502186 6.55107e-05 -0.000499299
82880.000 5.89535e-05 -0.000483114 5.98961e-05 -0.000488376
82900.000 3.16088e-05 -0.000482888 1.16179e-05 -0.000488864
82920.000 4.29249e-05 -0.00048134 5.04718e-05 -0.000515782
82940.000 -1.35784e-05 -0.000490502 1.10608e-05 -0.000503448
82960.000 -6.71457e-05 -0.000469718 -7.21325e-05 -0.000497135
82980.000 -3.83253e-05 -0.000479096 -6.5714e-05 -0.000493099
83000.000 -5.95338e-05 -0.00047964 -6.42633e-05 -0.000498116
83020.000 -5.6544e-05 -0.000485786 -6.58199e-05 -0.000478448
83040.000 -6.11765e-05 -0.000470122 -8.85271e-05 -0.000492309
83060.000 -6.9831e-05 -0.000472362 -6.96988e-05 -0.000487912
83080.000 -6.49075e-05 -0.000445588 -6.45798e-05 -0.000499603
83100.000 -6.76571e-05 -0.000477762 -6.37774e-05 -0.000496875
83120.000 -9.4982e-05 -0.00047398 -8.94726e-05 -0.000507714
83140.000 -0.000102137 -0.000456401 -0.00010681 -0.000474889
83160.000 -9.3506e-05 -0.000467851 -9.53829e-05 -0.000495261
83180.000 -9.38752e-05 -0.000470373 -8.14604e-05 -0.000499668
83200.000 -0.000116628 -0.000447099 -0.000120648 -0.000481407
83220.000 -7.34907e-05 -0.000468426 -0.000108044 -0.000496676
83240.000 -9.47884e-05 -0.000457541 -9.58758e-05 -0.000485635
83260.000 -6.74181e-05 -0.000462567 -7.48267e-05 -0.000494252
83280.000 -9.50875e-05 -0.000476569 -9.52326e-05 -0.000506633
83300.000 -0.000140723 -0.000460473 -0.000141831 -0.000481712
83320.000 -0.000138214 -0.000460923 -0.000155949 -0.000490174
83340.000 -0.000115354 -0.000449669 -0.000125988 -0.000479985
83360.000 -0.000134362 -0.000482426 -0.000130884 -0.000470909
83380.000 -0.000133901 -0.000449924 -0.000158179 -0.000476642
83400.000 -0.000200502 -0.000443113 -0.000175279 -0.000455488
83420.000 -0.000135797 -0.000460632 -0.000156619 -0.000481103
83440.000 -0.000133616 -0.000455319 -0.000149677 -0.000477732
83460.000 -0.000199061 -0.000428513 -0.000212989 -0.000451245
83480.000 -0.000195951 -0.000428068 -0.000208263 -0.000469828
83500.000 -0.000174472 -0.000445149 -0.000172012 -0.000477318
83520.000 -0.000189359 -0.000437277 -0.000192985 -0.000455804
83540.000 -0.000203244 -0.000423976 -0.000206774 -0.00046331
83560.000 -0.000206579 -0.000429769 -0.000236886 -0.000468825
% Warning: sampling overrun detected
83580.000 -0.000225127 -0.000419319 -0.000236111 -0.000449001
83600.000 -0.000221575 -0.000403954 -0.000243058 -0.00045835
83620.000 -0.000217572 -0.000421969 -0.000230475 -0.000457552
83640.000 -0.000222545 -0.000424949 -0.000252767 -0.000442936
83660.000 -0.00022017 -0.00041229 -0.00023519 -0.000435703
83680.000 -0.000206427 -0.000412623 -0.000235385 -0.000426573
83700.000 -0.000212308 -0.000427222 -0.000219286 -0.000441652
83720.000 -0.000204933 -0.000407544 -0.000245996 -0.000432707
83740.000 -0.000253432 -0.000381535 -0.000266528 -0.00041154
83760.000 -0.000243748 -0.000382498 -0.00027858 -0.000409472
83780.000 -0.0002338 -0.00038323 -0.000253952 -0.000419281
83800.000 -0.000229797 -0.0003713 -0.000272092 -0.000409932
83820.000 -0.000298086 -0.000364583 -0.000317226 -0.000383363
83840.000 -0.000288683 -0.00035915 -0.000271465 -0.000414956
83860.000 -0.00031 -0.000336865 -0.000325789 -0.00037319
83880.000 -0.000274303 -0.000358181 -0.000299301 -0.000399668
83900.000 -0.000289704 -0.000363585 -0.000311717 -0.000380937
83920.000 -0.000301777 -0.000363328 -0.000315136 -0.000370501
83940.000 -0.000258333 -0.00038355 -0.000261612 -0.000417232
83960.000 -0.000261637 -0.000349046 -0.000285084 -0.000387937
83980.000 -0.000291141 -0.000347112 -0.000322371 -0.000350165
84000.000 -0.000309446 -0.000319406 -0.000356764 -0.000318962
84020.000 -0.000312244 -0.000311355 -0.000316755 -0.000327913
84040.000 -0.000296588 -0.000310912 -0.000341446 -0.000309735
84060.000 -0.000305034 -0.000299267 -0.000324499 -0.000309802
84080.000 -0.000321599 -0.000300736 -0.000343464 -0.000311672
84100.000 -0.000346423 -0.00028902 -0.000373055 -0.000325815
84120.000 -0.000333988 -0.000310655 -0.000349767 -0.000312778
84140.000 -0.000336995 -0.000314415 -0.00033572 -0.000334227
84160.000 -0.000334885 -0.000275866 -0.00036607 -0.000316797
84180.000 -0.000354836 -0.000269224 -0.000366867 -0.00026481
84200.000 -0.000359938 -0.000249853 -0.000404133 -0.000273427
84220.000 -0.000348902 -0.000262047 -0.000397185 -0.000290248
84240.000 -0.000346909 -0.000269225 -0.00038798 -0.000275075
84260.000 -0.000378837 -0.000234439 -0.000403497 -0.000250851
84280.000 -0.000369683 -0.000237899 -0.000390564 -0.000259274
84300.000 -0.00037763 -0.000237215 -0.00040193 -0.000263361
% Warning: sampling overrun detected
84320.000 -0.000367673 -0.000242507 -0.000399859 -0.000256048
84340.000 -0.000396343 -0.000209433 -0.000425314 -0.000211154
84360.000 -0.00040061 -0.000194874 -0.000445638 -0.000217858
84380.000 -0.000415351 -0.000170469 -0.000430698 -0.000188376
84400.000 -0.000408578 -0.00019372 -0.000417569 -0.000205383
84420.000 -0.000385193 -0.000209904 -0.00041448 -0.000230924
84440.000 -0.000404839 -0.000169203 -0.000446903 -0.000212508
84460.000 -0.000406376 -0.000182653 -0.000428294 -0.00019658
84480.000 -0.000405602 -0.00019451 -0.000436574 -0.0002063
84500.000 -0.00042143 -0.00017046 -0.000449423 -0.00019029
84520.000 -0.000418349 -0.000188275 -0.000420708 -0.000213321
84540.000 -0.000404461 -0.000183847 -0.000448351 -0.000192139
84560.000 -0.000413351 -0.000209136 -0.000429641 -0.000207798
84580.000 -0.000431044 -0.000152114 -0.000471868 -0.000139398
84600.000 -0.000436754 -0.000126909 -0.00047472 -0.000132374
% Warning: sampling overrun detected
84620.000 -0.000432073 -0.000139107 -0.000466616 -0.000144712
% Warning: sampling overrun detected
84640.000 -0.000432989 -9.53678e-05 -0.000470654 -0.000106935
84660.000 -0.000435285 -0.000142305 -0.000481186 -0.000171209
84680.000 -0.000439873 -0.000132368 -0.000476919 -0.000133497
84700.000 -0.000453039 -0.000110171 -0.000481224 -0.000120948
84720.000 -0.000442231 -0.000144535 -0.000478918 -0.000125927
84740.000 -0.000441129 -9.96707e-05 -0.000480705 -0.000118026
84760.000 -0.000449061 -8.7632e-05 -0.000471803 -0.000101085
84780.000 -0.000456052 -0.000122085 -0.00048273 -0.000109495
84800.000 -0.000451042 -9.64267e-05 -0.000485296 -0.000111909
84820.000 -0.000451805 -7.29739e-05 -0.000490282 -6.96359e-05
84840.000 -0.000461891 -6.63715e-05 -0.000484926 -7.98734e-05
84860.000 -0.000458646 -0.000109974 -0.000481688 -0.000103069
84880.000 -0.000449284 -8.33558e-05 -0.000486442 -0.000100659
84900.000 -0.000450819 -6.04916e-05 -0.000489909 -7.89013e-05
84920.000 -0.000452528 -7.56484e-05 -0.00048856 -8.25845e-05
84940.000 -0.00045315 -7.8631e-05 -0.000496446 -0.000104337
84960.000 -0.000432563 -4.99529e-05 -0.000492597 -7.59888e-05
84980.000 -0.000425898 -6.91211e-05 -0.000493914 -9.14765e-05
85000.000 -0.00044479 -8.66152e-05 -0.000496794 -7.43871e-05
85020.000 -0.000469773 -7.65623e-05 -0.000487727 -6.0663e-05
85040.000 -0.000460034 -7.13967e-05 -0.000479943 -7.96366e-05
85060.000 -0.000448582 -9.15714e-05 -0.000457373 -9.60948e-05
85080.000 -0.000455584 -4.30193e-05 -0.000480435 -5.86041e-05
85100.000 -0.000456575 -7.29857e-05 -0.000475826 -6.20417e-05
85120.000 -0.000436285 -2.13295e-05 -0.000491507 -2.17766e-05
85140.000 -0.000451102 -7.43775e-05 -0.000468899 -6.45608e-05
85160.000 -0.000438439 2.63091e-05 -0.000482984 2.45757e-05
85180.000 -0.000435887 -1.45104e-05 -0.000476212 1.44258e-05
85200.000 -0.000442619 2.99931e-05 -0.000466089 4.24024e-06
85220.000 -0.000437918 3.74788e-06 -0.000484003 4.14465e-06
85240.000 -0.000454905 5.66338e-06 -0.000497293 -3.66181e-06
85260.000 -0.000448554 -2.3273e-05 -0.00050527 -2.27249e-05
85280.000 -0.000462423 -3.25703e-06 -0.00050333 -1.32621e-05
85300.000 -0.000448106 9.51974e-06 -0.000490648 3.53286e-05
85320.000 -0.000451342 6.03239e-05 -0.000487336 3.96645e-05
85340.000 -0.000454706 -3.4049e-06 -0.000487726 1.86612e-05
85360.000 -0.000464775 3.10219e-05 -0.000484756 3.51175e-05
85380.000 -0.000453611 3.00218e-05 -0.000484856 3.18055e-05
85400.000 -0.000451552 4.81588e-05 -0.000482164 4.99505e-05
85420.000 -0.000464433 2.60892e-05 -0.000468102 3.99005e-05
85440.000 -0.000455449 2.04757e-05 -0.000504695 3.82019e-05
85460.000 -0.000439589 5.97289e-05 -0.000488426 6.8652e-05
85480.000 -0.000471501 0.000101148 -0.000502444 0.000101569
85500.000 -0.000462798 5.95872e-05 -0.000491006 3.87713e-05
85520.000 -0.000434787 0.000103426 -0.000487285 0.000110207
85540.000 -0.000463531 7.89099e-05 -0.000509241 6.99765e-05
85560.000 -0.000462206 5.60788e-05 -0.000513515 5.78808e-05
85580.000 -0.000465217 8.71275e-05 -0.000487784 7.41281e-05
85600.000 -0.000465814 5.08255e-05 -0.000500886 7.01607e-05
85620.000 -0.000450504 0.000103031 -0.000482051 9.58741e-05
85640.000 -0.000459172 7.26085e-05 -0.000495385 8.99118e-05
85660.000 -0.00045487 7.69007e-05 -0.000502912 6.52193e-05
85680.000 -0.000471154 7.24435e-05 -0.00047846 8.49678e-05
85700.000 -0.000461469 0.0001215 -0.000468946 0.000139209
85720.000 -0.000465116 0.000131376 -0.000484657 0.000141588
85740.000 -0.000466968 0.000122682 -0.000487395 0.000137573
85760.000 -0.000446796 0.000151453 -0.000473451 0.00015564
85780.000 -0.00045934 0.00013628 -0.00049127 0.000131533
85800.000 -0.00046259 0.000142728 -0.000468971 0.000154195
85820.000 -0.000458686 0.00012413 -0.000493407 0.000137973
85840.000 -0.000475243 0.000163899 -0.000486332 0.000166938
85860.000 -0.000453138 0.000167605 -0.000487771 0.000188748
85880.000 -0.000466551 0.000175713 -0.000500325 0.000169495
85900.000 -0.000453458 0.000210798 -0.00045898 0.000212577
85920.000 -0.000451936 0.000179195 -0.000472115 0.000185958
85940.000 -0.000464084 0.000186348 -0.000489962 0.000189809
85960.000 -0.000449906 0.000148593 -0.000505637 0.000172162
85980.000 -0.000477897 0.00019218 -0.000484205 0.000181542
86000.000 -0.000470523 0.000191589 -0.000479542 0.000173666
86020.000 -0.000457332 0.000187004 -0.000482067 0.000198764
86040.000 -0.000451944 0.000198051 -0.000497964 0.000197583
86060.000 -0.00046984 0.000167573 -0.000491341 0.000202849
86080.000 -0.0004561 0.000201239 -0.000474607 0.000194304
86100.000 -0.000450936 0.000217065 -0.000457445 0.000198942
86120.000 -0.000448926 0.000225102 -0.000463023 0.00026467
86140.000 -0.000450895 0.000214478 -0.000476357 0.00022291
86160.000 -0.000459873 0.000184 -0.000481586 0.000192613
86180.000 -0.000433974 0.000223834 -0.000472865 0.000238844
86200.000 -0.000432453 0.000228896 -0.000454507 0.000252245
86220.000 -0.000425829 0.000234932 -0.000443037 0.000248925
86240.000 -0.000422811 0.000221131 -0.00045147 0.000228655
86260.000 -0.000444369 0.000212014 -0.000445524 0.00022896
86280.000 -0.000450328 0.000219354 -0.000450831 0.000241229
86300.000 -0.000441623 0.000222312 -0.000469963 0.000219642
86320.000 -0.000410247 0.000282306 -0.000428252 0.000268335
86340.000 -0.000435054 0.000242448 -0.000439085 0.000248599
86360.000 -0.000444564 0.000215379 -0.00046957 0.000237934
86380.000 -0.000420441 0.000259962 -0.000425554 0.000262113
