% UltraMSK: version 1.0 beta 16
% Site: localhost.localdomain
% Date: 2015-01-22
% Frequency: 20900.000000 Hz
% Baud Rate: 200 Hz
% VLF Channel: 3
% PPS Channel: 4
% Jack Server: default
% Output Format: Cartesian
% End
68560.000 -0.00034468 -0.000202912 -0.000359818 -0.000164541
68580.000 -0.000395036 3.31536e-06 -0.00040236 2.43111e-05
68600.000 -0.000409418 5.50553e-05 -0.000402309 7.01099e-05
68620.000 -0.00034523 0.000212868 -0.000337998 0.000203294
68640.000 -0.000362527 0.00015458 -0.000363141 0.000134162
68660.000 -0.000388296 4.22795e-05 -0.000375337 4.08197e-05
68680.000 -0.000372607 -0.000126696 -0.000381696 -0.000131597
68700.000 -0.000359228 -0.000164371 -0.000358681 -0.000153589
68720.000 -0.000285195 -0.000289218 -0.000270434 -0.000279697
68740.000 -0.000314652 -0.000258001 -0.000308785 -0.000255022
68760.000 -0.000339431 -0.00021219 -0.000344018 -0.000231452
68780.000 -0.00029723 -0.000267759 -0.000294829 -0.000273928
68800.000 -0.000366138 -0.00019044 -0.00035664 -0.000175748
68820.000 -0.000302633 -0.000276799 -0.000298647 -0.000267963
68840.000 -0.000338646 -0.000210279 -0.000359733 -0.000205277
68860.000 -0.000384176 -0.000105065 -0.000385905 -0.00010139
68880.000 -0.00040259 7.96185e-05 -0.000412227 9.75814e-05
68900.000 -0.000419597 5.40145e-05 -0.00041697 5.96883e-05
68920.000 -0.0003954 5.47899e-05 -0.000411816 6.07767e-05
68940.000 -0.00038717 0.000103457 -0.000390557 0.00011129
68960.000 -0.000366162 0.000170637 -0.000368711 0.000165099
68980.000 -0.000394269 0.000135828 -0.000374322 0.000132075
69000.000 -0.000392504 0.000107525 -0.000380649 0.000119546
69020.000 -0.000385828 0.000125076 -0.000371828 0.00013764
69040.000 -0.000381128 0.00014625 -0.000378787 0.000120449
69060.000 -0.000382794 0.000128738 -0.000379918 0.000141193
69080.000 -0.000279354 0.000285093 -0.000274968 0.000294518
69100.000 -0.000172536 0.000368393 -0.000170073 0.000392191
69120.000 -0.000154337 0.000377917 -0.000181409 0.000387708
69140.000 -0.000109599 0.000386438 -0.000120638 0.000381511
69160.000 -9.02169e-05 0.000400264 -9.63131e-05 0.000416491
69180.000 -5.4903e-05 0.000419487 -3.91681e-05 0.000415638
69200.000 -4.9543e-05 0.000418149 -1.92375e-05 0.000423453
% Warning: sampling overrun detected
69220.000 5.75521e-05 0.000413562 6.56751e-05 0.000405476
69240.000 0.000135865 0.000406841 0.0001444 0.000407994
69260.000 0.000233379 0.000363504 0.000221864 0.000369391
69280.000 0.00021929 0.000341383 0.000212108 0.000363928
69300.000 -0.000129725 0.000380553 -0.00011763 0.000388556
69320.000 -0.000328883 0.000300137 -0.000333145 0.000296998
69340.000 -0.000419024 0.000140293 -0.000394712 0.000153253
69360.000 -0.000383177 0.000217987 -0.00037771 0.000204844
69380.000 -0.000399164 0.000168972 -0.000407988 0.000153584
69400.000 -0.000441144 9.50571e-05 -0.00042873 0.000106794
69420.000 -0.000409778 0.000131298 -0.000414128 0.00011931
69440.000 -0.000353846 0.000212464 -0.000356884 0.000225888
69460.000 -0.000361665 0.000214694 -0.000364827 0.000226275
69480.000 -0.00034131 0.000209889 -0.000338185 0.000221755
69500.000 -0.000269565 0.000307723 -0.000285849 0.000296155
69520.000 -0.000184193 0.000345661 -0.000205061 0.000383432
69540.000 -0.000185509 0.000357689 -0.000208422 0.000372676
69560.000 -0.000237411 0.000340131 -0.000229441 0.000327721
69580.000 -0.000339826 0.000251932 -0.000331206 0.000244649
69600.000 -0.000265477 0.000317978 -0.000251172 0.0003013
69620.000 -0.000352322 0.000194454 -0.000362488 0.00018419
69640.000 -0.000271734 0.000301359 -0.000282444 0.000289819
69660.000 -0.000185159 0.000349409 -0.000172342 0.000365483
69680.000 -7.16902e-05 0.000383526 -5.81178e-05 0.000371212
69700.000 -5.6976e-05 0.000408558 -7.80721e-05 0.000421473
69720.000 -0.000100381 0.000375485 -0.000118347 0.000379119
69740.000 -0.000263575 0.000278172 -0.000258518 0.000300394
69760.000 -0.000275516 0.000274329 -0.000281045 0.000284415
69780.000 -0.0002379 0.000326879 -0.000237413 0.000320949
69800.000 -0.000254556 0.00031631 -0.00025172 0.000314723
69820.000 -0.000130717 0.000370742 -0.000135702 0.000382577
69840.000 -5.64739e-05 0.000389556 -6.52904e-05 0.000377742
69860.000 0.000144331 0.000389066 0.000156871 0.000376748
69880.000 6.91839e-05 0.000395814 6.90765e-05 0.000391296
69900.000 0.000172612 0.000380881 0.000172715 0.000357208
69920.000 0.000155875 0.000368604 0.000159542 0.00037862
69940.000 0.000118911 0.0003609 0.000133989 0.000360739
69960.000 0.000161974 0.000352116 0.000150891 0.00036494
69980.000 0.000268328 0.00030203 0.000274366 0.000307896
70000.000 0.00027688 0.000307901 0.000261296 0.000327128
70020.000 0.000287281 0.000251057 0.000298034 0.000242744
70040.000 0.00037356 0.000168655 0.000367513 0.000145075
70060.000 0.0002524 0.000286686 0.000270241 0.00030892
70080.000 0.000275701 0.00026996 0.000285829 0.000281398
70100.000 0.000224842 0.000316092 0.000232875 0.000317276
70120.000 0.000219649 0.000334178 0.000232104 0.000331474
70140.000 0.000214913 0.0003285 0.000227529 0.000319494
70160.000 0.00021833 0.00033299 0.000228073 0.000316466
70180.000 0.000128407 0.000375877 0.000121655 0.000376842
70200.000 6.866e-05 0.000397073 7.35625e-05 0.000382005
70220.000 -2.68804e-05 0.000399839 -2.79766e-05 0.000389583
70240.000 3.09798e-05 0.000408931 4.49358e-05 0.000403659
70260.000 2.77085e-05 0.000389666 2.22165e-05 0.000397534
70280.000 -0.000136187 0.000362711 -0.000140132 0.000367245
70300.000 -9.81718e-05 0.000380039 -8.26616e-05 0.000389596
70320.000 -0.000104702 0.000404357 -0.000114553 0.000370555
70340.000 -0.000118897 0.000379734 -0.000116713 0.000362893
70360.000 -4.16072e-05 0.000383173 -3.85605e-05 0.000380378
70380.000 -1.39873e-05 0.000368537 -1.89789e-05 0.000383561
70400.000 -9.45461e-05 0.000371911 -9.73823e-05 0.000368714
70420.000 -0.00016627 0.000348992 -0.000184197 0.000334648
70440.000 -0.000107358 0.000372067 -0.000108509 0.000376415
70460.000 -4.79156e-05 0.000385812 -3.10307e-05 0.000398693
70480.000 0.00012144 0.000362306 0.000130249 0.00037048
70500.000 7.70903e-05 0.000390795 6.25491e-05 0.00038362
70520.000 7.50613e-05 0.000391493 8.64532e-05 0.000383952
70540.000 -3.52381e-05 0.000402431 -2.55557e-05 0.000384724
70560.000 2.91609e-05 0.000385794 7.02078e-05 0.00038528
70580.000 0.000149356 0.000340679 0.000152847 0.000367478
70600.000 0.000206621 0.000314375 0.000218533 0.000317997
70620.000 0.000355839 0.000156338 0.000352428 0.000133217
70640.000 0.000368356 0.000104298 0.000373665 0.000103977
70660.000 0.000353045 0.000143843 0.00037046 0.000155996
70680.000 0.000302339 0.0002433 0.000306123 0.000257731
70700.000 0.000322084 0.000205739 0.000350013 0.000219406
70720.000 0.000352245 0.000188479 0.000350078 0.000167101
70740.000 0.000304949 0.000217643 0.000298756 0.000214724
70760.000 0.000248501 0.000294271 0.000242735 0.000296772
70780.000 0.00012488 0.000363193 0.000109291 0.000377698
70800.000 7.93122e-05 0.000386422 0.000105313 0.0003778
70820.000 0.000153084 0.000361097 0.000159184 0.00034065
70840.000 0.000169691 0.000348672 0.000188276 0.000358245
70860.000 0.000122446 0.000374189 0.000132442 0.000373878
70880.000 0.000104955 0.000381373 0.000118176 0.000377034
70900.000 -4.29289e-05 0.000367182 -3.7299e-05 0.000374814
70920.000 -0.000143706 0.000359522 -0.000151969 0.000365698
70940.000 -0.00026737 0.000291584 -0.000260237 0.000292322
70960.000 -0.000220726 0.000315448 -0.00022254 0.000313315
% Warning: sampling overrun detected
70980.000 -0.000209314 0.000330204 -0.000230751 0.000305191
71000.000 -0.000120204 0.000375116 -0.000120294 0.000368891
71020.000 -2.76225e-05 0.000392666 -2.06983e-05 0.000384178
71040.000 1.11359e-05 0.000372085 3.63771e-05 0.000394485
71060.000 -1.37698e-05 0.00037584 -7.24829e-06 0.000377547
71080.000 5.18898e-06 0.000376535 1.71469e-06 0.000392692
71100.000 -7.80289e-06 0.000398453 -3.85422e-06 0.000382649
71120.000 -2.47152e-05 0.000378152 -2.7935e-05 0.000371296
71140.000 1.80266e-06 0.000373776 1.66857e-05 0.000394411
71160.000 6.0021e-05 0.000382689 4.80855e-05 0.000381384
71180.000 0.000172172 0.000330875 0.000164736 0.000338913
71200.000 0.000164033 0.000344954 0.000180367 0.000347966
71220.000 8.89423e-05 0.000356298 9.03431e-05 0.000378393
71240.000 0.000128592 0.000350934 0.000149214 0.00037028
71260.000 0.000100168 0.000350363 0.000116554 0.000371515
71280.000 2.80924e-05 0.00037712 2.65512e-05 0.000386842
71300.000 -1.68232e-05 0.000377028 -4.22439e-05 0.000386092
71320.000 -1.33275e-05 0.00038774 -2.88399e-06 0.000398177
71340.000 -0.000183379 0.000331631 -0.000171547 0.000343206
71360.000 -0.000248593 0.000290612 -0.000249466 0.000279676
71380.000 -0.000279594 0.000270768 -0.000287189 0.000276697
71400.000 -0.000183913 0.000332521 -0.000181628 0.000350088
71420.000 -0.000250813 0.000278837 -0.00026392 0.000286279
71440.000 -0.000257861 0.000290968 -0.000248466 0.000291008
71460.000 -0.000209692 0.000306706 -0.000200954 0.000328218
71480.000 -0.000140367 0.000365399 -0.000156717 0.000374812
71500.000 -0.000162362 0.000344877 -0.000152681 0.000331713
71520.000 -0.000201991 0.000341015 -0.000184167 0.000337511
71540.000 -0.000194152 0.000311468 -0.000181526 0.000332298
71560.000 -0.000187587 0.000312975 -0.000171158 0.000317553
% Warning: sampling overrun detected
71580.000 -0.000135932 0.000361204 -0.000122527 0.000361949
71600.000 -0.000200599 0.000354978 -0.000175444 0.000371835
71620.000 -0.000256404 0.000260414 -0.000290873 0.000273213
71640.000 -0.000349711 0.000131474 -0.00038017 0.000132208
71660.000 -0.00039235 2.84956e-05 -0.000391767 3.09206e-05
71680.000 -0.000381772 7.97759e-05 -0.0003764 0.000101887
71700.000 -0.000363236 0.000157641 -0.000354177 0.000160277
71720.000 -0.000367625 0.000137225 -0.000377029 0.000160109
71740.000 -0.000389851 0.000110767 -0.000393589 0.000110697
71760.000 -0.00038914 -6.73073e-05 -0.000371651 -4.85013e-05
71780.000 -0.00038203 -5.44867e-05 -0.000379891 -3.25268e-05
71800.000 -0.000382438 -2.21108e-05 -0.000370888 1.46351e-05
71820.000 -0.000371488 0.00012327 -0.000365607 0.000133748
71840.000 -0.00038781 7.17103e-05 -0.000382087 8.16902e-05
71860.000 -0.000364448 -8.88265e-05 -0.000382599 -0.000108468
71880.000 -0.000353372 -0.000149093 -0.000368452 -0.000144791
71900.000 -0.000340733 -0.000173161 -0.000357674 -0.000166805
71920.000 -0.000331139 -0.000218439 -0.000302441 -0.000208158
71940.000 -0.000233253 -0.000303936 -0.000233575 -0.000303206
71960.000 -0.00016078 -0.000341876 -0.000171131 -0.000341888
71980.000 2.32259e-05 -0.000368502 2.11537e-05 -0.000380009
72000.000 0.00015622 -0.000350755 0.000157673 -0.000344595
72020.000 4.92005e-05 -0.000385858 3.85878e-05 -0.000375586
72040.000 -6.93909e-05 -0.000383135 -5.78646e-05 -0.000374655
72060.000 -0.000113505 -0.000365463 -9.77917e-05 -0.000357308
72080.000 -0.000162392 -0.000336659 -0.000147578 -0.000337043
72100.000 -0.000307415 -0.000210762 -0.000296725 -0.000227093
72120.000 -0.000332344 -0.000186632 -0.000341733 -0.000188376
72140.000 -0.000377404 -8.98923e-05 -0.000369806 -0.000103506
72160.000 -0.000365715 -0.000110442 -0.000371874 -0.000104068
72180.000 -0.000367628 -4.59149e-05 -0.000400948 -4.62835e-05
72200.000 -0.000348658 -0.000117048 -0.000356744 -0.000121314
72220.000 -0.000353065 -0.000142456 -0.000353157 -0.000149579
72240.000 -0.000330955 -0.000129649 -0.000344979 -0.000140805
72260.000 -0.000331461 -0.000170797 -0.000344741 -0.00018221
72280.000 -0.000306108 -0.00017267 -0.000318846 -0.000172936
72300.000 -0.000330241 -0.000177256 -0.000334984 -0.000157453
72320.000 -0.000355324 -8.47688e-05 -0.000371381 -0.000108608
72340.000 -0.000366877 -7.19773e-05 -0.00037709 -6.08841e-05
72360.000 -0.000358827 -0.000118556 -0.000376867 -0.000127528
72380.000 -0.000376242 -4.4863e-05 -0.000383406 -3.02866e-05
72400.000 -0.000379213 -1.23464e-05 -0.000380025 8.19975e-06
72420.000 -0.000350314 0.000119698 -0.000354582 0.000160067
72440.000 -0.000285413 0.0002702 -0.000271529 0.000268303
72460.000 -0.000273903 0.00026548 -0.00026517 0.000262525
72480.000 -0.000321565 0.000207456 -0.000321972 0.000213405
72500.000 -0.000313586 0.000207882 -0.000320097 0.000208502
72520.000 -0.000276709 0.000257009 -0.000260701 0.000265165
72540.000 -0.000255899 0.000259259 -0.000254876 0.000283399
72560.000 -0.000282601 0.000205589 -0.000291842 0.00021597
72580.000 -0.000264926 0.000272593 -0.000256861 0.000276742
72600.000 -0.000272994 0.000246127 -0.000305849 0.000242717
72620.000 -0.000309786 0.000210942 -0.000304172 0.000218517
72640.000 -0.000304933 0.000199577 -0.000322697 0.000208918
72660.000 -0.000301787 0.000240792 -0.000290771 0.000245503
72680.000 -0.000277966 0.000253681 -0.000266236 0.000274574
72700.000 -0.000347754 0.000116189 -0.000367841 0.00013176
72720.000 -0.000373551 1.55678e-05 -0.000381927 2.07195e-05
72740.000 -0.000373966 -0.000119334 -0.000349838 -0.000131182
72760.000 -0.000304408 -0.000193217 -0.000318376 -0.000196152
% Warning: sampling overrun detected
72780.000 -0.000215419 -0.000288124 -0.000240753 -0.000296777
72800.000 -0.000263695 -0.000259866 -0.000263414 -0.000273594
72820.000 -0.000301821 -0.000186594 -0.000310125 -0.000217244
72840.000 -0.000337296 -0.00015511 -0.000352935 -0.000165039
72860.000 -0.000356246 -5.21526e-05 -0.000362596 -3.98729e-05
72880.000 -0.000350449 0.0001136 -0.000367878 0.000133817
72900.000 -0.000342564 0.000137155 -0.000361928 0.000146621
72920.000 -0.000377507 8.46573e-05 -0.000361909 7.99342e-05
72940.000 -0.000356994 0.000110088 -0.000359127 0.000116543
72960.000 -0.000368757 3.76937e-05 -0.000388083 3.43895e-05
72980.000 -0.000377735 6.64572e-05 -0.000392728 7.46762e-05
73000.000 -0.000373881 -2.07598e-05 -0.000364712 -1.23802e-05
73020.000 -0.000287784 -0.00022456 -0.000300932 -0.00024118
73040.000 -0.00027555 -0.000259189 -0.0002765 -0.000245107
73060.000 -0.000223001 -0.000301605 -0.00024005 -0.000291036
73080.000 -0.000222683 -0.000272827 -0.000250487 -0.000286147
73100.000 -0.00027149 -0.000237831 -0.000279599 -0.000240816
73120.000 -0.000237238 -0.000300179 -0.00025231 -0.000316086
73140.000 -0.000247363 -0.000280372 -0.000256137 -0.000296185
73160.000 -0.000135604 -0.000334421 -0.000164807 -0.000352983
73180.000 -0.000209322 -0.000280553 -0.000226255 -0.000315991
73200.000 -0.00030988 -0.000203032 -0.000322101 -0.000221305
73220.000 -0.000332113 -0.000145237 -0.000367739 -0.000125355
73240.000 -0.000355686 -0.000102042 -0.000367161 -8.39891e-05
73260.000 -0.000363911 -3.14933e-05 -0.000380314 -5.23583e-05
73280.000 -0.000369016 -8.75865e-06 -0.000370797 1.85187e-05
73300.000 -0.000374553 0.000110474 -0.000359292 0.000100505
73320.000 -0.00025748 0.000242671 -0.000280543 0.000250154
73340.000 -0.000128809 0.000354697 -0.000125955 0.000347949
73360.000 -2.73621e-05 0.000377107 -2.02209e-05 0.000388667
73380.000 -0.000173824 0.000321336 -0.000167354 0.000339902
73400.000 -0.000256271 0.000267692 -0.000261307 0.000266856
73420.000 -0.000306899 0.000200531 -0.000334776 0.000186675
73440.000 -0.000359916 0.000129118 -0.000345183 0.000122637
73460.000 -0.000361701 0.00011405 -0.000356817 0.00012821
73480.000 -0.000316164 0.000168602 -0.000330682 0.000201747
73500.000 -0.000357276 0.000120112 -0.000360151 0.000114445
73520.000 -0.000348343 0.000135304 -0.000351165 0.000142746
73540.000 -0.000375432 5.47658e-05 -0.000382199 4.95143e-05
73560.000 -0.000377584 -3.94297e-05 -0.000380574 -2.27743e-05
73580.000 -0.000373346 4.18243e-05 -0.00038028 3.00259e-05
73600.000 -0.000345919 0.000117894 -0.000370871 0.000109061
73620.000 -0.000376344 -6.71176e-06 -0.000380069 -9.44339e-07
73640.000 -0.000376118 -9.58446e-05 -0.000353639 -0.000114373
73660.000 -0.000345703 -0.000124125 -0.000336601 -0.000131859
73680.000 -0.000346522 0.00014411 -0.000357673 0.000138855
73700.000 -0.000319501 0.000144494 -0.000344748 0.000160426
73720.000 -0.000352855 1.57956e-05 -0.000369391 2.32212e-05
73740.000 -0.00034762 0.00012847 -0.000373018 0.00012294
73760.000 -0.00035734 0.000128443 -0.000351342 0.000134256
73780.000 -0.000360428 8.57265e-05 -0.000371374 8.22271e-05
73800.000 -0.000326199 0.00018595 -0.000329748 0.000192236
73820.000 -0.000315718 0.000183059 -0.000331283 0.00019231
73840.000 -0.000368443 5.25104e-05 -0.000384784 4.74041e-05
73860.000 -0.000346849 -5.37377e-05 -0.000383434 -3.82701e-05
73880.000 -0.000346381 -0.000135991 -0.000370119 -0.000137288
73900.000 -0.000335784 -0.000170644 -0.000337982 -0.000173755
73920.000 -0.000338722 -0.000166328 -0.000340318 -0.000149539
73940.000 -0.000311873 -0.000227883 -0.00030423 -0.000238661
73960.000 -0.000274824 -0.000255273 -0.000277161 -0.000259478
73980.000 -0.000277788 -0.000239872 -0.000282793 -0.00024622
74000.000 -0.000220559 -0.000287055 -0.000225922 -0.000309612
74020.000 -0.000129522 -0.000356857 -0.000130372 -0.000326648
74040.000 -0.000121441 -0.000339747 -0.000139774 -0.000345614
74060.000 -0.000238714 -0.000276911 -0.000232339 -0.000315599
74080.000 -0.000291279 -0.00023097 -0.00029405 -0.000230021
74100.000 -0.000269614 -0.000254369 -0.000291806 -0.000247323
74120.000 -0.00032048 -0.000167979 -0.000336672 -0.000177647
74140.000 -0.000358734 -3.53807e-05 -0.000377401 -2.9568e-05
74160.000 -0.000376026 -5.82949e-05 -0.000377054 -2.90399e-05
74180.000 -0.000335486 0.000148785 -0.000357829 0.000135397
74200.000 -0.000335958 0.000187522 -0.000340767 0.000190919
74220.000 -0.000317789 0.000211909 -0.000313783 0.000209312
74240.000 -0.000322071 0.000200315 -0.000307518 0.000224987
74260.000 -0.000250688 0.000286953 -0.000253599 0.000272654
74280.000 -0.000271431 0.000301618 -0.000276693 0.000295152
74300.000 -0.000301413 0.000207412 -0.000308867 0.000221551
74320.000 -0.000303949 0.000223489 -0.000299591 0.000218175
74340.000 -0.000142203 0.000307528 -0.000127102 0.000325136
74360.000 -8.82918e-05 0.000377458 -8.64916e-05 0.000371515
74380.000 -0.000111425 0.000368475 -0.000124593 0.000372907
74400.000 -9.4431e-05 0.000369013 -7.22814e-05 0.000358187
74420.000 -2.92738e-05 0.000343695 -2.87754e-05 0.000349646
74440.000 -5.87789e-05 0.000359525 -7.12361e-05 0.000370784
74460.000 -1.27404e-05 0.000373771 -1.00573e-05 0.000386497
74480.000 5.26822e-05 0.000386363 4.51761e-05 0.000384002
74500.000 0.000119412 0.000357385 0.000115916 0.000359646
74520.000 9.09004e-05 0.000381893 9.68978e-05 0.000372734
74540.000 0.000100862 0.000365072 0.000100358 0.000355886
74560.000 0.000141236 0.00033203 0.000134552 0.000347787
% Warning: sampling overrun detected
74580.000 0.00015025 0.000338338 0.000151672 0.000358642
74600.000 -1.43204e-05 0.000363936 -9.11534e-06 0.000360411
74620.000 1.56174e-06 0.000372614 1.12046e-05 0.000374245
74640.000 0.000155005 0.000343824 0.000163533 0.000326557
74660.000 0.00015912 0.000339483 0.00017639 0.000333689
74680.000 7.73545e-05 0.000365701 8.21421e-05 0.000368476
74700.000 0.000232799 0.000286259 0.000223335 0.00031036
74720.000 0.000199129 0.000320518 0.000208125 0.00031752
74740.000 0.000145217 0.000351549 0.00016229 0.00033668
74760.000 0.000197839 0.00032023 0.000198921 0.000315259
74780.000 0.000291266 0.000242591 0.000304084 0.000234356
74800.000 0.000318028 0.000194904 0.000319242 0.000199869
74820.000 0.000308445 0.000205293 0.000320023 0.000201703
74840.000 0.000337322 0.000169824 0.000339779 0.000189927
74860.000 0.000303185 0.000231326 0.000303923 0.000227356
74880.000 0.000293345 0.000231624 0.000288132 0.000213003
74900.000 0.000364665 0.000109912 0.000364808 0.000125071
74920.000 0.000344175 0.00014379 0.000346683 0.000146968
74940.000 0.00034069 0.000202415 0.00031506 0.000184486
74960.000 0.000250723 0.000247343 0.000264219 0.000235409
74980.000 0.000297394 0.000206163 0.000310136 0.000209515
75000.000 0.000380561 7.5412e-05 0.000373227 8.3302e-05
75020.000 0.000383181 7.09292e-05 0.000366942 6.3997e-05
75040.000 0.000381768 1.32675e-05 0.000381308 1.05856e-05
75060.000 0.000384893 7.62304e-05 0.000377974 9.29489e-05
75080.000 0.000360437 0.000132846 0.000351484 0.000148962
75100.000 0.000380749 -4.7391e-06 0.000376848 -2.00378e-05
75120.000 0.000379829 -2.64421e-05 0.000386249 -2.42022e-05
75140.000 0.000378005 2.97668e-05 0.000384984 1.96195e-05
75160.000 0.000338622 0.000178374 0.000345582 0.000161902
% Warning: sampling overrun detected
75180.000 0.000226895 0.000273791 0.000248784 0.000291061
75200.000 0.000109108 0.000362576 0.000104192 0.000366146
75220.000 4.42128e-05 0.000369307 3.90393e-05 0.000382089
% Warning: sampling overrun detected
75240.000 0.000273426 0.000261345 0.000270571 0.000249998
% Warning: sampling overrun detected
75260.000 0.000260031 0.000277554 0.000267015 0.000270045
% Warning: sampling overrun detected
75280.000 0.00033132 0.000157872 0.000349782 0.000174578
75300.000 0.000290057 0.000234628 0.000285016 0.000240376
75320.000 0.000264274 0.000271659 0.000259118 0.000276392
75340.000 0.000302689 0.000219638 0.000308995 0.000229027
% Warning: sampling overrun detected
75360.000 0.000354339 0.000141298 0.000343422 0.000153194
75380.000 0.000346394 0.000153535 0.000353558 0.000158029
75400.000 0.000348533 0.000132709 0.000346976 0.000145983
% Warning: sampling overrun detected
75420.000 0.000359904 0.000139188 0.000356746 0.000140653
% Warning: sampling overrun detected
75440.000 0.000366736 -4.305e-06 0.000384954 -9.37532e-06
% Warning: sampling overrun detected
75460.000 0.000360469 -0.000125297 0.000368079 -0.000117132
% Warning: sampling overrun detected
75480.000 0.000359553 -5.71313e-05 0.000385362 -5.88668e-05
75500.000 0.000368184 -7.32504e-05 0.000349524 -8.9176e-05
75520.000 0.000382771 -7.38211e-06 0.00038416 -1.80707e-05
% Warning: sampling overrun detected
75540.000 0.00036829 -3.63206e-05 0.000401998 -3.81205e-05
% Warning: sampling overrun detected
75560.000 0.00036498 -3.59253e-05 0.000385097 -4.89138e-05
% Warning: sampling overrun detected
75580.000 0.000385293 -1.32994e-05 0.000376088 -9.54836e-06
% Warning: sampling overrun detected
75600.000 0.000381201 -2.5211e-05 0.000371745 -3.88892e-05
% Warning: sampling overrun detected
75620.000 0.000377043 -6.80237e-05 0.000382824 -5.87675e-05
% Warning: sampling overrun detected
75640.000 0.000392377 -4.9433e-05 0.000368229 -5.945e-05
75660.000 0.000360748 -0.000109537 0.00035382 -0.000119746
75680.000 0.000371512 -4.83602e-05 0.000369756 -5.6486e-05
75700.000 0.000372411 -2.2926e-05 0.000380958 -5.58761e-05
75720.000 0.000262936 -0.000268094 0.000278428 -0.000272441
75740.000 0.000266541 -0.000256989 0.000299161 -0.000267071
75760.000 0.00018229 -0.000316609 0.000211566 -0.000331178
75780.000 0.000260245 -0.000270694 0.000267564 -0.000271675
75800.000 0.000214073 -0.00029897 0.000242173 -0.000301322
75820.000 0.000284074 -0.000240393 0.0003055 -0.000235102
75840.000 0.000260963 -0.000266284 0.000295541 -0.000266511
75860.000 0.000264808 -0.000295873 0.000247378 -0.000289149
75880.000 0.000173651 -0.000332323 0.000185895 -0.000340449
75900.000 5.8069e-05 -0.000375698 5.76521e-05 -0.000380456
75920.000 4.83072e-05 -0.000376494 6.60206e-05 -0.000388331
75940.000 -0.000138845 -0.000352533 -0.000136623 -0.000359461
75960.000 -0.000211685 -0.000320386 -0.000204154 -0.000321365
75980.000 -0.000279822 -0.000272079 -0.000257367 -0.000264422
76000.000 -0.000183293 -0.000325759 -0.000196928 -0.000320912
76020.000 -0.00010659 -0.000355605 -0.000119022 -0.000357009
76040.000 -1.61376e-05 -0.00038265 1.4618e-06 -0.000379431
76060.000 -0.000196101 -0.00032191 -0.000215287 -0.000317055
76080.000 -0.00029286 -0.000237344 -0.00030496 -0.000228413
76100.000 -0.000276625 -0.000262154 -0.000294436 -0.000253221
76120.000 -0.000283301 -0.000225554 -0.000300388 -0.000235533
76140.000 -0.000348201 -0.00014029 -0.000364703 -0.000135007
76160.000 -0.000377411 -4.50355e-05 -0.000380311 -4.34943e-05
76180.000 -0.000359379 -0.000104773 -0.00037675 -0.000100329
76200.000 -0.000349976 -0.000158349 -0.000348843 -0.000169964
76220.000 -0.000367711 -8.01271e-05 -0.000395678 -6.90743e-05
76240.000 -0.000360844 -3.61105e-05 -0.000383394 -2.02819e-05
76260.000 -0.000381594 -9.03963e-05 -0.000376637 -6.30875e-05
76280.000 -0.000373986 -0.000136656 -0.00034726 -0.000132534
76300.000 -0.000326732 -0.000183904 -0.000324546 -0.000176862
76320.000 -0.000160267 -0.000350454 -0.000172408 -0.000345596
76340.000 -6.96259e-05 -0.000368185 -9.37588e-05 -0.000360994
76360.000 0.000174052 -0.000344423 0.000164022 -0.000340562
% Warning: sampling overrun detected
76380.000 0.00026594 -0.000288863 0.000262415 -0.000269743
% Warning: sampling overrun detected
76400.000 0.000309242 -0.000202811 0.000322694 -0.00021023
% Warning: sampling overrun detected
76420.000 0.000339292 -0.000127783 0.000348162 -0.000127769
% Warning: sampling overrun detected
76440.000 0.000347361 -9.93965e-05 0.000361389 -0.000101133
% Warning: sampling overrun detected
76460.000 0.000387446 -4.31304e-05 0.000373726 -4.64593e-05
% Warning: sampling overrun detected
76480.000 0.000375669 -5.23356e-05 0.000368316 -3.83995e-05
% Warning: sampling overrun detected
76500.000 0.000351127 -0.000147957 0.000345799 -0.000156853
% Warning: sampling overrun detected
76520.000 0.000356889 -0.000103805 0.000380252 -9.04727e-05
% Warning: sampling overrun detected
76540.000 0.000308003 -0.000206624 0.000333312 -0.000200981
% Warning: sampling overrun detected
76560.000 0.000347019 -0.000140257 0.000361708 -0.000131619
% Warning: sampling overrun detected
76580.000 0.000306232 -0.000205871 0.000302063 -0.000224557
% Warning: sampling overrun detected
76600.000 0.000364572 -6.30802e-05 0.000366056 -5.78296e-05
% Warning: sampling overrun detected
76620.000 0.000378539 3.85875e-05 0.000388547 2.58633e-05
% Warning: sampling overrun detected
76640.000 0.000366347 -3.07233e-05 0.000381283 -3.8781e-05
76660.000 0.000392632 -1.91009e-05 0.00038497 -2.89873e-05
% Warning: sampling overrun detected
76680.000 0.000367548 -8.6383e-05 0.000376197 -8.93449e-05
% Warning: sampling overrun detected
76700.000 0.000348528 -0.000163041 0.000339881 -0.000167242
% Warning: sampling overrun detected
76720.000 0.00024193 -0.000284116 0.000248408 -0.000298751
% Warning: sampling overrun detected
76740.000 0.000181308 -0.000349249 0.00017936 -0.000326079
% Warning: sampling overrun detected
76760.000 0.000106758 -0.000356578 0.00012454 -0.000375484
% Warning: sampling overrun detected
76780.000 0.000104601 -0.000350371 0.000100526 -0.000369994
% Warning: sampling overrun detected
76800.000 0.000231362 -0.000290573 0.000235513 -0.000289002
% Warning: sampling overrun detected
76820.000 0.000214879 -0.000304389 0.000213595 -0.000308885
% Warning: sampling overrun detected
76840.000 0.000137407 -0.000344037 0.000124724 -0.000368174
% Warning: sampling overrun detected
76860.000 2.84518e-05 -0.000364675 3.68445e-05 -0.000384918
% Warning: sampling overrun detected
76880.000 3.06022e-07 -0.000385437 6.14174e-08 -0.000370946
% Warning: sampling overrun detected
76900.000 -3.67039e-05 -0.000385848 -4.61703e-05 -0.00036283
% Warning: sampling overrun detected
76920.000 0.000128213 -0.000366918 9.5294e-05 -0.000359493
% Warning: sampling overrun detected
76940.000 1.99566e-05 -0.000376858 2.14477e-05 -0.000380031
% Warning: sampling overrun detected
76960.000 7.72065e-05 -0.000368996 6.94186e-05 -0.00036982
% Warning: sampling overrun detected
76980.000 8.87294e-05 -0.000364179 9.78743e-05 -0.000362108
77000.000 0.00026231 -0.000248803 0.000274489 -0.000273632
77020.000 0.000322216 -0.000169859 0.000349813 -0.000185269
77040.000 0.000244689 -0.000294613 0.000242342 -0.000286282
77060.000 0.000273966 -0.000268622 0.000287848 -0.000260419
77080.000 0.000240425 -0.000282863 0.000228322 -0.000315347
77100.000 0.000208393 -0.00031573 0.000216817 -0.000302301
77120.000 0.000244336 -0.000262985 0.000259379 -0.000263409
77140.000 0.000349928 -0.000121542 0.000356986 -0.000138815
77160.000 0.000329684 -0.000155211 0.000337128 -0.000155747
77180.000 0.000320868 -0.000206253 0.000328308 -0.000218036
77200.000 0.000257157 -0.000273512 0.000272195 -0.000281357
77220.000 0.000285699 -0.000199022 0.000300447 -0.000204653
77240.000 0.000365392 -0.00011996 0.000361853 -0.000121833
77260.000 0.000339097 -0.000197307 0.000338094 -0.000183879
77280.000 0.000373279 -7.65242e-05 0.00036655 -6.6321e-05
77300.000 0.000400832 -7.44102e-05 0.000364296 -7.7876e-05
77320.000 0.000330147 -0.000155786 0.000350686 -0.000157968
77340.000 0.000336217 -0.00018881 0.0003287 -0.000193421
77360.000 0.000107413 -0.000329456 0.000115877 -0.000343191
77380.000 0.000133247 -0.000351524 0.000144842 -0.000349442
77400.000 0.000125401 -0.0003545 0.000123813 -0.000360418
77420.000 1.44079e-05 -0.000374928 3.81452e-05 -0.000374583
77440.000 0.000105166 -0.000370674 0.000103891 -0.000360398
77460.000 0.000248503 -0.000299016 0.000253259 -0.000294864
77480.000 0.000263414 -0.000278961 0.000257805 -0.00027069
77500.000 0.000197114 -0.000323866 0.000203646 -0.000334664
77520.000 0.000299136 -0.000233234 0.000297647 -0.000240386
77540.000 0.000348958 -0.000131838 0.000345456 -0.000154854
77560.000 0.000345653 -0.000149993 0.000360186 -0.000144429
77580.000 0.000351049 -0.000120635 0.000349331 -0.000129585
77600.000 0.000328524 -0.000167848 0.00034733 -0.000177243
77620.000 0.000367334 -9.65613e-05 0.000386055 -9.30635e-05
77640.000 0.000340346 -0.000174501 0.000353059 -0.000153315
77660.000 0.000222437 -0.000301651 0.000238651 -0.000305533
77680.000 0.000134916 -0.000339825 0.000123359 -0.000369274
77700.000 3.95105e-05 -0.000361956 4.68312e-05 -0.000366396
77720.000 0.000173029 -0.000333449 0.000157828 -0.00035259
77740.000 0.000206976 -0.000322425 0.000208698 -0.00032992
77760.000 6.4351e-05 -0.000376919 9.27678e-05 -0.000366978
77780.000 -1.35331e-05 -0.000360449 5.03046e-06 -0.000364764
77800.000 -0.000165898 -0.000338443 -0.000149331 -0.000366509
77820.000 -0.000248882 -0.00028186 -0.000255705 -0.000292745
77840.000 -0.00034713 -0.000151697 -0.000365304 -0.000148025
77860.000 -0.000310976 -0.000194865 -0.00030649 -0.000213004
77880.000 -0.000325047 -0.000208465 -0.00032972 -0.000201938
77900.000 -0.000257205 -0.000285404 -0.000253751 -0.000278944
77920.000 -0.000284451 -0.000242355 -0.00028573 -0.00024286
77940.000 -0.000281291 -0.000226019 -0.000304808 -0.000260808
77960.000 -0.00023651 -0.000303199 -0.00023781 -0.000297847
77980.000 -0.000234729 -0.000281788 -0.000247135 -0.000283437
78000.000 -0.000224469 -0.000288787 -0.000234952 -0.000307237
78020.000 -0.000203187 -0.000320214 -0.000201624 -0.000346057
78040.000 -0.000161821 -0.000357702 -0.000159566 -0.000376293
78060.000 -0.000140099 -0.000337289 -0.000149262 -0.000361221
78080.000 -0.000173514 -0.000353728 -0.000158058 -0.000349734
78100.000 -2.92043e-05 -0.000386415 -8.08348e-06 -0.000379041
78120.000 1.81126e-05 -0.00037041 2.90013e-05 -0.000385401
78140.000 0.000101471 -0.000357223 7.97041e-05 -0.000381011
78160.000 7.50927e-05 -0.000362846 8.2491e-05 -0.000393153
78180.000 -7.83617e-06 -0.000383823 -6.58591e-06 -0.00037662
78200.000 5.99876e-05 -0.000377675 4.97865e-05 -0.000392025
78220.000 0.000188839 -0.000323865 0.000174384 -0.000343298
78240.000 0.000100902 -0.00036343 0.000109113 -0.00036881
78260.000 9.6943e-05 -0.000355104 9.64294e-05 -0.000387028
78280.000 0.000108089 -0.000380114 0.000105445 -0.000356123
78300.000 -4.36774e-05 -0.000376218 -5.1491e-05 -0.000363986
78320.000 -3.24605e-05 -0.00038746 8.48166e-06 -0.000409879
78340.000 3.34142e-05 -0.000386684 1.65615e-05 -0.000377148
78360.000 -0.000103721 -0.000363523 -0.000117933 -0.000355132
78380.000 -0.000205625 -0.000309463 -0.000209279 -0.00029502
78400.000 -0.000262098 -0.000272177 -0.00025751 -0.000282497
78420.000 -0.000318838 -0.000192917 -0.00031853 -0.000198738
78440.000 -0.00035943 -0.000157335 -0.000342055 -0.000136726
78460.000 -0.000362006 -0.000129979 -0.000366556 -0.000130509
78480.000 -0.000365721 -6.07342e-05 -0.000375721 -6.9416e-05
78500.000 -0.000377146 4.59235e-05 -0.000379764 3.19781e-05
78520.000 -0.000351585 0.000137319 -0.000361044 0.000118736
78540.000 -0.000359086 0.000107299 -0.000367774 8.59001e-05
78560.000 -0.000370887 5.5568e-05 -0.000372086 8.3964e-05
78580.000 -0.000366747 0.000100116 -0.000384545 0.000109581
78600.000 -0.000339218 0.000156708 -0.000347252 0.000157894
78620.000 -0.000385625 4.38876e-05 -0.000398412 5.02097e-05
78640.000 -0.000358336 9.33256e-05 -0.00036978 9.51282e-05
78660.000 -0.000340342 0.000159833 -0.000332711 0.000172092
78680.000 -0.000377261 6.77237e-05 -0.000382456 5.82566e-05
78700.000 -0.000377803 -1.24841e-05 -0.000380803 -1.98858e-05
78720.000 -0.000379464 3.75704e-05 -0.000374225 2.42642e-05
78740.000 -0.000373452 -1.86539e-05 -0.000372661 -7.56714e-06
78760.000 -0.000346146 -0.000142277 -0.000351974 -0.000128387
% Warning: sampling overrun detected
78780.000 -0.000208957 -0.000286942 -0.000209442 -0.000303755
78800.000 1.54569e-06 -0.000375837 -1.92711e-06 -0.000380569
78820.000 -2.23043e-05 -0.000356229 -7.55088e-06 -0.000377105
78840.000 -7.38399e-05 -0.000359722 -7.06619e-05 -0.000374252
78860.000 -0.000212138 -0.000298235 -0.00023476 -0.000317472
78880.000 -0.000258172 -0.000269312 -0.000259722 -0.000284637
78900.000 -0.000332627 -9.8643e-05 -0.00034659 -0.00010511
78920.000 -0.000353703 0.000123701 -0.000337683 0.000136009
78940.000 -0.000271154 0.000268809 -0.000270887 0.000301867
78960.000 -0.000206071 0.000300072 -0.000200579 0.00031936
78980.000 -0.00014011 0.00035779 -0.000119535 0.000348276
79000.000 1.2181e-06 0.000368391 -7.07987e-07 0.000404817
79020.000 -4.30559e-05 0.000379123 -5.67505e-05 0.000400217
79040.000 -0.000109094 0.000331034 -9.39511e-05 0.00035293
79060.000 -6.76122e-05 0.000384181 -7.02316e-05 0.00038509
79080.000 -5.08177e-06 0.000381711 -1.40364e-05 0.000384311
79100.000 4.30507e-05 0.00038556 6.88458e-05 0.000380616
79120.000 3.12686e-06 0.0003997 3.62801e-05 0.000378373
79140.000 5.05383e-05 0.000372313 5.53901e-05 0.000389134
79160.000 3.3665e-05 0.00036583 3.6156e-05 0.000396075
79180.000 4.73214e-05 0.00037519 5.42203e-05 0.000396092
79200.000 0.000139404 0.000374554 0.00014389 0.0003737
79220.000 0.000173719 0.000368339 0.000149139 0.0003865
79240.000 0.000214125 0.000348333 0.000224855 0.000334457
79260.000 0.000313209 0.000190781 0.00033613 0.000170423
79280.000 0.000352744 0.000100468 0.000385831 0.000105202
79300.000 0.000383254 -5.69192e-05 0.000399607 -6.93406e-05
79320.000 0.000364356 -0.000111163 0.00035006 -0.000106615
79340.000 0.000343258 -0.000121554 0.00037316 -0.000105975
79360.000 0.000354271 5.49359e-05 0.00038446 5.56296e-05
79380.000 0.000393301 0.000128927 0.000388901 0.000107368
79400.000 0.00031846 0.000223104 0.000314965 0.000200991
79420.000 0.00036686 4.57002e-05 0.000376322 4.85641e-05
79440.000 0.00036772 6.7031e-05 0.00036038 6.54419e-05
79460.000 0.000356969 0.000106988 0.000366907 0.000115002
79480.000 0.00033912 0.000183193 0.00034399 0.000190493
79500.000 0.000284644 0.000246073 0.000293181 0.000246193
79520.000 0.000236956 0.000310727 0.000233997 0.000308597
79540.000 0.000251459 0.000265127 0.000254316 0.000298572
79560.000 0.000106763 0.000368886 0.000109957 0.000370179
79580.000 4.60251e-06 0.000364037 2.62277e-05 0.000371828
79600.000 0.000162994 0.000349891 0.000185309 0.000346101
79620.000 0.000243102 0.000301368 0.000220272 0.000308364
79640.000 0.000332394 0.000189698 0.000320375 0.000204174
79660.000 0.000329185 0.000176824 0.000328605 0.000190572
79680.000 0.000353072 0.000121664 0.00037647 0.000123796
79700.000 0.000368987 4.70107e-05 0.000390753 5.48487e-05
79720.000 0.000354369 0.000127845 0.00034522 0.000114996
79740.000 0.000351248 0.000109932 0.000387975 7.26814e-05
79760.000 0.00036332 7.00073e-05 0.00038815 6.03479e-05
79780.000 0.000355586 8.72299e-05 0.000377934 0.000102772
79800.000 0.000365274 7.81514e-05 0.000391446 7.83743e-05
79820.000 0.000386552 5.39374e-05 0.000384624 4.22943e-05
79840.000 0.000383339 -4.48552e-05 0.000394933 -5.34677e-05
79860.000 0.000357664 -0.00011072 0.000401704 -9.09521e-05
79880.000 0.000357497 -0.000102017 0.000378982 -0.000117789
79900.000 0.000320026 -0.00017938 0.000332458 -0.000218434
79920.000 0.0003285 -0.000187778 0.000330322 -0.000192335
79940.000 0.000296156 -0.000226258 0.000290871 -0.00023289
79960.000 0.000199261 -0.000309745 0.000195094 -0.000326294
79980.000 6.8698e-05 -0.000361435 4.93813e-05 -0.000376955
80000.000 -2.63014e-05 -0.000360986 -9.97357e-06 -0.000390928
80020.000 -0.000255229 -0.000286884 -0.000255738 -0.000309052
80040.000 -0.000189613 -0.000313242 -0.000193107 -0.000328957
80060.000 -6.37722e-05 -0.000379011 -5.53648e-05 -0.000379525
80080.000 6.0033e-05 -0.000366086 5.78756e-05 -0.00038033
80100.000 2.2329e-05 -0.000362288 -2.20825e-06 -0.000379801
80120.000 -0.000103781 -0.000360653 -9.65382e-05 -0.000368875
80140.000 -9.81365e-05 -0.00035808 -0.000146258 -0.000367886
80160.000 -0.000143273 -0.000339681 -0.000156796 -0.000361431
80180.000 -0.000172093 -0.000334434 -0.000177487 -0.000351476
80200.000 -0.000213951 -0.000299387 -0.000226417 -0.000308701
80220.000 -9.66317e-05 -0.00036408 -0.000118003 -0.000356736
80240.000 3.96513e-05 -0.000380082 2.22395e-05 -0.000389337
80260.000 7.64138e-05 -0.00036532 6.41157e-05 -0.000369265
80280.000 0.000172777 -0.000329087 0.000174268 -0.00034941
80300.000 0.000218663 -0.000302786 0.000220829 -0.000313986
80320.000 0.000270788 -0.00024412 0.000292384 -0.000250646
80340.000 0.000291989 -0.000250086 0.000312209 -0.000253358
80360.000 0.000191223 -0.000347634 0.00019013 -0.000326607
80380.000 0.000262928 -0.000226776 0.000266564 -0.000233846
80400.000 0.000284832 -0.000245973 0.000291731 -0.000267835
80420.000 0.000229521 -0.000321822 0.000263331 -0.000344117
80440.000 0.000238687 -0.000291879 0.000244199 -0.00030057
80460.000 0.000295503 -0.000222206 0.000300908 -0.000245746
80480.000 0.000320232 -0.000199511 0.000334696 -0.000192837
80500.000 0.000373013 -3.66607e-05 0.000391101 -3.99179e-05
80520.000 0.000354629 -0.000137655 0.000361713 -0.000146211
80540.000 0.000305704 -0.00022135 0.000293867 -0.000256178
80560.000 0.000118775 -0.000337164 0.000118032 -0.000365041
% Warning: sampling overrun detected
80580.000 6.97045e-05 -0.000373433 5.55758e-05 -0.000372432
80600.000 6.71915e-05 -0.000371806 5.42762e-05 -0.000374861
80620.000 0.00014198 -0.000336615 0.000147229 -0.000362147
% Warning: sampling overrun detected
80640.000 0.000218825 -0.00032189 0.000210905 -0.000325609
80660.000 0.000190222 -0.000331852 0.000195818 -0.000336739
80680.000 0.000191521 -0.00034007 0.000177626 -0.000320891
% Warning: sampling overrun detected
80700.000 0.000301561 -0.000213044 0.000298777 -0.000237248
80720.000 0.000367429 -9.21549e-05 0.000369784 -8.31186e-05
80740.000 0.000332235 0.000163152 0.00034229 0.000147917
% Warning: sampling overrun detected
80760.000 0.000364707 7.20649e-05 0.000374156 6.66693e-05
% Warning: sampling overrun detected
80780.000 0.000366641 4.03345e-05 0.000376556 4.64392e-05
% Warning: sampling overrun detected
80800.000 0.000301083 0.000214316 0.000293685 0.000220665
80820.000 0.000241445 0.000271895 0.000254043 0.000275792
80840.000 0.000238512 0.000302491 0.000253588 0.000295847
80860.000 0.000311913 0.000219011 0.000313042 0.000215196
% Warning: sampling overrun detected
80880.000 0.000316324 0.00021671 0.000314991 0.000231992
% Warning: sampling overrun detected
80900.000 0.000363401 0.000155035 0.000365288 0.000160592
% Warning: sampling overrun detected
80920.000 0.000361951 7.17153e-05 0.000360431 5.1042e-05
% Warning: sampling overrun detected
80940.000 0.000374403 9.61838e-05 0.000378357 9.19192e-05
80960.000 0.00027888 0.000230077 0.000319955 0.000236804
80980.000 0.000286275 0.000231779 0.000277926 0.000252398
% Warning: sampling overrun detected
81000.000 0.000162537 0.000345327 0.000161796 0.00034543
81020.000 0.000125768 0.000352259 0.000129211 0.000361656
81040.000 0.000149335 0.000350694 0.000170755 0.000347877
% Warning: sampling overrun detected
81060.000 0.000221932 0.000282923 0.000232179 0.000298945
81080.000 0.000187083 0.000310635 0.000189275 0.000321484
81100.000 -4.57038e-05 0.000370661 -4.16648e-05 0.000381897
% Warning: sampling overrun detected
81120.000 -1.46913e-05 0.000371945 -7.96224e-06 0.000381126
% Warning: sampling overrun detected
81140.000 -5.64764e-05 0.000361344 -6.48038e-05 0.000380856
% Warning: sampling overrun detected
81160.000 -9.83451e-07 0.000377243 8.07444e-06 0.000370416
81180.000 6.60741e-05 0.000377859 7.82751e-05 0.000384509
81200.000 -5.23494e-05 0.000392736 -4.18458e-05 0.000378492
81220.000 -0.000170375 0.00032261 -0.000195978 0.000339884
81240.000 -9.49297e-05 0.000342082 -0.00010305 0.00036875
81260.000 0.000101595 0.000345168 9.39391e-05 0.000371405
81280.000 0.000135262 0.000350316 0.00013697 0.000357733
81300.000 0.00018106 0.000324489 0.000191904 0.000331899
81320.000 0.000251697 0.000269788 0.000248391 0.000278618
81340.000 0.000339904 0.000137048 0.000352556 0.000123593
81360.000 0.000340626 0.000176826 0.000348325 0.000155646
81380.000 0.000282697 0.000239185 0.00029535 0.000255538
81400.000 0.000291951 0.000237453 0.000285815 0.000259916
81420.000 0.000274323 0.000255363 0.000257775 0.000283881
81440.000 0.000267585 0.000268459 0.000266314 0.000294664
81460.000 0.000275673 0.000251387 0.000281678 0.000281562
81480.000 0.000291946 0.000234044 0.000326201 0.000231331
81500.000 0.000274501 0.00025376 0.000293488 0.000257787
81520.000 0.000315666 0.000208272 0.000335913 0.00019394
81540.000 0.000325646 0.000183765 0.000327821 0.000185476
81560.000 0.000228888 0.000310176 0.000233481 0.000314338
81580.000 0.000255666 0.000253131 0.000283333 0.000258007
81600.000 0.000333171 0.000144099 0.00035958 0.000143531
81620.000 0.000354716 0.000112817 0.00037633 0.000121017
81640.000 0.000366624 0.000122854 0.000367042 0.000130983
81660.000 0.000360945 7.81488e-05 0.000371083 8.39026e-05
81680.000 0.000379017 -5.82958e-05 0.000388285 -4.43896e-05
81700.000 0.000373445 -4.44191e-05 0.000371991 -5.116e-05
81720.000 0.000365805 -8.76299e-05 0.00039256 -7.72628e-05
81740.000 0.00037271 -5.79507e-05 0.000382581 -8.75151e-05
81760.000 0.000317166 -0.000179565 0.000325373 -0.000195759
% Warning: sampling overrun detected
81780.000 0.000284811 -0.000249098 0.000291249 -0.000246131
81800.000 0.000264209 -0.000264281 0.000274963 -0.000269815
81820.000 0.000370615 -8.39129e-05 0.000366524 -7.33224e-05
81840.000 0.000373642 -1.19323e-05 0.000389031 -3.68453e-07
81860.000 0.000369883 4.26209e-05 0.000397525 2.09344e-05
81880.000 0.000377344 -1.71979e-05 0.000404541 -2.67221e-05
81900.000 0.000357751 -4.60963e-05 0.000379805 -5.98037e-05
81920.000 0.000342016 -0.000162416 0.000341797 -0.000176107
81940.000 0.000347124 -0.00013781 0.000343967 -0.000165074
81960.000 0.000282833 -0.000238392 0.000313595 -0.000228318
81980.000 0.000318684 -0.000217946 0.000345492 -0.00021663
82000.000 0.000282841 -0.000283843 0.000271157 -0.00027225
82020.000 0.000253382 -0.000280129 0.000257116 -0.000281091
82040.000 0.00032093 -0.000189301 0.000337075 -0.000191993
82060.000 0.000313248 -0.000185405 0.000333324 -0.000190191
82080.000 0.000351065 -0.000133087 0.000352122 -0.000143077
82100.000 0.000306203 -0.000226353 0.000288336 -0.000237729
82120.000 0.000323354 -0.000215315 0.000303833 -0.000223613
82140.000 0.0003319 -0.000155483 0.000351874 -0.000150209
82160.000 0.000346616 -0.000111674 0.000385371 -0.000107604
82180.000 0.000314033 -0.00020715 0.000331506 -0.0001919
82200.000 0.000268558 -0.000262552 0.000262056 -0.000267799
82220.000 0.000208806 -0.000300137 0.000233619 -0.000304206
82240.000 0.000126434 -0.000352144 0.000131415 -0.000366769
82260.000 0.000114034 -0.000355608 0.000141136 -0.000367943
82280.000 8.70027e-05 -0.000383409 9.82442e-05 -0.000373217
82300.000 0.000121478 -0.00035818 0.000132677 -0.000357696
82320.000 -5.75011e-05 -0.000377589 -6.43056e-05 -0.000391809
82340.000 -0.000172617 -0.000346097 -0.000159615 -0.000339077
82360.000 -0.00015572 -0.00033847 -0.000174375 -0.000350433
82380.000 -0.000192517 -0.00032483 -0.000211069 -0.000323695
82400.000 -0.00016871 -0.00035294 -0.000183299 -0.000336822
82420.000 -0.000271884 -0.000264798 -0.000274257 -0.000263631
82440.000 -0.000192474 -0.000325123 -0.000182032 -0.000331725
82460.000 -0.000123488 -0.000365145 -0.000121077 -0.000362806
82480.000 -0.000218952 -0.000299758 -0.00022786 -0.000319184
82500.000 -0.000243261 -0.000307528 -0.000246108 -0.000293857
82520.000 -0.000265719 -0.000262291 -0.000265311 -0.000261746
82540.000 -0.000194597 -0.000328014 -0.000206938 -0.000331915
82560.000 -0.000181861 -0.00033802 -0.000196261 -0.000347936
82580.000 -0.000244268 -0.000276343 -0.000268983 -0.000277276
82600.000 -0.000346657 -0.00011304 -0.000375379 -0.00011801
82620.000 -0.000382383 -2.99201e-05 -0.000396691 -2.7993e-05
82640.000 -0.000306143 0.000206176 -0.000323469 0.000182921
82660.000 -0.00030893 0.000235023 -0.000310764 0.000229345
82680.000 -0.000281827 0.000219564 -0.000302729 0.000249591
82700.000 -0.000246595 0.000285639 -0.000257218 0.000290898
82720.000 -0.000277712 0.000259931 -0.000277201 0.000280643
82740.000 -0.000130245 0.000354217 -0.00015339 0.000348963
82760.000 -0.00012476 0.000357251 -0.000142821 0.000353655
82780.000 -2.39648e-05 0.000388645 -2.27818e-05 0.000384823
82800.000 4.12789e-05 0.00036425 4.07409e-05 0.000390223
82820.000 5.73896e-05 0.000378167 8.06576e-05 0.000377903
82840.000 8.31008e-05 0.000353098 7.9511e-05 0.000366139
82860.000 6.6876e-05 0.000357295 7.97346e-05 0.000369258
82880.000 0.00017313 0.000328618 0.000160771 0.000328251
82900.000 6.30935e-05 0.000382878 5.40364e-05 0.000371141
82920.000 0.000106116 0.000352927 0.000116735 0.000367193
82940.000 4.68394e-05 0.000371482 4.22714e-05 0.000380239
82960.000 5.16914e-05 0.000357743 4.92848e-05 0.000377091
82980.000 1.30273e-05 0.000370907 4.90433e-05 0.000370513
83000.000 -0.000113097 0.00035777 -0.000124012 0.000362082
83020.000 -3.07534e-05 0.000340933 -3.14715e-05 0.000356121
83040.000 -2.38462e-05 0.000352062 -2.10085e-05 0.000364957
83060.000 -0.000123656 0.000336469 -0.000152032 0.000357335
83080.000 -0.000147896 0.000324887 -0.000156126 0.000334779
83100.000 -3.76824e-05 0.000351183 -3.0171e-05 0.000373931
83120.000 0.000206013 0.000331069 0.00020228 0.00030586
83140.000 0.000249919 0.000241361 0.000258306 0.000247483
83160.000 0.000258378 0.000216532 0.000293081 0.000225997
83180.000 0.000264529 0.000283373 0.000276124 0.000286437
83200.000 0.000196821 0.000300353 0.000210369 0.000320319
83220.000 0.000141861 0.000338686 0.000151348 0.000340265
83240.000 7.50705e-05 0.000351599 9.65228e-05 0.000385615
83260.000 0.000189514 0.000299206 0.000195933 0.000327008
83280.000 0.000207068 0.000301948 0.000236669 0.000300324
83300.000 0.000247747 0.000276691 0.000253614 0.000283034
83320.000 0.000232011 0.000291567 0.000259407 0.000288752
83340.000 0.000323764 0.000173393 0.000337881 0.000175847
83360.000 0.000305159 0.000229833 0.000298147 0.000240271
83380.000 0.000272177 0.000254491 0.000266472 0.00026106
83400.000 0.000192831 0.000297641 0.000227523 0.000308012
83420.000 9.26035e-05 0.000330573 0.000125278 0.000333653
83440.000 0.00011213 0.000370154 9.24371e-05 0.000374032
83460.000 0.000205628 0.000305541 0.000207306 0.00032453
83480.000 0.000210493 0.000321402 0.000205562 0.000324552
83500.000 0.000230049 0.000295317 0.000232454 0.000315699
83520.000 0.000233883 0.000225637 0.000248265 0.000246538
83540.000 0.000236576 0.000293331 0.000235833 0.000278501
83560.000 0.000163522 0.000348511 0.000188245 0.000332997
% Warning: sampling overrun detected
83580.000 8.97009e-05 0.000346867 0.000100889 0.000362711
83600.000 0.000236875 0.000268423 0.000222403 0.000306208
83620.000 0.000329091 0.000119497 0.000365334 0.000120942
83640.000 0.000361728 5.55931e-05 0.000385654 6.06848e-05
83660.000 0.000365641 0.000101879 0.000375338 0.000102466
83680.000 0.000347842 9.21849e-05 0.000358596 0.000135415
83700.000 0.000351867 0.000101958 0.000365117 9.59873e-05
83720.000 0.000372481 7.34734e-05 0.000375553 6.17734e-05
83740.000 0.00035855 4.8268e-05 0.000375913 3.70724e-05
83760.000 0.000361528 7.41186e-05 0.000379703 7.62866e-05
83780.000 0.000359611 5.23744e-05 0.000380828 5.95785e-05
83800.000 0.000371482 4.72997e-05 0.0003689 3.66959e-05
83820.000 0.000368519 9.98078e-05 0.000365889 8.57113e-05
83840.000 0.000359704 -5.05215e-05 0.000371265 -6.21239e-05
83860.000 0.00028811 -0.000227391 0.000288146 -0.000257347
83880.000 0.000339176 -0.000152437 0.000343054 -0.00016757
83900.000 0.000277875 -0.000212858 0.000300612 -0.000244627
83920.000 0.000247042 -0.000295689 0.000225489 -0.000291864
83940.000 0.000214188 -0.000314689 0.000219833 -0.000297459
83960.000 0.000283966 -0.000233823 0.00029239 -0.000228373
83980.000 0.00030171 -0.000215626 0.000305082 -0.000224543
84000.000 0.000265669 -0.000273157 0.000274095 -0.000292476
84020.000 0.00021081 -0.000297933 0.000214328 -0.00029915
84040.000 0.000207083 -0.000312025 0.000199419 -0.000329017
84060.000 0.000122848 -0.000317088 0.000112376 -0.000318793
84080.000 3.16239e-05 -0.000342967 3.97668e-05 -0.000365196
84100.000 -4.42769e-05 -0.000381308 -1.46368e-05 -0.000376287
84120.000 4.0572e-06 -0.000377585 3.98647e-05 -0.000403699
84140.000 9.99265e-05 -0.000343193 0.00010132 -0.00037988
84160.000 0.00015822 -0.000341413 0.000141796 -0.000356506
84180.000 -8.17809e-05 -0.000350589 -0.000108991 -0.000369259
84200.000 -0.000225639 -0.000331788 -0.000237977 -0.000347196
84220.000 -0.000139227 -0.000324636 -0.000176946 -0.000355323
84240.000 -0.000277305 -0.000225562 -0.000287852 -0.00023095
84260.000 -0.0003689 -7.79942e-05 -0.000353023 -7.44967e-05
84280.000 -0.00035659 -1.48562e-05 -0.000376284 -4.87337e-05
84300.000 -0.000307142 -0.00019371 -0.000325526 -0.000188074
% Warning: sampling overrun detected
84320.000 -0.00030089 -0.000192077 -0.000327162 -0.000193803
84340.000 -0.000238565 -0.000262975 -0.000266862 -0.000258598
84360.000 -0.000136725 -0.000349488 -0.000154186 -0.000345195
84380.000 -0.000182708 -0.000306669 -0.000173966 -0.000302002
84400.000 -0.000140491 -0.000299116 -0.000152298 -0.000315914
84420.000 -0.000119024 -0.000330586 -0.000121856 -0.000351022
84440.000 1.5304e-05 -0.000357285 2.78169e-05 -0.000385453
84460.000 0.000137345 -0.000355376 0.000146137 -0.000371083
84480.000 9.15518e-05 -0.000377212 8.93291e-05 -0.000392308
84500.000 0.00012867 -0.000334453 0.000144868 -0.000352624
84520.000 0.000129061 -0.000331499 0.00014147 -0.00034226
84540.000 0.000145116 -0.000345418 0.000148224 -0.000353475
84560.000 0.000220652 -0.000305904 0.000229675 -0.000301184
84580.000 0.000266361 -0.0002527 0.000274253 -0.000266979
84600.000 0.000145992 -0.000336227 0.000147324 -0.000358442
% Warning: sampling overrun detected
84620.000 6.76809e-05 -0.000349852 7.86079e-05 -0.000378703
% Warning: sampling overrun detected
84640.000 3.12306e-06 -0.000363826 1.49386e-05 -0.000380978
84660.000 -2.41813e-06 -0.000365542 -1.38636e-05 -0.000386322
84680.000 -8.64108e-05 -0.000359352 -8.65117e-05 -0.000377102
84700.000 -0.000182623 -0.000320293 -0.000196184 -0.000333429
84720.000 -0.000205454 -0.000304663 -0.000209514 -0.000308332
84740.000 -0.000205223 -0.000296031 -0.000183676 -0.000325873
84760.000 -0.000173649 -0.000311293 -0.000195861 -0.000325631
84780.000 -0.000255798 -0.000272846 -0.000238401 -0.000286398
84800.000 -0.00031471 -0.000178863 -0.00034076 -0.000183122
84820.000 -0.000349181 -0.000121465 -0.00034644 -0.000120136
84840.000 -0.000364033 -8.05412e-06 -0.00037543 7.97783e-06
84860.000 -0.000298747 0.000174753 -0.000336889 0.000154696
84880.000 -0.000267053 0.000255314 -0.000266189 0.000249042
84900.000 -0.000198151 0.000307493 -0.000205397 0.000328696
84920.000 3.92731e-06 0.000348014 6.43201e-06 0.000371569
84940.000 -8.20338e-05 0.000350417 -8.85435e-05 0.00036918
84960.000 -0.000192946 0.00032185 -0.00017272 0.0003421
84980.000 -0.000193982 0.000348556 -0.000208396 0.000349086
85000.000 -8.73631e-05 0.000361976 -7.52229e-05 0.000360421
85020.000 -0.000209084 0.000304666 -0.00019093 0.000299354
85040.000 -0.000222656 0.000296686 -0.00021843 0.000316279
85060.000 -0.000239877 0.000240973 -0.000244585 0.000250316
85080.000 -0.00024889 0.000266819 -0.000268267 0.000253112
85100.000 -0.000323889 0.000180852 -0.000320841 0.000197635
85120.000 -0.000352007 0.00016999 -0.00033951 0.000170173
85140.000 -0.000376479 5.98296e-05 -0.000379889 7.35656e-05
85160.000 -0.000365486 -7.33296e-05 -0.000367892 -6.80151e-05
85180.000 -0.000352528 1.94681e-05 -0.000374183 3.15533e-05
85200.000 -0.000357221 8.73308e-05 -0.000362426 9.24303e-05
85220.000 -0.000364429 7.09901e-06 -0.000386586 -1.7131e-05
85240.000 -0.000379107 -3.99421e-05 -0.000371167 -4.57982e-05
85260.000 -0.000371666 2.08937e-05 -0.000385622 2.51442e-05
85280.000 -0.000345914 0.000120147 -0.00036444 0.000113371
85300.000 -0.00037741 -2.23584e-05 -0.00038136 -3.15002e-05
85320.000 -0.000343096 -0.000170639 -0.000349203 -0.000172693
85340.000 -0.00016101 -0.000327179 -0.000184915 -0.00033422
85360.000 -0.000167625 -0.000341199 -0.000170867 -0.000341491
85380.000 -0.000111759 -0.000368938 -0.000115052 -0.000359159
85400.000 -0.00021986 -0.000314682 -0.00021659 -0.000329657
85420.000 -0.000100331 -0.000375202 -0.000116009 -0.000358992
85440.000 -0.00011457 -0.000337155 -0.000112918 -0.000377932
85460.000 -0.000113933 -0.000361062 -0.000103496 -0.000373411
85480.000 -0.000151425 -0.000350776 -0.000167438 -0.000344706
85500.000 -7.35506e-05 -0.000361094 -8.84046e-05 -0.000369424
85520.000 -7.26664e-05 -0.000369402 -7.81449e-05 -0.00038355
85540.000 -5.80509e-05 -0.000398762 -4.97353e-05 -0.000415463
85560.000 8.41021e-05 -0.000387834 6.48676e-05 -0.000412461
85580.000 0.00014764 -0.000353072 0.00011991 -0.000375241
85600.000 0.000148817 -0.000371182 0.000134596 -0.000367545
85620.000 8.34159e-05 -0.000363683 8.08095e-05 -0.000361441
85640.000 -7.1981e-05 -0.000386676 -7.20519e-05 -0.00041905
85660.000 -8.53023e-05 -0.000393057 -0.000106348 -0.00041862
85680.000 2.89666e-06 -0.000397663 -1.59736e-06 -0.000400814
85700.000 0.000104413 -0.000352185 0.000105841 -0.000373528
85720.000 3.1594e-05 -0.000391067 3.10853e-05 -0.000407005
85740.000 -4.892e-05 -0.00037966 -2.27733e-05 -0.000390939
85760.000 -3.18924e-05 -0.000363011 -2.17206e-05 -0.000376574
85780.000 -0.000161134 -0.000322702 -0.000178343 -0.000320386
85800.000 -0.000327215 -0.00020433 -0.000323718 -0.000193021
85820.000 -0.000327363 -0.000205686 -0.000336737 -0.000196171
85840.000 -0.000343204 -0.000178908 -0.000328261 -0.000186109
85860.000 -0.000357635 -2.16313e-05 -0.000375619 -3.69898e-05
85880.000 -0.000376924 0.000107008 -0.000364343 0.000131899
85900.000 -0.000325944 0.00016676 -0.000345984 0.000162185
85920.000 -0.000373227 4.85667e-05 -0.000368168 6.18861e-05
85940.000 -0.000370907 1.73088e-05 -0.000383807 -1.02397e-06
85960.000 -0.000361363 -9.33802e-05 -0.000368971 -7.11831e-05
85980.000 -0.000376661 -1.2218e-05 -0.000397571 8.37917e-06
86000.000 -0.000365273 -9.49568e-05 -0.00038248 -9.12994e-05
86020.000 -0.000317154 -0.000184091 -0.000316104 -0.000196288
86040.000 -0.000310858 -0.000239512 -0.000321401 -0.000222113
86060.000 -0.000331537 -0.000174817 -0.000332736 -0.000186689
86080.000 -0.000339708 -0.000177109 -0.00032485 -0.00019105
86100.000 -0.000328473 -0.000205281 -0.000309437 -0.000214858
86120.000 -0.000239587 -0.000275522 -0.00023242 -0.000278214
86140.000 -0.000163881 -0.000344585 -0.000141737 -0.000346093
86160.000 -1.41575e-05 -0.000375514 -4.65437e-05 -0.000383987
86180.000 6.74586e-05 -0.000370258 6.25687e-05 -0.000382509
86200.000 0.000156174 -0.000332045 0.000196709 -0.000355335
86220.000 0.000160534 -0.000360791 0.000130969 -0.000338259
86240.000 0.000100384 -0.00036193 0.000102256 -0.000359664
86260.000 3.72148e-06 -0.000386613 -5.00654e-06 -0.000378204
86280.000 1.84133e-05 -0.000360915 1.30265e-05 -0.000379504
86300.000 0.000108801 -0.000365567 0.000114931 -0.00037136
86320.000 0.00013185 -0.000358767 0.000122844 -0.000376851
86340.000 0.000144626 -0.000364627 0.000133867 -0.000363889
86360.000 8.47845e-05 -0.000377909 0.000100018 -0.000370445
86380.000 9.09107e-05 -0.000358286 0.000109177 -0.000366141
