% UltraMSK: version 1.0 beta 16
% Site: localhost.localdomain
% Date: 2015-01-22
% Frequency: 21400.000000 Hz
% Baud Rate: 200 Hz
% VLF Channel: 3
% PPS Channel: 4
% Jack Server: default
% Output Format: Cartesian
% End
68560.000 0.000288315 -0.000244439 0.000291057 -0.000219318
68580.000 0.000229393 -0.000281017 0.000242478 -0.000275672
68600.000 0.000193252 -0.000316897 0.000189525 -0.000307295
68620.000 0.000211653 -0.000285364 0.000209544 -0.000291182
68640.000 0.000239713 -0.000275461 0.000236538 -0.000271327
68660.000 0.000332868 -0.000168017 0.000309811 -0.000155294
68680.000 0.000340699 -0.000176 0.000303787 -0.000179145
68700.000 0.000307069 -0.000194466 0.000282569 -0.00021326
68720.000 0.000345549 -0.000158643 0.000327229 -0.000148766
68740.000 0.000280424 -0.000229869 0.000303428 -0.000205832
68760.000 0.000295529 -0.000187304 0.000291324 -0.000192301
68780.000 0.000360337 -8.81868e-05 0.000355374 -7.47283e-05
68800.000 0.000365638 9.12886e-05 0.00035253 8.25203e-05
68820.000 0.000312356 0.000206747 0.000304641 0.000204371
68840.000 0.000367987 0.000100092 0.000345319 7.02982e-05
68860.000 0.000364954 0.000108807 0.000352942 0.000104577
68880.000 0.000351825 0.000118824 0.000354093 9.82875e-05
68900.000 0.000350618 0.000133228 0.000344143 0.000128233
68920.000 0.000368354 3.42189e-05 0.000360167 4.41499e-05
68940.000 0.000379193 1.22915e-05 0.000365708 3.04061e-06
68960.000 0.000364783 6.66142e-05 0.00036475 6.26904e-05
68980.000 0.000335731 0.000123282 0.00034412 0.00012255
69000.000 0.000359889 5.83914e-05 0.000354822 4.88392e-05
69020.000 0.000367741 5.53431e-05 0.000363948 3.23923e-05
69040.000 0.000362852 6.05751e-05 0.000375068 6.15559e-05
69060.000 0.000367552 4.02601e-05 0.000361821 1.69064e-05
69080.000 0.00035836 0.00010681 0.000357786 9.97314e-05
69100.000 0.000296758 0.000224506 0.000300696 0.0002106
69120.000 0.000168336 0.000332825 0.00016067 0.000319499
69140.000 0.000102824 0.00036716 8.73601e-05 0.00034957
69160.000 9.30947e-05 0.000367922 8.79227e-05 0.000363615
69180.000 0.000141194 0.000346386 0.000162942 0.000343629
69200.000 3.90218e-05 0.000378658 4.11238e-05 0.0003779
% Warning: sampling overrun detected
69220.000 -0.000123987 0.000366294 -0.000109338 0.000366528
69240.000 -0.000150733 0.000365565 -0.000142555 0.000357011
69260.000 -0.000119725 0.00038111 -0.000111158 0.000366575
69280.000 -0.000232233 0.000297611 -0.000208958 0.000311623
69300.000 -0.000310163 0.000239643 -0.000292635 0.000234336
69320.000 -0.000363534 0.000184799 -0.000344289 0.000180591
69340.000 -0.000315765 0.000265512 -0.000318053 0.000253734
69360.000 -0.000185713 0.000349722 -0.000183312 0.000383541
69380.000 -0.000100032 0.000393462 -0.000109711 0.000408131
69400.000 -0.000215919 0.000354541 -0.000205377 0.00034244
69420.000 -0.000222439 0.000355979 -0.000206759 0.00033601
69440.000 -0.000323813 0.000223258 -0.000323086 0.000218729
69460.000 -0.000402356 0.000155831 -0.000372466 0.000131239
69480.000 -0.000388892 0.000108189 -0.000375624 9.17108e-05
69500.000 -0.000412384 -3.24383e-05 -0.000394785 -2.30762e-05
69520.000 -0.000378925 -3.37086e-05 -0.000399233 -4.65614e-05
69540.000 -0.000375461 -0.000125232 -0.0003582 -0.000123379
69560.000 -0.000373543 -8.2655e-05 -0.00037638 -6.7472e-05
69580.000 -0.000392602 5.85065e-06 -0.000386317 2.12252e-05
69600.000 -0.000376435 -0.000101472 -0.000350609 -0.000107462
69620.000 -0.000349866 -0.000181595 -0.000338589 -0.000158458
69640.000 -0.000358225 -0.000133631 -0.000361284 -0.000137777
69660.000 -0.000344592 -0.000149019 -0.00035291 -0.000146421
69680.000 -0.000301369 -0.000200807 -0.000295336 -0.000190713
69700.000 -0.000330144 -0.000192518 -0.000324344 -0.000199536
69720.000 -0.000244938 -0.000284938 -0.000238887 -0.000280585
69740.000 -0.000201504 -0.000295942 -0.000218652 -0.000298584
69760.000 -0.000221564 -0.00028571 -0.00024222 -0.00029397
69780.000 -0.000136658 -0.000329846 -0.000152385 -0.000339778
69800.000 -0.000201399 -0.000323372 -0.00019439 -0.00030301
69820.000 -0.000185395 -0.0003135 -0.000197893 -0.000299646
69840.000 -0.000267407 -0.000228604 -0.000281728 -0.000250387
69860.000 -0.00031644 -0.000192926 -0.000306495 -0.00017751
69880.000 -0.000324407 -0.000173507 -0.00032168 -0.000190953
69900.000 -0.000221622 -0.000303263 -0.000208538 -0.000297331
69920.000 -0.000253751 -0.00027576 -0.000233699 -0.000267602
69940.000 -0.00023483 -0.000286697 -0.000219633 -0.000299216
69960.000 -0.000248304 -0.000268565 -0.000243561 -0.000258937
69980.000 -0.000230064 -0.00029707 -0.000223193 -0.000299625
70000.000 -0.000233414 -0.000270505 -0.000239623 -0.000248124
70020.000 -0.000108116 -0.000330912 -0.000105698 -0.000344609
70040.000 -7.81488e-05 -0.000353463 -9.23172e-05 -0.00034041
70060.000 -6.10178e-05 -0.000367274 -6.23718e-05 -0.000356875
70080.000 -4.03426e-05 -0.000354172 -4.05723e-05 -0.000344587
70100.000 -2.74075e-05 -0.000358961 -2.40491e-05 -0.000366366
70120.000 4.15354e-05 -0.000349432 5.89379e-05 -0.000349851
70140.000 0.000187524 -0.000288687 0.000184368 -0.0003073
70160.000 0.00019384 -0.000297779 0.000198674 -0.000287006
70180.000 0.000145853 -0.000325086 0.000149624 -0.000320305
70200.000 0.000146752 -0.000322407 0.000143849 -0.000334942
70220.000 6.52874e-05 -0.000363551 5.85996e-05 -0.000360873
70240.000 4.47746e-05 -0.000359522 3.31386e-05 -0.000352703
70260.000 3.25143e-05 -0.000357485 4.25085e-05 -0.000356013
70280.000 -5.22681e-05 -0.000354372 -3.50797e-05 -0.000367584
70300.000 2.84709e-05 -0.000348472 3.54144e-05 -0.00035099
70320.000 -2.88818e-05 -0.000341422 -3.76684e-05 -0.000351095
70340.000 6.54441e-05 -0.000339817 6.49105e-05 -0.000345033
70360.000 5.20296e-05 -0.000351077 4.48273e-05 -0.000342945
70380.000 7.00306e-05 -0.000351073 6.13944e-05 -0.000339115
70400.000 6.0547e-05 -0.000333745 3.10394e-05 -0.000364194
70420.000 0.000151804 -0.000322481 0.0001805 -0.000308721
70440.000 0.00017644 -0.000321978 0.000158859 -0.000320955
70460.000 0.000149485 -0.000318424 0.000118535 -0.000326541
70480.000 0.000150621 -0.000333932 0.000139817 -0.000310486
70500.000 0.000170306 -0.000298585 0.000173164 -0.000306234
70520.000 0.000216393 -0.000289598 0.000214895 -0.000285178
70540.000 0.000244104 -0.000257926 0.000241931 -0.000267962
70560.000 0.000259027 -0.000238722 0.000243814 -0.000243379
70580.000 0.000336927 -0.000111149 0.000340036 -9.37925e-05
70600.000 0.000348971 -4.81302e-05 0.000350685 -3.50325e-05
70620.000 0.000344932 -6.93499e-05 0.000348989 -7.42363e-05
70640.000 0.00032764 -0.000119384 0.000327567 -0.000135116
70660.000 0.000338434 7.94865e-06 0.000339576 1.72699e-06
70680.000 0.000345356 0.000117707 0.000331294 0.000114814
70700.000 0.000224671 0.000253842 0.000230254 0.000261622
70720.000 0.000234472 0.000272912 0.000200795 0.000272126
70740.000 0.000251668 0.000227693 0.000256076 0.000236465
70760.000 0.000287096 0.000170891 0.00029577 0.000190546
70780.000 0.00015322 0.000318721 0.000144793 0.000296549
70800.000 0.000199166 0.000288652 0.000218398 0.000276236
70820.000 0.000101102 0.000321163 0.000104097 0.000328118
70840.000 0.000117543 0.000341348 0.000116832 0.000330874
70860.000 -1.83023e-05 0.000352255 -1.47757e-05 0.000337721
70880.000 -5.76645e-05 0.000343254 -7.02855e-05 0.000348241
70900.000 -2.46561e-05 0.000343153 2.3156e-07 0.000337466
70920.000 -0.000123761 0.000303929 -0.000145119 0.000320118
70940.000 -0.000278057 0.000220565 -0.00027258 0.000228465
70960.000 -0.000259995 0.00020646 -0.000265557 0.000197861
% Warning: sampling overrun detected
70980.000 -0.000256168 0.000242963 -0.000272412 0.000218011
71000.000 -0.000209505 0.000280069 -0.000198946 0.000265422
71020.000 -0.000186232 0.000283396 -0.000187558 0.000284397
71040.000 -0.000107474 0.000331288 -0.000118322 0.000316562
71060.000 -8.50355e-05 0.000325394 -7.77733e-05 0.000338685
71080.000 -0.000160247 0.000307473 -0.00016097 0.000301259
71100.000 -0.000146464 0.000304808 -0.000136818 0.000317258
71120.000 -0.000189423 0.000280723 -0.000175015 0.000286969
71140.000 -0.000235304 0.000251221 -0.000245577 0.000253166
71160.000 -0.000245464 0.000229216 -0.000252712 0.00022869
71180.000 -0.000196291 0.000288518 -0.000193114 0.000271675
71200.000 -0.000212564 0.000266451 -0.00019988 0.000268279
71220.000 -0.000171772 0.000298355 -0.000169092 0.000301004
71240.000 -5.95223e-05 0.000355206 -6.29668e-05 0.000337283
71260.000 -2.80825e-05 0.000342456 -2.24e-05 0.000357916
71280.000 -9.82671e-05 0.000329601 -7.92465e-05 0.000332314
71300.000 -0.000179609 0.000293849 -0.000177715 0.000303719
71320.000 -0.0001805 0.000291628 -0.000178972 0.000288776
71340.000 -0.000108101 0.000317588 -0.000115507 0.000319166
71360.000 -9.44947e-05 0.000324155 -7.64525e-05 0.000346288
71380.000 -6.06335e-05 0.000350149 -3.57988e-05 0.000337978
71400.000 -7.24895e-06 0.000337008 -2.39101e-05 0.000342357
71420.000 0.00011834 0.000328113 0.000115733 0.000325612
71440.000 2.34703e-05 0.000346826 4.06853e-05 0.000351424
71460.000 0.000138432 0.000320466 0.000141373 0.000302616
71480.000 0.000196293 0.000303921 0.000187873 0.000307449
71500.000 0.000198258 0.000273354 0.000204714 0.000281669
71520.000 8.59703e-05 0.000349462 9.44174e-05 0.000336884
71540.000 0.000111787 0.000344879 9.87131e-05 0.00032194
71560.000 0.000219634 0.000269989 0.000223423 0.000248916
% Warning: sampling overrun detected
71580.000 0.000170249 0.000312805 0.000157448 0.000297134
71600.000 0.000195968 0.000302536 0.000185712 0.000304894
71620.000 0.000243572 0.000269336 0.000221105 0.000276182
71640.000 0.000188502 0.000285235 0.000196276 0.000285326
71660.000 0.000125254 0.000346017 0.0001103 0.000318616
71680.000 1.05064e-05 0.000348932 -1.45389e-05 0.000351221
71700.000 -5.09754e-05 0.000342502 -5.51603e-05 0.00035153
71720.000 -0.000214062 0.000278306 -0.000209249 0.000291734
71740.000 -0.000155342 0.000333414 -0.000161706 0.000303365
71760.000 1.34401e-05 0.000355306 -1.92931e-06 0.000348159
71780.000 -2.64356e-05 0.000339129 -5.60428e-05 0.000343445
71800.000 -9.04987e-05 0.000333888 -8.73538e-05 0.00032858
71820.000 6.26117e-05 0.000341682 5.03257e-05 0.000347647
71840.000 0.000199031 0.000277653 0.000198859 0.000276849
71860.000 0.00031306 0.00014157 0.000321885 0.000147396
71880.000 0.000336733 0.000103653 0.000322902 0.000101017
71900.000 0.000298365 0.000169978 0.000295257 0.000181599
71920.000 0.000278702 0.000188357 0.000303076 0.000173563
71940.000 0.000320719 0.000142184 0.000320275 0.000129583
71960.000 0.000316238 0.000127387 0.000332482 0.00011435
71980.000 0.000327475 0.000109109 0.000333589 9.36548e-05
72000.000 0.000332451 7.09115e-05 0.000341756 7.20712e-05
72020.000 0.000305009 0.000161859 0.000305233 0.00015102
72040.000 0.00023547 0.000248063 0.000233485 0.000226577
72060.000 0.000283236 0.0002032 0.000280352 0.000167729
72080.000 0.000258674 0.000214353 0.000267722 0.000211486
72100.000 0.000313525 0.000157845 0.000300967 0.000130725
72120.000 0.000278314 0.000188102 0.000293673 0.000181358
72140.000 0.000239373 0.000265588 0.000221082 0.000256244
72160.000 0.00016963 0.000294517 0.000197914 0.000285053
72180.000 0.000166774 0.000285339 0.000149054 0.00030424
72200.000 0.000122883 0.000318593 0.000122155 0.000306106
72220.000 0.000178963 0.000289654 0.000185051 0.000279017
72240.000 0.000126882 0.000311356 0.000141778 0.000302118
72260.000 0.00016222 0.000296191 0.000160255 0.00029093
72280.000 0.000134351 0.000291358 0.000144747 0.000304288
72300.000 0.000218963 0.000269365 0.000208254 0.000267756
72320.000 0.000205833 0.00026882 0.000206804 0.000270169
72340.000 0.000208506 0.000275484 0.000181779 0.000269789
72360.000 0.000190094 0.000287794 0.000210367 0.000284966
72380.000 0.000190787 0.000285352 0.000190081 0.00027718
72400.000 0.000125421 0.000302235 0.000115057 0.000306379
72420.000 0.000196292 0.000269248 0.000190136 0.000283085
72440.000 6.3543e-05 0.000329735 5.62743e-05 0.000339224
72460.000 7.57858e-05 0.000314745 8.00517e-05 0.000322702
72480.000 0.00010486 0.000332316 9.99319e-05 0.000323361
72500.000 1.64964e-05 0.000345758 2.40828e-05 0.000338916
72520.000 9.15097e-05 0.000329278 7.15979e-05 0.000333988
72540.000 0.000109129 0.00031594 0.000100224 0.000307837
72560.000 0.000245262 0.000213294 0.000251087 0.000226009
72580.000 0.000236126 0.00022738 0.000245391 0.000233027
72600.000 0.000269957 0.000199607 0.000261314 0.000189845
72620.000 0.00031454 0.000137212 0.000313461 0.000111285
72640.000 0.000347971 5.24424e-05 0.000342565 3.93842e-05
72660.000 0.000333658 2.64122e-05 0.000327482 3.04242e-05
72680.000 0.000329413 -9.07164e-06 0.000335061 -8.24029e-06
72700.000 0.000347036 5.81972e-05 0.000339207 6.77046e-05
72720.000 0.00033497 2.85307e-05 0.000333219 1.69228e-05
72740.000 0.000327507 8.24104e-05 0.000343282 6.33742e-05
72760.000 0.00030276 0.000173739 0.000293793 0.000173205
% Warning: sampling overrun detected
72780.000 0.000198222 0.000281868 0.000200852 0.000273565
72800.000 0.000146071 0.000291396 0.000158637 0.000308087
72820.000 0.000222148 0.000235429 0.000234773 0.000241141
72840.000 0.000309177 0.000153749 0.000296016 0.000149123
72860.000 0.000322527 0.000126833 0.000314821 0.000102073
72880.000 0.000294714 0.00014173 0.000320785 0.000137776
72900.000 0.000323629 0.000114473 0.000299557 0.000110321
72920.000 0.000262955 0.000197029 0.000266053 0.000206745
72940.000 0.000202679 0.000288224 0.000189678 0.000275308
72960.000 0.000116545 0.000322478 0.000122156 0.000331931
72980.000 -3.23046e-07 0.00035098 3.6353e-06 0.0003525
73000.000 4.70202e-05 0.000333566 3.53696e-05 0.000344601
73020.000 6.1364e-05 0.000328266 5.7606e-05 0.000349733
73040.000 -7.86171e-06 0.000351357 -1.04502e-05 0.000327665
73060.000 -2.34961e-05 0.000344745 -3.76146e-05 0.000343764
73080.000 -1.27148e-05 0.000329116 -2.95512e-05 0.000325938
73100.000 7.75646e-05 0.000338777 8.1935e-05 0.000323467
73120.000 0.00017094 0.000300148 0.000164439 0.000310891
73140.000 0.000143506 0.000302802 0.000138368 0.000318258
73160.000 0.000145556 0.000299973 0.000157771 0.000295877
73180.000 0.000158348 0.000291867 0.000164694 0.000296089
73200.000 9.07397e-05 0.00031948 0.00010131 0.000317269
73220.000 -4.19893e-06 0.000336843 -3.231e-05 0.000338596
73240.000 -8.33387e-05 0.000336032 -9.435e-05 0.000326298
73260.000 -2.78449e-05 0.000350427 -5.87407e-06 0.000332263
73280.000 5.7141e-05 0.000318023 6.25116e-05 0.000319358
73300.000 0.000132248 0.000303544 0.000155165 0.000297784
73320.000 6.11713e-05 0.000323715 7.50564e-05 0.000327649
73340.000 0.000113182 0.000326657 0.000105304 0.000320732
73360.000 0.000161124 0.000297687 0.000183189 0.000285218
73380.000 0.00010043 0.000326329 8.92766e-05 0.000324895
73400.000 1.85066e-05 0.000326966 2.77583e-05 0.000339078
73420.000 0.000139636 0.000313162 0.000139936 0.000295403
73440.000 9.98107e-05 0.000325324 8.54697e-05 0.000327531
73460.000 0.000146246 0.000306423 0.000153866 0.000302459
73480.000 0.000245648 0.000241607 0.000249167 0.000203822
73500.000 0.000228246 0.000244329 0.000222189 0.000236406
73520.000 0.000277166 0.000185155 0.000273692 0.000184248
73540.000 0.000266995 0.000240719 0.000250322 0.00022404
73560.000 0.000294299 0.000183881 0.000284252 0.00019696
73580.000 0.000292709 0.000205029 0.000266072 0.000193153
73600.000 0.0002591 0.000214943 0.000277738 0.000215947
73620.000 0.000192448 0.000295008 0.000197434 0.000282862
73640.000 0.000143691 0.000312546 0.000142872 0.000327249
73660.000 0.000228534 0.000262398 0.000236686 0.000241083
73680.000 0.000233147 0.000271689 0.000234289 0.000241802
73700.000 0.000284013 0.000178598 0.000283297 0.000180196
73720.000 0.00026387 0.000183331 0.00026035 0.000187991
73740.000 0.000289527 0.000163797 0.000292946 0.000167559
73760.000 0.000259559 0.000228535 0.000252849 0.00020932
73780.000 0.000299361 0.000189044 0.000286324 0.000177169
73800.000 0.000309806 0.000142896 0.00030238 0.000130852
73820.000 0.000339444 -2.73748e-05 0.000342683 -1.05473e-05
73840.000 0.000339068 -5.0815e-05 0.000345517 -4.4069e-05
73860.000 0.000337599 -4.97979e-05 0.000333024 -7.22024e-05
73880.000 0.000342176 4.9526e-05 0.000323372 6.77549e-05
73900.000 0.000290856 0.000172739 0.000284603 0.000168696
73920.000 0.000290006 0.000167358 0.000290164 0.000162474
73940.000 0.00027283 0.000196639 0.000280986 0.000199566
73960.000 0.000175898 0.000307985 0.000189181 0.000279798
73980.000 7.66731e-05 0.000337208 5.13657e-05 0.000321635
74000.000 0.000121071 0.00032765 0.000116906 0.000313299
74020.000 0.000182206 0.000294479 0.000159664 0.000297033
74040.000 0.000180072 0.000289429 0.000173797 0.000283805
74060.000 0.00012855 0.000331564 0.000116541 0.000313633
74080.000 0.000193043 0.000281879 0.000199376 0.000273536
74100.000 0.000292594 0.000197528 0.000266381 0.000178347
74120.000 0.000208775 0.000268836 0.0001993 0.000274002
74140.000 0.000171671 0.000298585 0.00015466 0.000290875
74160.000 1.86268e-05 0.000345485 1.66841e-05 0.000342025
74180.000 -5.39949e-06 0.0003323 -9.37464e-07 0.000340532
74200.000 -2.03865e-05 0.000347935 -1.0939e-05 0.000344837
74220.000 5.54355e-05 0.000337417 5.87137e-05 0.000327804
74240.000 0.000120019 0.000338793 0.000118024 0.000325782
74260.000 0.000170183 0.000302852 0.00015811 0.000295436
74280.000 0.000233934 0.000264752 0.00023935 0.000249428
74300.000 0.000238287 0.000241995 0.000250879 0.000247878
74320.000 0.000166216 0.000291884 0.000185442 0.000282386
74340.000 0.000225635 0.000227324 0.000210218 0.000245938
74360.000 0.000349324 5.90496e-05 0.000346823 4.83405e-05
74380.000 0.000358398 5.58657e-06 0.000342646 1.15927e-05
74400.000 0.000340321 7.15403e-06 0.000340017 -1.2817e-05
74420.000 0.000343855 -6.84523e-05 0.000320364 -9.40985e-05
74440.000 0.00029691 -0.000183017 0.000291322 -0.000164336
74460.000 0.000280096 -0.000211391 0.000278873 -0.000224455
74480.000 0.000241761 -0.000241642 0.000243292 -0.000245983
74500.000 0.000279854 -0.000217728 0.000269619 -0.000196497
74520.000 0.000297913 -0.000180496 0.00028067 -0.000177551
74540.000 0.00034477 -2.85132e-05 0.00034813 -4.4435e-05
74560.000 0.000321229 -0.000104246 0.000306463 -0.000111604
% Warning: sampling overrun detected
74580.000 0.000269361 -0.000233794 0.000255049 -0.000217495
74600.000 0.000318492 -0.000121566 0.000327385 -0.000126152
74620.000 0.000340983 -7.59733e-05 0.000322474 -6.18664e-05
74640.000 0.000340044 -0.000103278 0.0003182 -9.00731e-05
74660.000 0.000347256 -2.91632e-05 0.000330023 -2.08405e-05
74680.000 0.000337905 0.000123451 0.000339455 0.000107993
74700.000 0.000337624 2.05376e-05 0.000336626 -1.77631e-06
74720.000 0.000354385 -3.48326e-06 0.000338628 -1.93888e-05
74740.000 0.000356947 5.9862e-05 0.000337818 4.91451e-05
74760.000 0.000343136 7.44426e-05 0.00031531 7.64398e-05
74780.000 0.000324706 8.96274e-05 0.000318185 9.03752e-05
74800.000 0.000287448 0.000196384 0.000285869 0.000180769
74820.000 0.00024973 0.000228907 0.000265519 0.000211859
74840.000 0.000265303 0.000194732 0.000263781 0.000200334
74860.000 0.000283389 0.000218074 0.000280947 0.000204914
74880.000 0.000296561 0.000163861 0.000308662 0.000152472
74900.000 0.000352905 1.36215e-05 0.000343574 2.35259e-05
74920.000 0.000343217 -7.30403e-05 0.000324091 -6.60841e-05
74940.000 0.00034344 -9.74957e-06 0.000345289 -1.56425e-05
74960.000 0.000318839 2.34382e-06 0.000324306 2.31728e-06
74980.000 0.000338849 -5.98514e-05 0.000331397 -7.11864e-05
75000.000 0.000302983 -0.000174978 0.000282689 -0.000179544
75020.000 0.000333001 -4.83905e-05 0.00032792 -6.01515e-05
75040.000 0.000317393 0.000159073 0.000288645 0.000153212
75060.000 0.000336277 9.84814e-05 0.000321205 6.66405e-05
75080.000 0.000328267 0.000148306 0.000310633 0.000128102
75100.000 0.000210556 0.000254504 0.000211216 0.000247302
75120.000 0.00014864 0.000312902 0.000146042 0.000314986
75140.000 0.00023653 0.000249139 0.000238703 0.000239624
75160.000 0.000261781 0.000217932 0.000268067 0.000204434
% Warning: sampling overrun detected
75180.000 0.000329756 0.000119752 0.000323523 0.000124634
75200.000 0.000306321 0.000149652 0.000321285 0.000147684
75220.000 0.000316889 0.000144621 0.000300346 0.000145143
% Warning: sampling overrun detected
75240.000 0.000313782 0.000144829 0.000309787 0.000127361
% Warning: sampling overrun detected
75260.000 0.000350949 1.73355e-05 0.000340233 8.64513e-06
% Warning: sampling overrun detected
75280.000 0.000341331 9.18343e-05 0.000340296 7.36336e-05
75300.000 0.000334679 7.90085e-05 0.000338638 7.87925e-05
75320.000 0.000339405 9.30907e-05 0.000333458 0.000100549
75340.000 0.000337273 -5.00624e-05 0.000343429 -5.26779e-05
% Warning: sampling overrun detected
75360.000 0.00034087 -7.06213e-05 0.000347336 -6.85916e-05
75380.000 0.000348894 -3.17874e-05 0.000348039 -3.91355e-05
75400.000 0.000253801 -0.000223506 0.00026016 -0.000202838
% Warning: sampling overrun detected
75420.000 0.000186458 -0.000295246 0.000173728 -0.000292819
% Warning: sampling overrun detected
75440.000 0.000144824 -0.000326447 0.000136447 -0.000310886
% Warning: sampling overrun detected
75460.000 0.000132919 -0.000306981 0.000150844 -0.000322613
% Warning: sampling overrun detected
75480.000 0.000187444 -0.00029371 0.000166194 -0.000292972
75500.000 0.000291298 -0.000188007 0.000305388 -0.000153455
75520.000 0.000327877 -0.000104606 0.000323348 -9.19703e-05
% Warning: sampling overrun detected
75540.000 0.000345133 -9.24617e-05 0.000333696 -9.07828e-05
% Warning: sampling overrun detected
75560.000 0.000303185 -0.000168185 0.000285539 -0.000166944
% Warning: sampling overrun detected
75580.000 0.00025421 -0.000229009 0.000235387 -0.000233117
% Warning: sampling overrun detected
75600.000 0.000248555 -0.00023184 0.000252418 -0.000234369
% Warning: sampling overrun detected
75620.000 0.000210192 -0.000275876 0.000194339 -0.000287129
% Warning: sampling overrun detected
75640.000 9.84318e-05 -0.000323755 9.13649e-05 -0.000327545
75660.000 6.47676e-05 -0.000340448 6.35944e-05 -0.000337637
75680.000 8.26691e-05 -0.000337343 7.05917e-05 -0.000330948
75700.000 8.67499e-05 -0.000333107 6.66372e-05 -0.000331447
75720.000 4.719e-05 -0.000344876 6.1613e-05 -0.000339809
75740.000 4.07844e-05 -0.00034558 3.96595e-05 -0.000343465
75760.000 1.61405e-05 -0.000333919 2.46358e-05 -0.000342584
75780.000 0.000119452 -0.000315623 0.000110549 -0.000345343
75800.000 5.71243e-05 -0.000343411 6.68697e-05 -0.000336395
75820.000 7.78492e-05 -0.000334237 8.52816e-05 -0.000337639
75840.000 0.000167477 -0.000282831 0.000166309 -0.000304495
75860.000 0.000204189 -0.000278213 0.000207053 -0.000273378
75880.000 0.000274441 -0.000200727 0.000264681 -0.000210531
75900.000 0.000333905 -0.000104885 0.000324007 -0.000109404
75920.000 0.00032189 -0.000146458 0.000317463 -0.000135994
75940.000 0.000326279 -0.000117657 0.000325955 -0.000112782
75960.000 0.000316436 -0.000133073 0.000323402 -0.00011309
75980.000 0.000332024 -8.08195e-05 0.000347053 -8.48844e-05
76000.000 0.000307702 -0.000160149 0.000299658 -0.000170372
76020.000 0.000343415 -3.30805e-05 0.00034479 -2.60943e-05
76040.000 0.000320276 0.000104769 0.000314516 0.000102484
76060.000 0.00032204 0.000103172 0.000329696 0.000102344
76080.000 0.000348831 -3.91104e-05 0.00034002 -3.21547e-05
76100.000 0.000262031 -0.000203504 0.000284686 -0.000195369
76120.000 0.000190465 -0.000289646 0.000181481 -0.000284795
76140.000 0.00018845 -0.000286511 0.000192128 -0.000274125
76160.000 0.000155799 -0.000303876 0.00016029 -0.000310566
76180.000 -7.43324e-05 -0.000320311 -7.69482e-05 -0.000330218
76200.000 -0.000266252 -0.000195313 -0.000289061 -0.000200701
76220.000 -0.000258415 -0.00021803 -0.000269546 -0.000210903
76240.000 -0.000195472 -0.000283381 -0.000187481 -0.00028327
76260.000 -0.00019373 -0.000287873 -0.000198143 -0.000282654
76280.000 -0.000258078 -0.000221463 -0.000253364 -0.000236335
76300.000 -0.000222152 -0.00026355 -0.000214892 -0.000270037
76320.000 -0.000140653 -0.000334684 -0.000136518 -0.000307677
76340.000 -0.000179856 -0.000288616 -0.000170605 -0.000300991
76360.000 -0.000124747 -0.000304511 -0.000114459 -0.000316321
% Warning: sampling overrun detected
76380.000 -0.000149772 -0.000311215 -0.000151836 -0.000300265
% Warning: sampling overrun detected
76400.000 -0.000116806 -0.000329337 -0.000102866 -0.000325457
% Warning: sampling overrun detected
76420.000 -0.000163842 -0.000278821 -0.000168116 -0.000280879
% Warning: sampling overrun detected
76440.000 -0.000308638 -0.000136695 -0.000294818 -0.000155933
% Warning: sampling overrun detected
76460.000 -0.000291334 -0.000178649 -0.00028911 -0.000162392
% Warning: sampling overrun detected
76480.000 -0.000274705 -0.000205324 -0.000269644 -0.000216339
% Warning: sampling overrun detected
76500.000 -0.000269004 -0.000200869 -0.000271719 -0.000192751
% Warning: sampling overrun detected
76520.000 -0.000220007 -0.000268563 -0.00022431 -0.000246923
% Warning: sampling overrun detected
76540.000 -0.000178108 -0.0003024 -0.000165463 -0.000298461
% Warning: sampling overrun detected
76560.000 -0.000164257 -0.000291168 -0.000188256 -0.000290421
% Warning: sampling overrun detected
76580.000 -8.22998e-05 -0.000331343 -9.07636e-05 -0.000331981
% Warning: sampling overrun detected
76600.000 -2.25092e-05 -0.00034331 -3.86455e-05 -0.000337355
% Warning: sampling overrun detected
76620.000 -7.85926e-05 -0.000339728 -8.59856e-05 -0.000333527
% Warning: sampling overrun detected
76640.000 -0.000258713 -0.000238783 -0.000242763 -0.000223568
76660.000 -0.000281459 -0.000207307 -0.000261534 -0.000205945
% Warning: sampling overrun detected
76680.000 -0.000135965 -0.0002968 -0.000145169 -0.00029759
% Warning: sampling overrun detected
76700.000 -0.000152382 -0.000316042 -0.00012206 -0.000304491
% Warning: sampling overrun detected
76720.000 -6.50016e-05 -0.00033956 -7.10096e-05 -0.000336628
% Warning: sampling overrun detected
76740.000 -0.000134442 -0.00032166 -0.000135052 -0.000305169
% Warning: sampling overrun detected
76760.000 -0.000189505 -0.000279866 -0.000219082 -0.000284827
% Warning: sampling overrun detected
76780.000 -0.000226361 -0.000261549 -0.000227025 -0.000251678
% Warning: sampling overrun detected
76800.000 -0.000315243 -0.000112628 -0.000307698 -0.000137305
% Warning: sampling overrun detected
76820.000 -0.000343387 3.29229e-05 -0.000338276 2.42346e-05
% Warning: sampling overrun detected
76840.000 -0.000341678 -1.7062e-05 -0.000352506 1.1535e-06
% Warning: sampling overrun detected
76860.000 -0.000328253 -0.000116436 -0.000310707 -0.000119745
% Warning: sampling overrun detected
76880.000 -0.000329964 -0.000148949 -0.000302444 -0.000122299
% Warning: sampling overrun detected
76900.000 -0.000277321 -0.000207203 -0.000257511 -0.000221214
% Warning: sampling overrun detected
76920.000 -0.000200428 -0.000261112 -0.000220595 -0.000263554
% Warning: sampling overrun detected
76940.000 -0.000210942 -0.00027701 -0.000231742 -0.000251808
% Warning: sampling overrun detected
76960.000 -0.000159783 -0.000311405 -0.000159483 -0.000307988
% Warning: sampling overrun detected
76980.000 -0.000158204 -0.00030824 -0.000156406 -0.000310736
77000.000 -0.000177638 -0.000288904 -0.000162782 -0.00030743
77020.000 -0.000239468 -0.000255097 -0.000223239 -0.000258048
77040.000 -0.000228598 -0.000252217 -0.000236517 -0.000267586
77060.000 -0.000218245 -0.000257499 -0.000235332 -0.00024455
77080.000 -0.000255965 -0.000234676 -0.0002596 -0.000234287
77100.000 -0.0002712 -0.000202571 -0.000268047 -0.00022717
77120.000 -0.000328922 -0.00010832 -0.000329626 -0.000101811
77140.000 -0.000300813 -0.000164462 -0.000298097 -0.000173047
77160.000 -0.000266322 -0.000227249 -0.000264614 -0.000227745
77180.000 -0.000276739 -0.000218636 -0.000271672 -0.000202638
77200.000 -0.000182719 -0.000310712 -0.000156499 -0.000315282
77220.000 -0.000120801 -0.000316206 -0.000149437 -0.000300026
77240.000 -5.03778e-05 -0.000348979 -5.45744e-05 -0.000342939
77260.000 -0.000173709 -0.000320459 -0.000161948 -0.000307983
77280.000 -0.000216749 -0.000279828 -0.000218765 -0.0002656
77300.000 -0.000212872 -0.000286444 -0.00020494 -0.00028566
77320.000 -0.000211617 -0.000283884 -0.000201817 -0.000285725
77340.000 -0.000170955 -0.000316797 -0.000170081 -0.00031439
77360.000 -0.000238162 -0.000245228 -0.000253195 -0.000223172
77380.000 -0.000304047 -0.000180868 -0.000287878 -0.000173014
77400.000 -0.000192341 -0.000273747 -0.000188788 -0.000287708
77420.000 -0.000140228 -0.00033532 -0.000113815 -0.000321012
77440.000 -7.89085e-05 -0.000338293 -8.43013e-05 -0.00034759
77460.000 2.68971e-06 -0.000357274 -6.61135e-06 -0.00035196
77480.000 5.4191e-05 -0.000347403 4.51628e-05 -0.000354185
77500.000 0.00014107 -0.000326432 0.000129921 -0.000324513
77520.000 0.00010953 -0.000342843 9.81991e-05 -0.000331405
77540.000 6.58626e-05 -0.000350102 5.81713e-05 -0.000339698
77560.000 1.62401e-05 -0.000353895 2.29836e-05 -0.000350969
77580.000 -0.000190245 -0.000296097 -0.000183783 -0.000290814
77600.000 -0.00021263 -0.0002693 -0.000214553 -0.000278911
77620.000 -0.000172086 -0.000300959 -0.000182434 -0.0002879
77640.000 -9.24094e-05 -0.000325618 -7.14577e-05 -0.000334328
77660.000 -8.54288e-05 -0.00034344 -9.28417e-05 -0.000323933
77680.000 -0.000208521 -0.000263645 -0.000199698 -0.000276364
77700.000 -0.000230244 -0.000246868 -0.000217811 -0.000249445
77720.000 -0.000245216 -0.000252396 -0.000241543 -0.000245901
77740.000 -0.000292897 -0.000176279 -0.000298345 -0.000174622
77760.000 -0.00034098 -9.90319e-05 -0.000346829 -9.81858e-05
77780.000 -0.000305214 -0.000172875 -0.000286182 -0.000166452
77800.000 -0.000321391 -0.000139804 -0.000330359 -0.000132208
77820.000 -0.000313813 -0.000154063 -0.000294911 -0.000157071
77840.000 -0.000286308 -0.000193563 -0.00026963 -0.000216115
77860.000 -0.000274519 -0.000209728 -0.000260356 -0.000216898
77880.000 -0.000300429 -0.000184281 -0.000284073 -0.000189466
77900.000 -0.000345142 -0.000102303 -0.000328052 -0.000103093
77920.000 -0.000339001 -1.55454e-05 -0.000348418 7.62682e-06
77940.000 -0.000345691 -2.99104e-05 -0.000354364 -1.50981e-05
77960.000 -0.000364399 4.88059e-06 -0.000333867 5.14646e-06
77980.000 -0.000350563 1.33604e-05 -0.000349029 2.31282e-05
78000.000 -0.000334258 8.69334e-05 -0.000342262 7.95238e-05
78020.000 -0.000337186 9.92991e-05 -0.00034087 8.87642e-05
78040.000 -0.000314108 0.000171054 -0.000308841 0.000164833
78060.000 -0.000288837 0.000181798 -0.00030219 0.000160255
78080.000 -0.000310493 0.000171318 -0.000303747 0.000170605
78100.000 -0.000343631 8.88658e-05 -0.000331283 8.3303e-05
78120.000 -0.000336961 -0.000113914 -0.000326164 -9.61585e-05
78140.000 -0.00035417 -6.4215e-05 -0.000335028 -5.75521e-05
78160.000 -0.000364651 -2.79037e-06 -0.000328529 -2.92519e-08
78180.000 -0.000352385 -7.97283e-05 -0.000335109 -7.10138e-05
78200.000 -0.000222219 -0.000266542 -0.000229025 -0.000243949
78220.000 -8.91812e-06 -0.000341242 -2.98198e-05 -0.000346988
78240.000 -9.50685e-05 -0.000333124 -0.000110276 -0.00033276
78260.000 -0.000102645 -0.000339342 -8.65173e-05 -0.000336655
78280.000 -8.65429e-06 -0.0003533 8.78613e-06 -0.000334322
78300.000 -1.45512e-05 -0.000331834 -1.1929e-05 -0.000350913
78320.000 -5.71445e-05 -0.000367237 -3.21796e-05 -0.000356139
78340.000 -5.34136e-05 -0.000343884 -4.78673e-05 -0.00034636
78360.000 -1.24398e-05 -0.000355839 -3.8129e-06 -0.000341735
78380.000 9.29695e-05 -0.000337778 9.74915e-05 -0.000326316
78400.000 0.000137935 -0.000327421 0.000127219 -0.000325223
78420.000 1.13771e-05 -0.000352113 -6.6008e-06 -0.000330868
78440.000 -1.99455e-05 -0.000334926 -4.031e-05 -0.000333136
78460.000 -3.94253e-05 -0.0003552 -9.81611e-06 -0.00034529
78480.000 7.19308e-05 -0.000333522 4.63994e-05 -0.000345542
78500.000 0.000142688 -0.000318044 0.000128152 -0.000313659
78520.000 0.000221695 -0.000276393 0.000216727 -0.000261728
78540.000 0.000269481 -0.000213583 0.000273639 -0.00019702
78560.000 0.000316296 -0.000164802 0.000294702 -0.000171599
78580.000 0.000345974 -0.000103387 0.000316153 -0.000102161
78600.000 0.000352827 -6.42169e-05 0.000340112 -6.72827e-05
78620.000 0.000340875 -0.00011547 0.000330045 -0.000101007
78640.000 0.000318724 -0.000160096 0.00031478 -0.00015077
78660.000 0.000327867 -0.00015551 0.000308523 -0.000141695
78680.000 0.000276939 -0.000237074 0.000267867 -0.000223201
78700.000 0.00021216 -0.000279701 0.000199708 -0.000287045
78720.000 0.000315482 -0.000164291 0.000299926 -0.000168462
78740.000 0.000328252 -0.000133029 0.000313183 -0.000126487
78760.000 0.000333001 -0.000108007 0.000321935 -0.000104356
% Warning: sampling overrun detected
78780.000 0.000332981 -0.000112468 0.000312678 -0.000105385
78800.000 0.000276889 -0.000179813 0.000276653 -0.000176887
78820.000 0.000158914 -0.000295876 0.000170974 -0.00029535
78840.000 7.3645e-05 -0.000327159 7.34058e-05 -0.000336524
78860.000 -5.53907e-05 -0.000327121 -5.45691e-05 -0.000336212
78880.000 -0.000229297 -0.000268207 -0.000231569 -0.000262288
78900.000 -0.000262029 -0.000208814 -0.000272052 -0.000229683
78920.000 -0.000298959 -0.000160596 -0.000289176 -0.00015535
78940.000 -0.000278748 -0.000201157 -0.000272784 -0.000199988
78960.000 -0.000199996 -0.000261492 -0.000221597 -0.000268805
78980.000 -0.000317994 -0.000162011 -0.000288342 -0.000156521
79000.000 -0.000337588 3.25863e-05 -0.000344027 4.25547e-05
79020.000 -0.000340677 9.55698e-05 -0.000342502 7.42747e-05
79040.000 -0.000245932 0.000214993 -0.000261976 0.000212184
79060.000 -0.000217176 0.000267884 -0.000212133 0.000275301
79080.000 -0.000276171 0.000207666 -0.000283816 0.000200085
79100.000 -0.000232445 0.000248238 -0.000250354 0.000253348
79120.000 -0.000178711 0.000297384 -0.000178008 0.000298254
79140.000 -6.92791e-05 0.000344849 -7.3873e-05 0.000349828
79160.000 -1.84913e-05 0.000337721 -1.75046e-05 0.000353832
79180.000 -7.39272e-05 0.000344053 -7.21713e-05 0.000346775
79200.000 0.000150924 0.000317718 0.000151015 0.00030255
79220.000 0.000271447 0.000225478 0.000286468 0.000209377
79240.000 0.000309561 0.00015582 0.000308149 0.000184808
79260.000 0.000311989 0.000144106 0.000313483 0.000132739
79280.000 0.000281757 0.000174969 0.000290029 0.000170049
79300.000 0.000278005 0.000192879 0.000296575 0.000196113
79320.000 0.000299984 0.000165207 0.00031189 0.000156473
79340.000 0.000342624 1.91561e-05 0.000353437 3.57596e-05
79360.000 0.000324294 3.76897e-05 0.000349876 4.46932e-05
79380.000 0.000343444 1.45574e-05 0.000355003 1.12387e-05
79400.000 0.000345701 -1.02608e-05 0.000346354 -6.08847e-06
79420.000 0.000252141 -0.000190647 0.00026534 -0.000192789
79440.000 0.000150991 -0.000313351 0.000148959 -0.000299974
79460.000 1.70565e-06 -0.000332164 1.18518e-05 -0.000346216
79480.000 -9.14495e-05 -0.000325994 -8.76107e-05 -0.000343999
79500.000 -1.58415e-05 -0.000332673 -3.15093e-05 -0.000339942
79520.000 0.00011316 -0.000331213 0.000110153 -0.000333423
79540.000 1.84045e-05 -0.000341075 8.15776e-06 -0.000355058
79560.000 -3.99704e-05 -0.000346623 -5.03222e-05 -0.000343357
79580.000 4.11804e-05 -0.000350808 4.00278e-05 -0.0003311
79600.000 9.76413e-06 -0.000358231 1.35388e-05 -0.000343521
79620.000 -3.94694e-05 -0.000355437 -3.94638e-05 -0.000337493
79640.000 -3.06904e-05 -0.000341655 -3.10142e-05 -0.000352099
79660.000 -6.53404e-05 -0.000332554 -8.02502e-05 -0.000338301
79680.000 -4.84952e-05 -0.000335462 -7.10947e-05 -0.00034124
79700.000 -7.34472e-05 -0.000340622 -7.34024e-05 -0.000331702
79720.000 -0.000122046 -0.000334381 -0.000110413 -0.00032442
79740.000 -0.000198736 -0.000284209 -0.000187983 -0.000290028
79760.000 -9.63717e-05 -0.000324526 -8.82553e-05 -0.000341773
79780.000 9.21435e-05 -0.000334535 9.71964e-05 -0.00034559
79800.000 0.000257805 -0.000216854 0.000257692 -0.000238695
79820.000 0.000296177 -0.000182981 0.000288481 -0.000169741
79840.000 0.000318224 -0.000123071 0.000324672 -0.000137373
79860.000 0.000293358 -0.000196057 0.000291216 -0.000198487
79880.000 0.000282402 -0.000188516 0.00027293 -0.000202211
79900.000 7.61608e-05 -0.000342022 9.07199e-05 -0.000335806
79920.000 4.64594e-05 -0.00033939 4.82271e-05 -0.000342013
79940.000 0.000112686 -0.000319556 0.000123718 -0.000327796
79960.000 2.48711e-05 -0.000335303 4.7586e-05 -0.000341647
79980.000 4.19468e-05 -0.000329371 4.17722e-05 -0.00034729
80000.000 3.75577e-05 -0.000345795 1.68872e-05 -0.000351944
80020.000 2.50331e-05 -0.000339177 1.39069e-05 -0.000337323
80040.000 -5.58222e-05 -0.000333763 -6.03849e-05 -0.000334867
80060.000 -7.73397e-05 -0.000331862 -6.5861e-05 -0.000327643
80080.000 -0.000170531 -0.000299538 -0.000175764 -0.000288795
80100.000 -7.42403e-05 -0.000337391 -7.67604e-05 -0.000326166
80120.000 -5.25119e-05 -0.000344636 -7.60018e-05 -0.000344636
80140.000 -2.09616e-05 -0.000334102 -9.22584e-06 -0.000348902
80160.000 -8.08949e-05 -0.000338564 -8.52745e-05 -0.000332083
80180.000 -6.68917e-05 -0.000339107 -9.71238e-05 -0.000328149
80200.000 -6.5882e-05 -0.000308272 -7.92329e-05 -0.000337922
80220.000 -3.82473e-05 -0.000351015 -3.86807e-05 -0.000332943
80240.000 -7.93263e-05 -0.000338336 -8.43097e-05 -0.000347208
80260.000 -5.24376e-05 -0.000349206 -5.87872e-05 -0.00035339
80280.000 -3.84015e-05 -0.000355997 -4.95294e-05 -0.000335995
80300.000 4.25787e-05 -0.000325235 4.9969e-05 -0.000342072
80320.000 3.7646e-05 -0.000344068 3.98096e-05 -0.000347878
80340.000 -1.89758e-05 -0.000339766 -1.8231e-05 -0.000342726
80360.000 -0.000257027 -0.000217963 -0.000255676 -0.000233772
80380.000 -0.000276566 -0.000187289 -0.000268804 -0.0001885
80400.000 -0.000320491 -0.00013607 -0.000326031 -0.000145419
80420.000 -0.000336429 -0.000128166 -0.000348415 -0.000138115
80440.000 -0.000338924 -4.37944e-05 -0.000344276 -6.94639e-05
80460.000 -0.00034853 -1.29909e-05 -0.000336018 -1.95141e-05
80480.000 -0.000342565 1.44056e-05 -0.000342412 8.30179e-06
80500.000 -0.000329638 -0.000108502 -0.000319066 -0.000111534
80520.000 -0.000305702 -0.000156099 -0.000305314 -0.000154975
80540.000 -0.000245714 -0.00024073 -0.000231334 -0.000244557
80560.000 -0.00018783 -0.000290677 -0.000194464 -0.000275216
% Warning: sampling overrun detected
80580.000 -7.6622e-05 -0.00033982 -9.39066e-05 -0.00032486
80600.000 -4.28199e-05 -0.000339335 -7.31901e-05 -0.000342613
80620.000 -7.03552e-05 -0.000339224 -9.50778e-05 -0.000335477
% Warning: sampling overrun detected
80640.000 -0.000201078 -0.000273931 -0.000200432 -0.000276286
80660.000 -0.00011571 -0.000331757 -9.96146e-05 -0.000334229
80680.000 -2.77844e-05 -0.000356878 -1.21964e-05 -0.00034864
% Warning: sampling overrun detected
80700.000 4.24463e-05 -0.000347258 4.20649e-05 -0.000337228
80720.000 -8.37189e-05 -0.000338749 -8.46094e-05 -0.00032466
80740.000 -0.000202685 -0.000281328 -0.000209588 -0.00026591
% Warning: sampling overrun detected
80760.000 -0.000281241 -0.000222203 -0.000280432 -0.000187807
% Warning: sampling overrun detected
80780.000 -0.000292619 -0.000158317 -0.000292947 -0.000180721
% Warning: sampling overrun detected
80800.000 -0.000231267 -0.00025243 -0.000228941 -0.000245374
80820.000 -0.000241098 -0.000231459 -0.000240388 -0.000248638
80840.000 -0.00024954 -0.000232998 -0.00025442 -0.000233114
80860.000 -0.000310158 -0.000126922 -0.000331465 -0.00012163
% Warning: sampling overrun detected
80880.000 -0.000329095 -0.000113566 -0.000333925 -0.000135406
% Warning: sampling overrun detected
80900.000 -0.000233486 -0.000244851 -0.000237063 -0.000252206
% Warning: sampling overrun detected
80920.000 -0.000195952 -0.000261947 -0.000212486 -0.000262898
% Warning: sampling overrun detected
80940.000 -0.000265851 -0.000209289 -0.000276628 -0.000224088
80960.000 -0.000189209 -0.000294763 -0.000175148 -0.000294662
80980.000 -9.27979e-05 -0.000325685 -8.07183e-05 -0.000320581
% Warning: sampling overrun detected
81000.000 -1.68085e-05 -0.000341283 -1.16771e-05 -0.000347843
81020.000 0.000176807 -0.000276266 0.000184318 -0.000277714
81040.000 0.000106244 -0.000321185 0.00012361 -0.000321108
% Warning: sampling overrun detected
81060.000 8.30117e-05 -0.000327794 8.1651e-05 -0.000318774
81080.000 8.20462e-05 -0.000325258 6.48888e-05 -0.000326089
81100.000 4.62367e-05 -0.000320213 4.8428e-05 -0.000339697
% Warning: sampling overrun detected
81120.000 0.000209859 -0.000236172 0.00023389 -0.000242567
% Warning: sampling overrun detected
81140.000 0.00026684 -0.000181594 0.000277262 -0.000175068
% Warning: sampling overrun detected
81160.000 0.00030995 -8.42174e-05 0.000326898 -6.7445e-05
81180.000 0.00031321 -9.64948e-05 0.000328257 -9.54472e-05
81200.000 0.000319074 -9.43916e-05 0.000331707 -7.57675e-05
81220.000 0.000316902 2.01186e-05 0.000331461 1.86164e-05
81240.000 0.000276326 0.000171336 0.000283375 0.000178186
81260.000 0.000213436 0.000252602 0.000229866 0.000260337
81280.000 0.000214885 0.000258251 0.000207884 0.000257332
81300.000 0.00029264 0.000137518 0.000295065 0.000148634
81320.000 0.000334443 0.000109128 0.00031891 0.000105329
81340.000 0.000282723 0.00017383 0.000284996 0.000189377
81360.000 0.00029273 0.000178147 0.000302088 0.000148018
81380.000 0.000321731 0.000111898 0.000324209 8.8596e-05
81400.000 0.00032642 4.57394e-05 0.000330342 7.14041e-05
81420.000 0.000329156 8.87985e-05 0.000340896 9.64609e-05
81440.000 0.000324516 0.000125882 0.000335888 0.000131309
81460.000 0.000307317 0.000149506 0.000319071 0.000152485
81480.000 0.00033143 0.000108267 0.000324978 0.000120956
81500.000 0.000272744 0.00021059 0.00027817 0.000218893
81520.000 0.000186052 0.000285134 0.000193058 0.000290019
81540.000 0.000284858 0.000192785 0.00029518 0.000206745
81560.000 0.000288493 0.000193555 0.000280782 0.000201065
81580.000 0.000311562 0.00015646 0.000304621 0.000162205
81600.000 0.000337012 6.85101e-05 0.000333476 9.40319e-05
81620.000 0.000337237 -6.16031e-05 0.000341683 -6.68829e-05
81640.000 0.000342866 -4.10061e-05 0.000335113 -3.48808e-05
81660.000 0.000339312 -7.6513e-05 0.000332913 -6.4975e-05
81680.000 0.000335685 6.04657e-05 0.000344226 5.59638e-05
81700.000 0.000332908 1.36088e-05 0.000334664 -3.28318e-06
81720.000 0.000333425 -5.64279e-05 0.000353277 -6.22252e-05
81740.000 0.000349244 -3.48726e-05 0.000340909 -3.75474e-05
81760.000 0.000268495 -0.00019787 0.000280761 -0.000179025
% Warning: sampling overrun detected
81780.000 0.000230029 -0.000249388 0.000232034 -0.00025052
81800.000 0.00013056 -0.000312827 0.000124842 -0.00030303
81820.000 0.000146323 -0.000299985 0.000135998 -0.000310254
81840.000 0.000252232 -0.000219563 0.000240173 -0.00022284
81860.000 0.000283607 -0.000161822 0.000287197 -0.000173593
81880.000 0.000283237 -0.000191641 0.00028194 -0.000202183
81900.000 0.000260633 -0.00023539 0.000242445 -0.000230181
81920.000 0.000184581 -0.000272851 0.000190192 -0.000280838
81940.000 0.000165803 -0.000291763 0.00017988 -0.000284078
81960.000 1.32866e-05 -0.000344689 1.6437e-05 -0.000342163
81980.000 -9.29671e-05 -0.000319787 -0.000104536 -0.000325015
82000.000 -0.000220804 -0.000275694 -0.000224582 -0.00027073
82020.000 -5.6952e-05 -0.000330313 -7.6298e-05 -0.000344536
82040.000 -2.81811e-05 -0.000339524 -3.56645e-05 -0.000333445
82060.000 -4.63476e-05 -0.000344672 -4.05712e-05 -0.000341484
82080.000 -5.33004e-05 -0.000330675 -6.19958e-05 -0.000329241
82100.000 -0.000139965 -0.000305265 -0.000140564 -0.000317081
82120.000 -0.000162409 -0.000307403 -0.00013926 -0.00030197
82140.000 -0.000305588 -0.000146546 -0.00028885 -0.000155148
82160.000 -0.00033196 3.06582e-05 -0.000337655 1.30126e-05
82180.000 -0.00034731 7.03045e-05 -0.000316731 6.851e-05
82200.000 -0.000325265 8.66285e-05 -0.000320473 9.4394e-05
82220.000 -0.000320853 7.18473e-05 -0.000328152 0.000109901
82240.000 -0.000323965 6.29362e-06 -0.000327463 9.74568e-06
82260.000 -0.000331419 -2.34719e-05 -0.000365256 -4.45408e-05
82280.000 -0.000352821 3.21798e-06 -0.000336757 -1.75743e-06
82300.000 -0.000332536 4.46221e-05 -0.000335866 2.60983e-05
82320.000 -0.000333444 6.3731e-05 -0.00034141 8.44735e-05
82340.000 -0.000327541 5.51433e-05 -0.000342306 5.4798e-05
82360.000 -0.00030094 0.000138031 -0.000313206 0.000143069
82380.000 -0.000292958 0.000152777 -0.00029815 0.000154674
82400.000 -0.000284086 0.000186206 -0.00029482 0.000182565
82420.000 -0.000261249 0.000223505 -0.000244968 0.000230548
82440.000 -0.000327682 0.000123292 -0.000317197 0.000116165
82460.000 -0.000298776 0.000154683 -0.000308838 0.000150351
82480.000 -0.00029279 0.000185379 -0.000291826 0.000164815
82500.000 -0.000319734 0.000120133 -0.000320905 0.000125476
82520.000 -0.000343957 7.27802e-05 -0.00033525 7.76262e-05
82540.000 -0.000328395 9.25212e-05 -0.000324279 9.58895e-05
82560.000 -0.000344356 9.51482e-05 -0.000333017 8.91216e-05
82580.000 -0.000331268 6.2724e-05 -0.000333671 0.000103228
82600.000 -0.0003337 7.76042e-05 -0.000328141 9.12026e-05
82620.000 -0.000332018 1.45593e-05 -0.000353886 3.10584e-05
82640.000 -0.000344191 4.31912e-05 -0.000344414 3.58529e-05
82660.000 -0.000349923 6.253e-05 -0.000335257 4.69586e-05
82680.000 -0.000337734 -3.18277e-05 -0.000338924 -3.85803e-05
82700.000 -0.00035075 -1.12207e-05 -0.000341263 -4.29271e-06
82720.000 -0.000302554 0.000147887 -0.000313294 0.000150492
82740.000 -0.000295768 0.000179231 -0.000296705 0.000173071
82760.000 -0.000298058 0.00014768 -0.000314476 0.000151442
82780.000 -0.000338423 8.84427e-05 -0.000341047 6.89625e-05
82800.000 -0.000326907 8.03491e-05 -0.000322657 8.60476e-05
82820.000 -0.000320691 0.000102204 -0.000322268 0.000117893
82840.000 -0.000342355 4.61614e-05 -0.000326128 5.26619e-05
82860.000 -0.00025616 0.000208473 -0.000260303 0.000200163
82880.000 -0.000166319 0.000282989 -0.00016198 0.000296285
82900.000 -0.00012564 0.000307763 -0.000121448 0.000309
82920.000 -0.000110761 0.00031405 -0.000100301 0.000331154
82940.000 -0.000107123 0.000317061 -9.03633e-05 0.000313554
82960.000 -0.000117026 0.000313926 -0.000121492 0.000305222
82980.000 -0.000105426 0.000310238 -0.000106469 0.000324821
83000.000 -4.45727e-05 0.000327075 -6.33839e-05 0.000325686
83020.000 9.7273e-05 0.000311321 0.000116779 0.000310578
83040.000 6.24278e-05 0.000322194 3.73754e-05 0.000317268
83060.000 0.000122324 0.000288194 0.00011488 0.000295534
83080.000 0.000212592 0.000243398 0.000214251 0.000251876
83100.000 0.000131292 0.000300367 0.00016762 0.000298687
83120.000 0.000168381 0.000286648 0.000146165 0.00029122
83140.000 0.000247586 0.000200246 0.000266037 0.000196015
83160.000 0.000157139 0.000271496 0.0001652 0.000267741
83180.000 0.000267663 0.000199667 0.0002679 0.000184394
83200.000 0.000289633 0.000160831 0.000281584 0.000155262
83220.000 0.000273233 0.000146159 0.00029099 0.000159012
83240.000 0.000255066 0.000196818 0.000275242 0.000197113
83260.000 0.000216484 0.000235769 0.000221428 0.000232403
83280.000 0.000134287 0.000302033 0.000142926 0.000305107
83300.000 3.75419e-05 0.000333585 3.15386e-05 0.000336476
83320.000 5.0706e-05 0.000326681 3.78486e-05 0.000339727
83340.000 -5.75518e-05 0.000324995 -4.78767e-05 0.000335897
83360.000 -2.08827e-06 0.000344805 -7.08808e-06 0.000341245
83380.000 -4.91574e-05 0.000322989 -3.84909e-05 0.000329119
83400.000 -6.34952e-05 0.000331173 -7.1586e-05 0.000325579
83420.000 -6.76308e-05 0.000334864 -5.79333e-05 0.000316438
83440.000 1.78402e-06 0.000325925 4.65445e-06 0.000335369
83460.000 6.0801e-07 0.000324734 -1.46913e-05 0.000332826
83480.000 8.78561e-07 0.000331299 1.03377e-05 0.000335085
83500.000 0.000129464 0.0002856 0.000151277 0.000290231
83520.000 0.000226468 0.000228584 0.000228586 0.000218319
83540.000 0.000240506 0.000206242 0.000255635 0.000215241
83560.000 0.000235317 0.000249836 0.00022781 0.000240651
% Warning: sampling overrun detected
83580.000 0.000293217 0.000146895 0.000290313 0.00014965
83600.000 0.000289418 0.000141003 0.00028496 0.000143177
83620.000 0.000314579 4.33311e-05 0.000315443 4.85747e-05
83640.000 0.000293458 0.000122735 0.000305212 0.000122386
83660.000 0.000316198 3.00452e-05 0.000325365 1.45543e-05
83680.000 0.000314902 4.87324e-05 0.000321793 4.52269e-05
83700.000 0.000301357 0.00010265 0.000297034 9.09761e-05
83720.000 0.000327671 4.53821e-06 0.000334782 1.96103e-05
83740.000 0.000323135 -3.2861e-05 0.000328618 -4.76502e-05
83760.000 0.000319576 -3.71434e-05 0.000325633 -3.50181e-05
83780.000 0.000311657 7.47452e-05 0.000324535 5.9225e-05
83800.000 0.000294488 0.0001291 0.000302019 0.000126479
83820.000 0.000261024 0.000176409 0.000279003 0.000189683
83840.000 0.000255646 0.000187173 0.000269158 0.000192193
83860.000 0.000234149 0.000236633 0.000213341 0.000248805
83880.000 0.000274768 0.00017322 0.000289904 0.000158373
83900.000 0.000277347 0.00017695 0.000272659 0.000181271
83920.000 0.000209841 0.000248792 0.000207555 0.000269051
83940.000 0.000266603 0.000162381 0.00027658 0.000171124
83960.000 0.000238806 0.000223032 0.000247345 0.00021166
83980.000 0.000194818 0.000266476 0.000203703 0.000260566
84000.000 0.000183335 0.000275696 0.000170024 0.000280003
84020.000 0.000105737 0.000295958 8.833e-05 0.000298545
84040.000 7.93943e-07 0.000325962 -5.0849e-06 0.000330714
84060.000 0.000157238 0.000270161 0.000143553 0.000277834
84080.000 0.000116802 0.000311048 0.000111368 0.000302353
84100.000 5.01898e-05 0.00031432 3.30513e-05 0.000345033
84120.000 0.000138457 0.000283366 0.000130019 0.000288454
84140.000 0.000144207 0.000293641 0.000124276 0.000291824
84160.000 0.000104088 0.000315855 0.000109016 0.000296962
84180.000 9.02303e-05 0.00028788 9.49179e-05 0.000294312
84200.000 -0.000105658 0.000311589 -0.000138546 0.000305342
84220.000 -7.64532e-05 0.000324443 -7.47921e-05 0.000317624
84240.000 -9.61293e-05 0.000310588 -8.39897e-05 0.000313409
84260.000 -0.000152136 0.00028603 -0.000172747 0.000285481
84280.000 -0.000193666 0.000265689 -0.000182843 0.000264435
84300.000 -0.000152564 0.000274442 -0.000151907 0.000291595
% Warning: sampling overrun detected
84320.000 -0.00021612 0.000249953 -0.00021628 0.000245489
84340.000 -0.000208898 0.000237854 -0.000217834 0.00024415
84360.000 -8.62245e-05 0.000315139 -9.18464e-05 0.000304278
84380.000 -3.39072e-05 0.000314544 -2.8276e-05 0.000335728
84400.000 7.68489e-05 0.000290876 9.80919e-05 0.00030943
84420.000 0.00017754 0.000257841 0.000197609 0.000245242
84440.000 0.000227148 0.000234614 0.000224986 0.000244338
84460.000 0.000187864 0.00024053 0.000211228 0.000247839
84480.000 0.000202908 0.000266657 0.000211846 0.000289304
84500.000 0.000143789 0.000305737 0.000126258 0.000305207
84520.000 0.00013292 0.000288608 0.000127814 0.00029147
84540.000 0.000185674 0.000274323 0.000167826 0.000294643
84560.000 0.000171064 0.000272884 0.000186373 0.000280736
84580.000 0.000196802 0.000269114 0.000192017 0.000248176
84600.000 0.000242639 0.000217624 0.000263427 0.000222619
% Warning: sampling overrun detected
84620.000 0.000303755 0.000120685 0.000312116 0.00010134
% Warning: sampling overrun detected
84640.000 0.000261253 0.0001972 0.000259786 0.000189529
84660.000 0.000312389 9.44799e-05 0.000326065 9.53962e-05
84680.000 0.000344506 1.9717e-05 0.000344468 1.33165e-05
84700.000 0.00032336 -4.70658e-05 0.000324425 -4.69197e-05
84720.000 0.000328471 -4.32515e-05 0.00033696 -3.29674e-05
84740.000 0.000321507 6.90785e-05 0.000316711 6.89326e-05
84760.000 0.000289667 -0.000102629 0.000286664 -9.88544e-05
84780.000 0.0002267 -0.000227378 0.000234308 -0.000225205
84800.000 0.000170316 -0.000267363 0.000160376 -0.000277338
84820.000 3.61817e-05 -0.000325483 3.61206e-05 -0.000320407
84840.000 -5.46798e-05 -0.00031768 -6.08286e-05 -0.000317924
84860.000 1.51587e-05 -0.000331596 1.07924e-05 -0.000334078
84880.000 8.41104e-05 -0.000313731 7.57923e-05 -0.000323355
84900.000 6.03033e-05 -0.000333126 5.03765e-05 -0.000329461
84920.000 2.04755e-06 -0.000333757 3.84288e-06 -0.000333524
84940.000 -9.25795e-05 -0.000311569 -9.95866e-05 -0.00031997
84960.000 -0.000207662 -0.000258761 -0.000191044 -0.000255712
84980.000 -0.000265886 -0.00022351 -0.000249459 -0.000220242
85000.000 -0.000306515 -0.000135476 -0.000311472 -0.000120664
85020.000 -0.000276696 -0.000160993 -0.000272686 -0.000156965
85040.000 -0.000253357 -0.000207425 -0.000269256 -0.000189057
85060.000 -0.000294761 -0.000125167 -0.000292933 -0.000130215
85080.000 -0.000307108 -0.00012255 -0.000307994 -0.000121721
85100.000 -0.000228912 -0.000244658 -0.000219217 -0.000238916
85120.000 -0.000198202 -0.000268609 -0.00020789 -0.000258781
85140.000 -0.000189588 -0.000275102 -0.000189998 -0.000267728
85160.000 -0.000123705 -0.000314973 -0.000115103 -0.000312491
85180.000 -3.65341e-05 -0.0003413 -5.70153e-05 -0.000328245
85200.000 3.85641e-05 -0.000329761 4.51675e-05 -0.000348285
85220.000 6.47107e-05 -0.000325022 3.7002e-05 -0.000330238
85240.000 3.54104e-06 -0.000345132 2.87083e-06 -0.000339179
85260.000 -0.000114263 -0.000328683 -9.32841e-05 -0.000319191
85280.000 -1.97455e-05 -0.000327366 -3.87396e-05 -0.000331923
85300.000 -6.79786e-05 -0.000327596 -8.71891e-05 -0.000330945
85320.000 -0.000123038 -0.000312355 -0.0001269 -0.000316387
85340.000 -0.000152058 -0.000294557 -0.000160793 -0.000299102
85360.000 -0.000263333 -0.000227285 -0.000258912 -0.000203249
85380.000 -0.000306992 -0.000172633 -0.000293749 -0.000155453
85400.000 -0.000270828 -0.000209362 -0.000266797 -0.000196271
85420.000 -0.000281255 -0.000190713 -0.000275862 -0.000204067
85440.000 -0.000331298 -6.60821e-05 -0.000338143 -7.46638e-05
85460.000 -0.000329339 8.85742e-05 -0.000336311 7.63198e-05
85480.000 -0.000327456 -0.00011378 -0.000329409 -8.95457e-05
85500.000 -0.00022721 -0.000249888 -0.000230089 -0.000235338
85520.000 -0.000178957 -0.000307097 -0.000171226 -0.000297412
85540.000 -0.000223725 -0.000284225 -0.000208802 -0.000278167
85560.000 -0.000132814 -0.00031766 -0.000124126 -0.000330845
85580.000 -0.000194156 -0.000257722 -0.000211699 -0.000273548
85600.000 -0.000174876 -0.000298775 -0.000204401 -0.000287294
85620.000 -0.00018577 -0.000271204 -0.000192919 -0.000273625
85640.000 -0.000191471 -0.000277613 -0.000210068 -0.000279046
85660.000 -0.000325144 -0.000131552 -0.000311001 -0.000145701
85680.000 -0.000323432 -0.000117289 -0.000318498 -9.99329e-05
85700.000 -0.000291319 -0.000157984 -0.000301331 -0.000151065
85720.000 -0.000311004 -0.000117969 -0.000308065 -0.000129364
85740.000 -0.000353087 4.59556e-05 -0.000346258 2.41663e-05
85760.000 -0.000325727 1.06139e-05 -0.000338935 2.70018e-05
85780.000 -0.000326073 7.56457e-05 -0.000324319 8.74955e-05
85800.000 -0.000296214 0.000150913 -0.00031614 0.000146486
85820.000 -0.000318071 0.000155662 -0.000315955 0.000153886
85840.000 -0.000242244 0.000232747 -0.000248489 0.000230075
85860.000 -0.000333912 6.14855e-05 -0.000335099 5.65005e-05
85880.000 -0.00036849 -1.07711e-05 -0.000338885 -1.23285e-05
85900.000 -0.000333456 -8.78232e-05 -0.000327713 -6.69828e-05
85920.000 -0.000281445 -0.000174518 -0.000300285 -0.000163232
85940.000 -0.000257963 -0.000213476 -0.000266091 -0.000224376
85960.000 -0.000230594 -0.000246289 -0.000221915 -0.000249468
85980.000 -0.000241174 -0.000223636 -0.000258439 -0.000238009
86000.000 -0.000264464 -0.000208674 -0.000269061 -0.000225656
86020.000 -0.000274 -0.000186122 -0.00029033 -0.000188499
86040.000 -0.000317324 -0.000146599 -0.000323665 -0.00015328
86060.000 -0.000303268 -0.000156179 -0.00030116 -0.00015669
86080.000 -0.000281089 -0.00017445 -0.000297415 -0.000179934
86100.000 -0.000206188 -0.000257747 -0.000207045 -0.000278567
86120.000 -0.000146399 -0.000303041 -0.000140015 -0.00030591
86140.000 -0.000266201 -0.000205558 -0.000271481 -0.000212975
86160.000 -0.000329732 -0.000100553 -0.000320781 -8.978e-05
86180.000 -0.000308637 -0.000150394 -0.000313119 -0.000143739
86200.000 -0.000333808 -0.000125601 -0.000307466 -0.000130228
86220.000 -0.000305544 -0.000174463 -0.000306235 -0.000170987
86240.000 -0.000287376 -0.000161868 -0.000305476 -0.000183145
86260.000 -0.000343769 -4.18569e-05 -0.000337025 -4.67117e-05
86280.000 -0.000335589 8.98782e-05 -0.000338187 7.9207e-05
86300.000 -0.0003142 0.00015314 -0.000301283 0.000154514
86320.000 -0.000162102 0.000313717 -0.000168886 0.000304454
86340.000 -0.000191697 0.000284887 -0.000183982 0.000294581
86360.000 -0.000169476 0.000310262 -0.000159548 0.000309289
86380.000 -0.000202782 0.000287954 -0.000193265 0.000283489
