% UltraMSK: version 1.0 beta 16
% Site: localhost.localdomain
% Date: 2015-01-22
% Frequency: 45900.000000 Hz
% Baud Rate: 200 Hz
% VLF Channel: 3
% PPS Channel: 4
% Jack Server: default
% Output Format: Cartesian
% End
68560.000 -0.000477817 -0.000155338 -0.000333634 -0.000102527
68580.000 -0.000429402 -0.000236082 -0.000317757 -0.000130941
68600.000 -0.00045966 -0.000105939 -0.000363896 -3.64031e-05
68620.000 -0.000453812 -0.000117001 -0.000347056 -7.44353e-05
68640.000 -0.000426476 -0.000188993 -0.00033187 -9.99991e-05
68660.000 -0.000447991 -0.000146821 -0.000335409 -0.000101206
68680.000 -0.00046722 -0.000148542 -0.000316461 -0.000109631
68700.000 -0.000467983 -0.000102687 -0.000357813 -7.34408e-05
68720.000 -0.000466303 -9.82476e-05 -0.000351138 -6.79322e-05
68740.000 -0.000467852 -6.10783e-05 -0.000369994 -4.21621e-05
68760.000 -0.000478406 -3.25348e-05 -0.000363356 -1.46701e-05
68780.000 -0.000479643 -2.86233e-05 -0.000363982 -3.34904e-05
68800.000 -0.000480667 -1.77132e-05 -0.000377823 -1.67172e-06
68820.000 -0.000482642 -2.83311e-06 -0.000353408 1.05363e-06
68840.000 -0.000456017 3.56055e-05 -0.00038344 3.6891e-05
68860.000 -0.000475944 6.78231e-05 -0.000366538 6.27843e-05
68880.000 -0.000479282 0.000102774 -0.000364656 6.19428e-05
68900.000 -0.000479923 7.43718e-05 -0.000356871 5.39244e-05
68920.000 -0.000448745 0.000106613 -0.000364495 8.02789e-05
68940.000 -0.000458429 0.00010742 -0.000361967 8.44721e-05
68960.000 -0.000457694 0.000143663 -0.000360545 8.40784e-05
68980.000 -0.000475794 7.0023e-05 -0.000360109 8.72985e-05
69000.000 -0.000462903 0.000120267 -0.000362774 6.00278e-05
69020.000 -0.000463529 9.82375e-05 -0.000361778 0.000100283
69040.000 -0.000470965 0.000112419 -0.000366018 8.04373e-05
69060.000 -0.000477258 0.000113545 -0.000375998 6.73785e-05
69080.000 -0.000467354 0.000135488 -0.000365114 8.75065e-05
69100.000 -0.000473311 0.000170563 -0.000361343 0.000128849
69120.000 -0.000450361 0.000161237 -0.000355946 0.000113736
69140.000 -0.000463224 0.000148467 -0.000366576 0.000110217
69160.000 -0.000444041 0.000201315 -0.000344127 0.000159939
69180.000 -0.000432251 0.000239399 -0.000332409 0.000154789
69200.000 -0.000447956 0.000188533 -0.00033616 0.000154456
% Warning: sampling overrun detected
69220.000 -0.000450914 0.000199041 -0.000350461 0.00015232
69240.000 -0.000479321 0.000201539 -0.000344591 0.000171302
69260.000 -0.000503404 0.000219273 -0.000316007 0.000159586
69280.000 -0.000469881 0.000217452 -0.000345372 0.0001418
69300.000 -0.000482128 0.00019942 -0.000353091 0.000138464
69320.000 -0.000475507 0.000237961 -0.000346959 0.000179274
69340.000 -0.000448416 0.000253223 -0.000335478 0.00016865
69360.000 -0.000469918 0.000241824 -0.000352921 0.000168683
69380.000 -0.000459466 0.000244275 -0.000341083 0.00017574
69400.000 -0.000452472 0.000247848 -0.000336493 0.00020174
69420.000 -0.000462285 0.000227321 -0.000362521 0.000191965
69440.000 -0.000415363 0.000251184 -0.000348901 0.000225413
69460.000 -0.000382024 0.000269525 -0.000359639 0.000230372
69480.000 -0.000431675 0.00022588 -0.000337608 0.000194692
69500.000 -0.000451441 0.000216876 -0.000367839 0.000182604
69520.000 -0.000451808 0.000251279 -0.000367051 0.000194885
69540.000 -0.000407041 0.000260324 -0.000347967 0.000226059
69560.000 -0.000413941 0.000271433 -0.000346549 0.00021251
69580.000 -0.000398861 0.000263859 -0.000353186 0.000209866
69600.000 -0.000413339 0.000270118 -0.000336046 0.00020717
69620.000 -0.000418045 0.000228968 -0.000344747 0.000205779
69640.000 -0.000402762 0.000278677 -0.000337054 0.000202962
69660.000 -0.000392508 0.000275394 -0.000317077 0.000206822
69680.000 -0.000403387 0.000307738 -0.000295611 0.000194524
69700.000 -0.000349539 0.000245914 -0.000313741 0.000215052
69720.000 -0.00037607 0.000276283 -0.000307595 0.000222437
69740.000 -0.000384934 0.000239374 -0.000322396 0.000204622
69760.000 -0.00037156 0.000269425 -0.000303111 0.000232829
69780.000 -0.000373635 0.000226442 -0.000309887 0.000210506
69800.000 -0.00036231 0.000293985 -0.000305294 0.0002255
69820.000 -0.000352951 0.000245833 -0.000307948 0.000232054
69840.000 -0.000369158 0.000259136 -0.000329128 0.000232133
69860.000 -0.000363683 0.000257581 -0.000320481 0.000232471
69880.000 -0.000393591 0.000282013 -0.000295504 0.000208961
69900.000 -0.000357687 0.000256487 -0.000318956 0.000223356
69920.000 -0.000321711 0.000243705 -0.000320006 0.000234729
69940.000 -0.00032145 0.000258026 -0.000299635 0.000244084
69960.000 -0.000348336 0.000252738 -0.000307419 0.000258994
69980.000 -0.000371212 0.000247833 -0.000335217 0.000239479
70000.000 -0.000403209 0.000246221 -0.000331402 0.000233285
70020.000 -0.000368898 0.00027305 -0.000325863 0.000213524
70040.000 -0.00039554 0.000269382 -0.000317549 0.000198796
70060.000 -0.000353237 0.000254443 -0.000317371 0.000228007
70080.000 -0.00035099 0.00027004 -0.000340692 0.000256509
70100.000 -0.00034204 0.000268138 -0.000312082 0.000233706
70120.000 -0.000367219 0.000247985 -0.000299724 0.000206151
70140.000 -0.000335526 0.000256193 -0.000310875 0.000231937
70160.000 -0.000329935 0.000244232 -0.000310444 0.000224677
70180.000 -0.000374102 0.000213301 -0.000333964 0.000209695
70200.000 -0.000357403 0.000239534 -0.000317598 0.000221938
70220.000 -0.000349105 0.000278465 -0.000304285 0.000230818
70240.000 -0.000330424 0.000296539 -0.000297881 0.000248443
70260.000 -0.000338329 0.000249445 -0.000314508 0.000239146
70280.000 -0.000319388 0.000274064 -0.000284684 0.000255306
70300.000 -0.000342707 0.000255557 -0.000302766 0.000240319
70320.000 -0.000328795 0.000267795 -0.000307832 0.000253137
70340.000 -0.000292826 0.000258022 -0.00031233 0.00026392
70360.000 -0.00031567 0.0002423 -0.000329405 0.000260291
70380.000 -0.000296839 0.000281849 -0.000307122 0.000273726
70400.000 -0.000314884 0.000281229 -0.000296858 0.000271887
70420.000 -0.000310211 0.000299231 -0.000281192 0.000264806
70440.000 -0.000311317 0.000283296 -0.000314537 0.000252733
70460.000 -0.000320669 0.000274573 -0.000290907 0.000269235
70480.000 -0.00030739 0.000314064 -0.000280949 0.000255974
70500.000 -0.000283333 0.000273191 -0.000303264 0.000283909
70520.000 -0.00028147 0.000261635 -0.000305768 0.000293558
70540.000 -0.000290078 0.000244571 -0.00031453 0.000308228
70560.000 -0.000270107 0.000258917 -0.00032595 0.000332993
70580.000 -0.000282493 0.000236881 -0.000344036 0.000296715
70600.000 -0.00026419 0.000256991 -0.000309824 0.000313969
70620.000 -0.000283863 0.000243943 -0.00033467 0.000281781
70640.000 -0.000257044 0.000235153 -0.000352429 0.000316667
70660.000 -0.000289644 0.000234118 -0.000331226 0.000273621
70680.000 -0.000268078 0.000241446 -0.000313827 0.000306501
70700.000 -0.000279387 0.000257239 -0.000319225 0.000279772
70720.000 -0.000298289 0.000243516 -0.000329894 0.000254641
70740.000 -0.000301489 0.000268187 -0.000319417 0.000267413
70760.000 -0.000280921 0.000251227 -0.000313956 0.00029524
70780.000 -0.000272488 0.000252167 -0.000301572 0.000303149
70800.000 -0.000275734 0.00027297 -0.000305959 0.000296037
70820.000 -0.000281778 0.000256176 -0.000306261 0.000317358
70840.000 -0.000274679 0.000265311 -0.00028117 0.000288121
70860.000 -0.000276006 0.000267127 -0.000314238 0.000299662
70880.000 -0.000281974 0.00025979 -0.000309391 0.000270378
70900.000 -0.000264549 0.000255712 -0.000298641 0.000292411
70920.000 -0.000272119 0.000269204 -0.000297903 0.000274289
70940.000 -0.0002532 0.000250169 -0.000312414 0.000281295
70960.000 -0.000279482 0.000272453 -0.000313317 0.000299345
% Warning: sampling overrun detected
70980.000 -0.000214543 0.000302561 -0.000225823 0.000340433
71000.000 -0.00024752 0.000275845 -0.000283801 0.000312121
71020.000 -0.000280801 0.000272554 -0.000270369 0.000303973
71040.000 -0.000299162 0.000298602 -0.000294792 0.000283175
71060.000 -0.000284408 0.000281091 -0.000313679 0.000273784
71080.000 -0.000262174 0.000274053 -0.000288333 0.000284183
71100.000 -0.000259233 0.000269921 -0.000289133 0.000300824
71120.000 -0.000271386 0.000261615 -0.000311999 0.00030097
71140.000 -0.000275409 0.000268715 -0.000301968 0.000295849
71160.000 -0.00029131 0.000275256 -0.000306929 0.000298658
71180.000 -0.000275157 0.000282751 -0.000262529 0.000308532
71200.000 -0.000270845 0.00028635 -0.000285356 0.000306716
71220.000 -0.000277751 0.000296315 -0.000283717 0.000295705
71240.000 -0.000289792 0.000282005 -0.00027839 0.000271068
71260.000 -0.000261502 0.000312893 -0.000242228 0.000310676
71280.000 -0.000276971 0.000291891 -0.00026971 0.000301951
71300.000 -0.000290643 0.000280195 -0.000289938 0.000281659
71320.000 -0.000265768 0.00027095 -0.000293157 0.000313841
71340.000 -0.000272388 0.000283205 -0.000269669 0.000289332
71360.000 -0.000263596 0.000296689 -0.000287532 0.000289811
71380.000 -0.000277242 0.000303725 -0.000259616 0.0003109
71400.000 -0.000269273 0.000289775 -0.000303882 0.000298106
71420.000 -0.000253075 0.000336135 -0.000253676 0.000306014
71440.000 -0.000238366 0.00034889 -0.000225012 0.000296459
71460.000 -0.000300029 0.000320562 -0.000266295 0.000277201
71480.000 -0.000293832 0.000294414 -0.000268837 0.000271265
71500.000 -0.000323592 0.00032685 -0.000251572 0.000254374
71520.000 -0.000278571 0.000310011 -0.00023695 0.000285227
71540.000 -0.000234481 0.000347146 -0.00020361 0.000286611
71560.000 -0.000273886 0.000317535 -0.000260961 0.000281256
% Warning: sampling overrun detected
71580.000 -0.000280941 0.000355465 -0.000213374 0.000326453
71600.000 -0.000276951 0.00029241 -0.000240531 0.000305517
71620.000 -0.000288278 0.000279518 -0.000267955 0.000298845
71640.000 -0.00029395 0.000287352 -0.000261026 0.000311153
71660.000 -0.000257946 0.000319145 -0.000242715 0.000314849
71680.000 -0.000246389 0.000287625 -0.000272129 0.000297217
71700.000 -0.000241214 0.000279914 -0.000269069 0.000302569
71720.000 -0.000220593 0.000269692 -0.000226116 0.000287377
71740.000 -0.000193943 0.0002812 -0.000221986 0.000280653
71760.000 -0.000244134 0.000268063 -0.000273363 0.000314673
71780.000 -0.000237803 0.000286578 -0.000277528 0.000313649
71800.000 -0.000248632 0.000309689 -0.000234017 0.000333987
71820.000 -0.000207973 0.000292151 -0.000238915 0.00035741
71840.000 -0.000203243 0.000318203 -0.000232606 0.000351306
71860.000 -0.000213192 0.000277438 -0.000235483 0.00035863
71880.000 -0.000206324 0.000309621 -0.000220081 0.000348698
71900.000 -0.000215026 0.00028282 -0.000245979 0.000329585
71920.000 -0.000211073 0.000269613 -0.000264991 0.00034756
71940.000 -0.000175516 0.000311528 -0.000218547 0.000335351
71960.000 -0.000180011 0.000321373 -0.000201094 0.000347687
71980.000 -0.000185082 0.000326553 -0.000223484 0.000322866
72000.000 -0.000226072 0.00029801 -0.000238875 0.000296557
72020.000 -0.000241022 0.000332492 -0.000227156 0.000291154
72040.000 -0.000222587 0.000377651 -0.000188668 0.00028992
72060.000 -0.000233987 0.000330062 -0.000231757 0.000290565
72080.000 -0.000236588 0.000342846 -0.00022036 0.000319973
72100.000 -0.000207872 0.00036396 -0.000189453 0.000332539
72120.000 -0.000244598 0.000318608 -0.000193036 0.000315362
72140.000 -0.000210895 0.000327003 -0.000199425 0.000313159
72160.000 -0.000197575 0.00033889 -0.000193235 0.000327456
72180.000 -0.000205297 0.000372841 -0.000181069 0.000360784
72200.000 -0.000180568 0.000335487 -0.00020354 0.000350963
72220.000 -0.000224983 0.000334896 -0.000206565 0.000332911
72240.000 -0.000188594 0.000322846 -0.000224685 0.000362768
72260.000 -0.000178844 0.000343693 -0.000198998 0.000368101
72280.000 -0.000201742 0.000322372 -0.000222743 0.000364142
72300.000 -0.000197119 0.000313687 -0.00021906 0.000367017
72320.000 -0.000187256 0.000324104 -0.000216581 0.000388782
72340.000 -0.000174154 0.000330777 -0.000216197 0.000372489
72360.000 -0.000169422 0.000325033 -0.000225373 0.000371309
72380.000 -0.00016449 0.00035476 -0.000170549 0.000362695
72400.000 -0.000175664 0.000342876 -0.00019141 0.000387408
72420.000 -0.000174613 0.000328165 -0.000202282 0.000360408
72440.000 -0.000190521 0.000331325 -0.0001863 0.000338765
72460.000 -0.000203862 0.00031337 -0.000232232 0.000370473
72480.000 -0.000187449 0.000342163 -0.000208431 0.000361311
72500.000 -0.000161419 0.000352239 -0.000160936 0.000349757
72520.000 -0.000216252 0.000350318 -0.000172368 0.000383065
72540.000 -0.000188303 0.000359969 -0.000186975 0.000345931
72560.000 -0.000176937 0.00036532 -0.000211932 0.000383985
72580.000 -0.000172793 0.000340144 -0.000176463 0.000375194
72600.000 -0.000190233 0.000354596 -0.000202103 0.000349536
72620.000 -0.0002022 0.000335849 -0.000205298 0.000346493
72640.000 -0.000190356 0.000365852 -0.000208986 0.000356972
72660.000 -0.000161193 0.000354936 -0.000174692 0.000361335
72680.000 -0.000165591 0.000366219 -0.000180078 0.000374718
72700.000 -0.000201583 0.000366656 -0.000201342 0.000352898
72720.000 -0.000186065 0.000374852 -0.000171832 0.000375816
72740.000 -0.000215462 0.000324107 -0.000199668 0.000352495
72760.000 -0.000178308 0.000367145 -0.000158268 0.000355016
% Warning: sampling overrun detected
72780.000 -0.000170296 0.000357702 -0.000184452 0.000373836
72800.000 -0.000176872 0.000375756 -0.000157031 0.000358551
72820.000 -0.00015493 0.000360602 -0.00013592 0.000370581
72840.000 -0.000201914 0.000344218 -0.000167906 0.000375712
72860.000 -0.000149648 0.000367067 -0.000183325 0.000382615
72880.000 -0.000179351 0.000361979 -0.000177779 0.000359684
72900.000 -0.000168939 0.000363369 -0.0001717 0.000372442
72920.000 -0.000176829 0.000327026 -0.000183428 0.000376022
72940.000 -0.000179234 0.000357764 -0.000201871 0.00035881
72960.000 -0.000162 0.000369604 -0.000164773 0.000359232
72980.000 -0.000172938 0.000391471 -0.000191349 0.000359219
73000.000 -0.000150058 0.000396965 -0.000168114 0.000362297
73020.000 -0.000167468 0.000377969 -0.000142682 0.000366435
73040.000 -0.000179115 0.000356627 -0.000192202 0.000352387
73060.000 -0.000169863 0.000345932 -0.000153292 0.000383311
73080.000 -0.000234668 0.00034227 -0.000206352 0.000361887
73100.000 -0.000173912 0.000382779 -0.000179792 0.000364037
73120.000 -0.000150816 0.000351648 -0.000173022 0.000345318
73140.000 -0.000145699 0.000359195 -0.000153075 0.00034878
73160.000 -0.000154285 0.000364988 -0.000173377 0.000348763
73180.000 -0.000160747 0.00038793 -0.000164141 0.000329886
73200.000 -0.00015834 0.0004046 -0.000152093 0.000350873
73220.000 -0.000175132 0.000375308 -0.000146243 0.000362014
73240.000 -0.000209149 0.000378243 -0.000181134 0.000332516
73260.000 -0.000227569 0.000358968 -0.000176967 0.000337734
73280.000 -0.000183556 0.000382922 -0.000172676 0.000323856
73300.000 -0.000187939 0.000380135 -0.000187555 0.000325599
73320.000 -0.000192059 0.000388508 -0.000154905 0.00036002
73340.000 -0.000158851 0.000404357 -0.000161145 0.000332425
73360.000 -0.000189628 0.000391334 -0.000148063 0.000337657
73380.000 -0.000175862 0.000396879 -0.000157448 0.000367575
73400.000 -0.000172989 0.000392107 -0.000151896 0.000344654
73420.000 -0.000196237 0.00040262 -0.000155269 0.000329956
73440.000 -0.00019084 0.000409039 -0.000158284 0.000345431
73460.000 -0.000177902 0.000412274 -0.000176 0.000366689
73480.000 -0.000165402 0.000406283 -0.000136203 0.0003508
73500.000 -0.000179489 0.000435574 -0.000152826 0.000360372
73520.000 -0.000168387 0.000444947 -0.000133145 0.00036885
73540.000 -0.0002316 0.000438982 -0.000198343 0.000346741
73560.000 -0.000273441 0.000506083 -0.000180344 0.000341735
73580.000 -0.000198243 0.000490901 -0.000155309 0.000379385
73600.000 -0.000198945 0.000495365 -0.000138965 0.00034253
73620.000 -0.000214671 0.00047045 -0.000154172 0.0003419
73640.000 -0.000232529 0.000451766 -0.000161697 0.000354317
73660.000 -0.000230101 0.000465706 -0.000164915 0.000337558
73680.000 -0.000211444 0.000428483 -0.000174526 0.000375972
73700.000 -0.000210638 0.000431081 -0.000159998 0.000367358
73720.000 -0.000192405 0.000447773 -0.00015925 0.000380351
73740.000 -0.00019759 0.000437319 -0.000159523 0.000362292
73760.000 -0.000214696 0.00040777 -0.000172023 0.000345633
73780.000 -0.000169886 0.000433875 -0.000160566 0.00035908
73800.000 -0.000200292 0.000413365 -0.000166333 0.000339935
73820.000 -0.000185928 0.000426278 -0.000170062 0.00034933
73840.000 -0.000192878 0.000432871 -0.000178654 0.000357344
73860.000 -0.000216448 0.000428649 -0.000183429 0.000355195
73880.000 -0.000184116 0.000398879 -0.000175861 0.000376039
73900.000 -0.000252434 0.000387377 -0.000205077 0.00033181
73920.000 -0.000215479 0.000401539 -0.000167914 0.000364955
73940.000 -0.000188129 0.000398761 -0.000180825 0.000352039
73960.000 -0.000199258 0.000383208 -0.000182509 0.000355182
73980.000 -0.00019931 0.000430247 -0.000186869 0.000389501
74000.000 -0.000220686 0.000472599 -0.000193029 0.000355442
74020.000 -0.000234046 0.000476599 -0.000171301 0.000346546
74040.000 -0.00022903 0.000392127 -0.000197638 0.000345822
74060.000 -0.000217927 0.000399858 -0.000188546 0.000363423
74080.000 -0.000230397 0.000426348 -0.000167055 0.00035346
74100.000 -0.000178174 0.000445883 -0.000156161 0.00037103
74120.000 -0.000220017 0.000432087 -0.000180563 0.000357781
74140.000 -0.000225189 0.000470605 -0.000181222 0.000354531
74160.000 -0.000175098 0.000520131 -0.000153551 0.000363454
74180.000 -0.000243696 0.00048564 -0.000184741 0.000378133
74200.000 -0.000184601 0.000485361 -0.000172552 0.000366858
74220.000 -0.000235615 0.000492671 -0.000157087 0.000365035
74240.000 -0.000206933 0.000545492 -0.000163167 0.000393936
74260.000 -0.000255452 0.000552885 -0.000196465 0.000390923
74280.000 -0.000218325 0.000516668 -0.000190269 0.000452273
74300.000 -0.000209177 0.000582942 -0.000180016 0.000436715
74320.000 -0.000244941 0.000522917 -0.000203505 0.000410513
74340.000 -0.000224507 0.00059779 -0.000187672 0.000395609
74360.000 -0.000245138 0.000540644 -0.000162419 0.000381404
74380.000 -0.000198627 0.000470359 -0.000176186 0.000425922
74400.000 -0.000226143 0.000531515 -0.000181948 0.000436598
74420.000 -0.000294485 0.000562305 -0.000190042 0.000317421
74440.000 -0.000236347 0.000557795 -0.000167585 0.000359932
74460.000 -0.000171415 0.000510701 -0.000148234 0.000393668
74480.000 -0.000250508 0.000515353 -0.000180621 0.000393461
74500.000 -0.000282316 0.000542164 -0.000194998 0.000363182
74520.000 -0.00020453 0.000554435 -0.000178786 0.000428494
74540.000 -0.000251961 0.000544562 -0.000181264 0.000423726
74560.000 -0.000246139 0.000590006 -0.000196886 0.000434643
% Warning: sampling overrun detected
74580.000 -0.000176675 0.000592673 -0.000167184 0.000465588
74600.000 -0.000289772 0.000552064 -0.000209832 0.000494125
74620.000 -0.000164391 0.000573535 -0.000181932 0.000621804
74640.000 -0.000130834 0.000587555 -0.00013665 0.00051329
74660.000 -0.000263268 0.000553949 -0.000191983 0.000446369
74680.000 -0.000188939 0.000585436 -0.000174838 0.000501874
74700.000 -0.000222973 0.000579695 -0.000164325 0.000469674
74720.000 -0.000201114 0.000581114 -0.000182476 0.000462973
74740.000 -0.000227624 0.00057151 -0.00016714 0.000456102
74760.000 -0.000307343 0.00051425 -0.000244186 0.000428321
74780.000 -0.000254607 0.000535072 -0.000221902 0.000473964
74800.000 -0.000230495 0.000570294 -0.000195329 0.000562971
74820.000 -0.000205974 0.000594186 -0.000190391 0.000458408
74840.000 -0.000218092 0.000571079 -0.000199523 0.000503244
74860.000 -0.000266202 0.000543423 -0.000219332 0.000517628
74880.000 -0.000211962 0.000568561 -0.000181635 0.00044306
74900.000 -0.000258784 0.000535967 -0.000201066 0.000462568
74920.000 -0.000179245 0.000587403 -0.00014721 0.000457854
74940.000 -0.000217331 0.000569109 -0.000183252 0.000473202
74960.000 -0.000118544 0.000636051 -0.000147084 0.000608865
74980.000 -0.000170739 0.000592214 -0.00016059 0.000595688
75000.000 -0.000198861 0.000592829 -0.000188384 0.000573624
75020.000 -0.000164062 0.000596268 -0.000174289 0.000577138
75040.000 -0.00019268 0.00059364 -0.000171019 0.000522294
75060.000 -0.000152378 0.000534501 -0.000129599 0.000438128
75080.000 -0.000192457 0.000541074 -0.000147036 0.000420782
75100.000 -0.000197321 0.000563596 -0.000118874 0.000411386
75120.000 -0.000235387 0.000527064 -0.000160144 0.000415838
75140.000 -0.00021199 0.000501314 -0.000159193 0.00041765
75160.000 -0.000161856 0.000480632 -0.000141457 0.000418138
% Warning: sampling overrun detected
75180.000 -0.000190612 0.000467346 -0.000150422 0.000442331
75200.000 -0.000210188 0.000479 -0.000154457 0.000437055
75220.000 -0.000181916 0.000509823 -0.000131479 0.000436173
% Warning: sampling overrun detected
75240.000 -0.000173736 0.000497376 -0.000178857 0.000421435
% Warning: sampling overrun detected
75260.000 -0.00015998 0.000517912 -0.000131181 0.000440323
% Warning: sampling overrun detected
75280.000 -0.000199287 0.000516233 -0.000161876 0.000458488
75300.000 -0.000158445 0.000484976 -0.000142956 0.000458007
75320.000 -0.000137342 0.000497745 -0.000127301 0.000440554
75340.000 -0.000183335 0.000499891 -0.000144198 0.000466902
% Warning: sampling overrun detected
75360.000 -0.000163173 0.000538511 -0.000154087 0.000424236
75380.000 -0.000174248 0.000524835 -0.000140227 0.000447205
75400.000 -0.000170988 0.000494981 -0.000149308 0.00045207
% Warning: sampling overrun detected
75420.000 -0.000173553 0.000505005 -0.00014233 0.0004762
% Warning: sampling overrun detected
75440.000 -0.000150187 0.000496166 -0.000138063 0.000478256
% Warning: sampling overrun detected
75460.000 -0.000128891 0.000515308 -0.000145056 0.000463651
% Warning: sampling overrun detected
75480.000 -0.000168945 0.000505495 -0.000135425 0.000452233
75500.000 -0.000133956 0.000497012 -0.00014681 0.000452307
75520.000 -0.00017948 0.0004921 -0.000147477 0.000475497
% Warning: sampling overrun detected
75540.000 -0.000119822 0.000532243 -0.000125056 0.000448531
% Warning: sampling overrun detected
75560.000 -0.000175402 0.000480799 -0.000147826 0.00044892
% Warning: sampling overrun detected
75580.000 -0.000135424 0.000488489 -0.000144774 0.000444812
% Warning: sampling overrun detected
75600.000 -0.000143515 0.000485759 -0.000146603 0.000434237
% Warning: sampling overrun detected
75620.000 -0.000175647 0.000469912 -0.000142506 0.000438775
% Warning: sampling overrun detected
75640.000 -0.0001851 0.000516908 -0.000159507 0.000441615
75660.000 -0.00015781 0.00045474 -0.000153672 0.000455646
75680.000 -0.000146705 0.000476197 -0.00013716 0.000441422
75700.000 -0.000183262 0.000463239 -0.000157196 0.000453837
75720.000 -0.000166447 0.000475908 -0.000161217 0.000429806
75740.000 -0.000207495 0.000451014 -0.00017491 0.000444683
75760.000 -0.000153423 0.000459134 -0.000151293 0.000438665
75780.000 -0.000176104 0.000475044 -0.000183511 0.000463457
75800.000 -0.000163177 0.000469953 -0.000143166 0.000429565
75820.000 -0.000151061 0.000473735 -0.000126523 0.000426337
75840.000 -0.000177841 0.000506563 -0.000132785 0.000446092
75860.000 -0.000174486 0.00047242 -0.00017346 0.000455888
75880.000 -0.000182914 0.00048004 -0.00016084 0.000459094
75900.000 -0.000176357 0.000479755 -0.000147552 0.000440768
75920.000 -0.000179891 0.000493945 -0.000149815 0.000447518
75940.000 -0.000191332 0.000502267 -0.000162253 0.000405244
75960.000 -0.000223623 0.000471038 -0.000174221 0.000435917
75980.000 -0.000210583 0.000470638 -0.000156728 0.000406712
76000.000 -0.000161869 0.00049256 -0.000157178 0.000446643
76020.000 -0.00012381 0.000488339 -0.00014378 0.000439862
76040.000 -0.000174672 0.00046314 -0.000154983 0.000444877
76060.000 -0.000194532 0.000466285 -0.000165865 0.000445764
76080.000 -0.000151765 0.000462219 -0.000161084 0.000446214
76100.000 -0.000158883 0.000466994 -0.000173778 0.000469704
76120.000 -0.000162153 0.000465737 -0.00014957 0.000467051
76140.000 -0.000178896 0.000475517 -0.000175272 0.000435696
76160.000 -0.000155168 0.000472381 -0.000162921 0.000457464
76180.000 -0.000151865 0.000463773 -0.000133555 0.00044815
76200.000 -0.000171024 0.000474046 -0.000159939 0.000463872
76220.000 -0.000177833 0.000462166 -0.000161249 0.000431555
76240.000 -0.000170845 0.000471821 -0.000157178 0.000421225
76260.000 -0.000148057 0.000475418 -0.00015234 0.000456135
76280.000 -0.000141527 0.000463738 -0.000158893 0.000457102
76300.000 -0.000199761 0.000449061 -0.000152072 0.000433578
76320.000 -0.000156585 0.000466995 -0.000158452 0.000425776
76340.000 -0.000162895 0.000450781 -0.000129704 0.00045413
76360.000 -0.00016692 0.000462991 -0.000161395 0.000452764
% Warning: sampling overrun detected
76380.000 -0.000143086 0.000466608 -0.000147481 0.000444848
% Warning: sampling overrun detected
76400.000 -0.000128283 0.000467578 -0.000131586 0.000444734
% Warning: sampling overrun detected
76420.000 -0.000166359 0.000447181 -0.000145049 0.000426782
% Warning: sampling overrun detected
76440.000 -0.000155298 0.00044543 -0.000148272 0.000447898
% Warning: sampling overrun detected
76460.000 -0.000128247 0.000468508 -0.000137253 0.00043741
% Warning: sampling overrun detected
76480.000 -0.00015423 0.000458658 -0.000146066 0.000462356
% Warning: sampling overrun detected
76500.000 -0.000154214 0.000477162 -0.000127773 0.000446539
% Warning: sampling overrun detected
76520.000 -0.000136838 0.000463869 -0.000155539 0.000443041
% Warning: sampling overrun detected
76540.000 -0.000162546 0.000480425 -0.000152456 0.000468674
% Warning: sampling overrun detected
76560.000 -0.000117334 0.000517844 -0.000130484 0.000467482
% Warning: sampling overrun detected
76580.000 -0.000158557 0.000490449 -0.000140628 0.000483602
% Warning: sampling overrun detected
76600.000 -0.000149434 0.000493939 -0.000139874 0.000456352
% Warning: sampling overrun detected
76620.000 -0.000164708 0.000495593 -0.000153648 0.000455009
% Warning: sampling overrun detected
76640.000 -0.000167651 0.000487925 -0.000148375 0.000472336
76660.000 -0.0001457 0.000475971 -0.000142148 0.00046203
% Warning: sampling overrun detected
76680.000 -0.000125098 0.000467161 -0.000143645 0.000455395
% Warning: sampling overrun detected
76700.000 -0.000150746 0.000470995 -0.00014985 0.000437455
% Warning: sampling overrun detected
76720.000 -0.000172136 0.000458411 -0.000149066 0.000466744
% Warning: sampling overrun detected
76740.000 -0.000173286 0.000451669 -0.000190862 0.000472338
% Warning: sampling overrun detected
76760.000 -0.000133245 0.000477101 -0.000158902 0.000456358
% Warning: sampling overrun detected
76780.000 -0.000177334 0.00047246 -0.000141455 0.000431191
% Warning: sampling overrun detected
76800.000 -0.000163872 0.000463814 -0.000169406 0.000448326
% Warning: sampling overrun detected
76820.000 -0.000158875 0.000482508 -0.0001403 0.000457947
% Warning: sampling overrun detected
76840.000 -0.000157253 0.000471287 -0.000136056 0.000452206
% Warning: sampling overrun detected
76860.000 -0.000169881 0.000486351 -0.000153356 0.000465835
% Warning: sampling overrun detected
76880.000 -0.000189745 0.000476199 -0.000157662 0.000432402
% Warning: sampling overrun detected
76900.000 -0.000170518 0.000451167 -0.000156024 0.000443721
% Warning: sampling overrun detected
76920.000 -0.000177074 0.000464102 -0.000157533 0.000431547
% Warning: sampling overrun detected
76940.000 -0.000164199 0.000476922 -0.000172523 0.000424117
% Warning: sampling overrun detected
76960.000 -0.000163317 0.000456141 -0.000147259 0.000436129
% Warning: sampling overrun detected
76980.000 -0.000169897 0.000452371 -0.000156497 0.000436741
77000.000 -0.000187205 0.000464585 -0.000178871 0.000423642
77020.000 -0.000172821 0.000458185 -0.000162266 0.000444288
77040.000 -0.000170932 0.00045588 -0.000171265 0.000442207
77060.000 -0.00017506 0.000486429 -0.000152676 0.00044547
77080.000 -0.000163602 0.000465049 -0.000177844 0.000465237
77100.000 -0.000172021 0.000496405 -0.000154231 0.000438588
77120.000 -0.000206227 0.000491507 -0.000162922 0.000453947
77140.000 -0.000174998 0.000501586 -0.000137931 0.000445094
77160.000 -0.000230568 0.000501708 -0.000182129 0.000484586
77180.000 -0.000151283 0.000517796 -0.000152281 0.000475342
77200.000 -0.000172934 0.00050072 -0.000148077 0.000462722
77220.000 -0.000194544 0.000556859 -0.000170631 0.000441732
77240.000 -0.000223367 0.000514015 -0.000177607 0.000423572
77260.000 -0.000177655 0.000530689 -0.000145849 0.000435011
77280.000 -0.000160724 0.000538918 -0.000161239 0.00047083
77300.000 -0.000155825 0.000559845 -0.000130772 0.00045348
77320.000 -0.000199245 0.00051156 -0.00016508 0.000472866
77340.000 -0.000175705 0.000511154 -0.000172255 0.000489961
77360.000 -0.000222049 0.000556038 -0.000156172 0.00044944
77380.000 -0.000195832 0.000517668 -0.000179084 0.000465396
77400.000 -0.000144916 0.000537794 -0.000142314 0.000476636
77420.000 -0.00018952 0.00055781 -0.000156877 0.000461261
77440.000 -0.00019224 0.000530099 -0.000165102 0.000475292
77460.000 -0.000179698 0.000507722 -0.000177499 0.000445477
77480.000 -0.000225457 0.000501633 -0.000159961 0.000453789
77500.000 -0.000163483 0.000494318 -0.000145522 0.000454241
77520.000 -0.000183539 0.0004786 -0.000162534 0.000452007
77540.000 -0.000124474 0.000473075 -0.000162679 0.000479053
77560.000 -0.000155337 0.000496615 -0.000132626 0.000469269
77580.000 -0.000171888 0.000453091 -0.000156615 0.000471554
77600.000 -0.000168208 0.000476272 -0.000149294 0.000473267
77620.000 -0.000136021 0.000490253 -0.000176872 0.000458104
77640.000 -0.000148698 0.000501655 -0.000149719 0.000458141
77660.000 -0.000166169 0.000506068 -0.000141872 0.000449279
77680.000 -0.000157504 0.00047952 -0.000157341 0.000450557
77700.000 -0.00015895 0.000500464 -0.000146223 0.000474844
77720.000 -0.000189022 0.000461182 -0.000160675 0.000459628
77740.000 -0.000125448 0.000474787 -0.00014828 0.000456046
77760.000 -0.000142144 0.000487401 -0.000119228 0.000462085
77780.000 -0.000182877 0.000479223 -0.000131831 0.00048035
77800.000 -0.000193278 0.000479592 -0.000170061 0.000428827
77820.000 -0.000151954 0.000504347 -0.000152724 0.000464882
77840.000 -0.000160989 0.000498052 -0.000139449 0.000479244
77860.000 -0.000166555 0.000493267 -0.000168412 0.000450762
77880.000 -0.000176195 0.000497149 -0.000158588 0.000469912
77900.000 -0.000161951 0.000520334 -0.000148844 0.000475605
77920.000 -0.000170399 0.000491246 -0.000160715 0.000459072
77940.000 -0.000165786 0.000494302 -0.000165799 0.000448162
77960.000 -0.000150036 0.000526072 -0.000126303 0.000476776
77980.000 -0.000169224 0.000525119 -0.00013521 0.000454993
78000.000 -0.000172629 0.000503952 -0.000158784 0.000458312
78020.000 -0.000173081 0.000546519 -0.000153932 0.000463361
78040.000 -0.00019086 0.000489352 -0.000146364 0.000439498
78060.000 -0.000193141 0.000509633 -0.00015475 0.000442214
78080.000 -0.000154681 0.000520562 -0.00014359 0.000450825
78100.000 -0.000181081 0.000509066 -0.000127435 0.000448852
78120.000 -0.00012011 0.000496401 -0.000115167 0.000489531
78140.000 -0.0001281 0.000523293 -0.000124944 0.000476455
78160.000 -0.000164729 0.0005147 -0.000158618 0.000457768
78180.000 -0.000195607 0.000503437 -0.000134209 0.000424353
78200.000 -0.000111127 0.000533473 -9.71407e-05 0.000414208
78220.000 -0.000139769 0.000524071 -0.000129378 0.000413565
78240.000 -0.000150707 0.000492811 -0.000115381 0.000440616
78260.000 -0.000114129 0.000485116 -0.000113778 0.000416893
78280.000 -0.000121385 0.000501633 -0.00010294 0.000435411
78300.000 -0.000141697 0.0005256 -9.38723e-05 0.000414983
78320.000 -0.000128502 0.000465888 -9.47139e-05 0.000446152
78340.000 -0.000179988 0.000511681 -0.000140654 0.000431604
78360.000 -0.000186742 0.000511795 -0.000151965 0.00044699
78380.000 -0.000155071 0.000525367 -0.00010145 0.000414829
78400.000 -9.16103e-05 0.000498954 -9.32545e-05 0.000431863
78420.000 -0.000133324 0.00051137 -0.000128958 0.000418807
78440.000 -0.000116234 0.000516247 -0.000111074 0.000416944
78460.000 -0.000142353 0.00047991 -0.000123385 0.000430888
78480.000 -0.000157514 0.000495605 -0.000120881 0.000441913
78500.000 -0.000136883 0.000541495 -9.64204e-05 0.000425579
78520.000 -0.000179646 0.000512779 -0.000142157 0.00041817
78540.000 -0.000177072 0.000520525 -0.000126578 0.000427168
78560.000 -0.000132522 0.000517954 -0.000129283 0.000449559
78580.000 -0.000167852 0.000502709 -0.000138344 0.000433204
78600.000 -0.000184067 0.000526242 -0.000126865 0.000445371
78620.000 -0.000184724 0.000524987 -0.000119374 0.000396964
78640.000 -0.000136117 0.000524768 -0.000105859 0.000433694
78660.000 -0.000132704 0.000579698 -0.000137233 0.000409515
78680.000 -0.000178556 0.00060429 -0.000119648 0.000440597
78700.000 -0.000118781 0.000619083 -7.71826e-05 0.00043441
78720.000 -0.00012276 0.000559451 -0.00010458 0.000464596
78740.000 -0.000122153 0.000500066 -0.000125716 0.000466238
78760.000 -0.000158817 0.000479873 -0.000150503 0.000424972
% Warning: sampling overrun detected
78780.000 -0.000176334 0.000473384 -0.00016473 0.000467264
78800.000 -0.000129506 0.000443667 -0.000155006 0.000470999
78820.000 -0.000109967 0.000435008 -0.000141494 0.000485747
78840.000 -0.000142835 0.000435156 -0.000118137 0.000494713
78860.000 -9.44396e-05 0.000446507 -0.000103235 0.000498549
78880.000 -0.000129541 0.000411422 -0.000157018 0.000484898
78900.000 -0.000104224 0.000431966 -0.000131038 0.000498996
78920.000 -0.000104879 0.000419603 -0.000109129 0.000505394
78940.000 -9.39155e-05 0.000419366 -0.000138538 0.000494094
78960.000 -0.000112791 0.000443519 -0.000112484 0.000535224
78980.000 -0.000143891 0.000446263 -0.000139408 0.000521237
79000.000 -0.000106683 0.000467976 -0.000133959 0.000460888
79020.000 -0.000142335 0.00045044 -0.00012641 0.000498119
79040.000 -0.000104309 0.000458443 -0.000152491 0.000561486
79060.000 -0.000102192 0.000436021 -0.00010513 0.000486503
79080.000 -0.000138697 0.000452801 -0.000122307 0.000485371
79100.000 -0.000104066 0.000443386 -0.000105376 0.000501179
79120.000 -0.000118144 0.000444803 -0.000112365 0.000482961
79140.000 -0.000123419 0.000467173 -0.000141098 0.000483832
79160.000 -0.000162414 0.000445438 -0.00016937 0.00049194
79180.000 -0.00016402 0.000462149 -0.000183268 0.000495364
79200.000 -0.000167443 0.000431647 -0.000191489 0.000428065
79220.000 -0.000173797 0.000417522 -0.00015844 0.000459473
79240.000 -0.000174634 0.000419928 -0.000156758 0.000486736
79260.000 -0.000186504 0.000440025 -0.000192747 0.000453841
79280.000 -0.000156557 0.000445192 -0.000178153 0.000487712
79300.000 -0.00017684 0.000445738 -0.000190324 0.000480464
79320.000 -0.000168619 0.000441736 -0.000198484 0.000487976
79340.000 -0.000170734 0.000470352 -0.000167266 0.000509141
79360.000 -0.000148499 0.000446159 -0.000172634 0.000479892
79380.000 -0.000140635 0.000408357 -0.000163799 0.000481269
79400.000 -0.000138038 0.000428089 -0.000149676 0.000508277
79420.000 -0.000145023 0.00043488 -0.000151478 0.000482366
79440.000 -0.00015783 0.000450419 -0.000164483 0.000491264
79460.000 -0.000160581 0.000464231 -0.000187876 0.00050148
79480.000 -0.000160255 0.000431966 -0.000196416 0.000474789
79500.000 -0.000191848 0.000426453 -0.000198085 0.000472439
79520.000 -0.000184208 0.000443939 -0.000205167 0.000464755
79540.000 -0.000157629 0.000484856 -0.000166949 0.000516351
79560.000 -0.000142181 0.000466166 -0.000131211 0.000521967
79580.000 -0.000149815 0.000468746 -0.000151063 0.000493756
79600.000 -0.00014888 0.000480692 -0.000159072 0.000480387
79620.000 -0.000143465 0.00047321 -0.000164538 0.000490784
79640.000 -0.000148825 0.000461787 -0.000142923 0.000495316
79660.000 -0.00018315 0.000434925 -0.000169097 0.000462659
79680.000 -0.000122336 0.000474103 -0.000123702 0.000515752
79700.000 -0.000112153 0.000449763 -0.000140614 0.00049373
79720.000 -0.000164602 0.000439538 -0.000195093 0.000482596
79740.000 -0.000129905 0.000441201 -0.000137694 0.000484721
79760.000 -0.000158122 0.000451196 -0.000146713 0.000511437
79780.000 -0.000101307 0.000468241 -0.000115063 0.000494053
79800.000 -0.000114624 0.000450927 -0.00011856 0.000481259
79820.000 -0.000114978 0.000434358 -0.00012046 0.000517132
79840.000 -0.00016428 0.000434182 -0.000156389 0.000489001
79860.000 -0.000127876 0.00044218 -0.000158956 0.000493695
79880.000 -9.78628e-05 0.000450862 -0.000109474 0.000494994
79900.000 -0.000115326 0.00043218 -0.000115818 0.000506926
79920.000 -8.84488e-05 0.000429102 -9.41637e-05 0.000495155
79940.000 -0.000130893 0.000410448 -0.0001392 0.000479014
79960.000 -0.000104462 0.000432565 -0.000154325 0.000463757
79980.000 -9.38298e-05 0.000444574 -0.000121556 0.00052116
80000.000 -9.37297e-05 0.000436197 -0.000117903 0.000495643
80020.000 -9.20797e-05 0.000430995 -0.00010133 0.000493685
80040.000 -8.80102e-05 0.000437873 -0.000104653 0.000510118
80060.000 -8.56031e-05 0.000432521 -8.78788e-05 0.000491942
80080.000 -9.15325e-05 0.000429591 -7.73385e-05 0.00051033
80100.000 -0.000107564 0.000446017 -0.000108814 0.000518185
80120.000 -0.000111583 0.000454571 -0.000107701 0.000487044
80140.000 -9.27229e-05 0.000476251 -0.000106175 0.000492594
80160.000 -7.51264e-05 0.00046589 -8.63988e-05 0.000504218
80180.000 -9.62086e-05 0.000431227 -9.56526e-05 0.000497018
80200.000 -9.06885e-05 0.000448755 -9.77752e-05 0.000472165
80220.000 -8.28347e-05 0.000460414 -0.000119076 0.000473738
80240.000 -0.0001245 0.000475166 -0.000106789 0.000499206
80260.000 -0.000110598 0.000455186 -0.000120785 0.000485849
80280.000 -8.29826e-05 0.000440139 -9.1307e-05 0.000521996
80300.000 -7.27885e-05 0.000474793 -6.87675e-05 0.000494285
80320.000 -9.30355e-05 0.000439369 -9.24774e-05 0.000491526
80340.000 -8.0637e-05 0.000424846 -0.000112085 0.000512981
80360.000 -8.97462e-05 0.000446072 -0.00010822 0.000475036
80380.000 -8.59179e-05 0.000481959 -0.000101437 0.00053703
80400.000 -8.34482e-05 0.000446559 -9.66444e-05 0.000491304
80420.000 -7.24963e-05 0.000472746 -7.78669e-05 0.000485368
80440.000 -0.000100401 0.000459891 -0.000104379 0.000490811
80460.000 -0.000100917 0.000471529 -8.56249e-05 0.000482629
80480.000 -9.27659e-05 0.000459232 -9.75457e-05 0.00050055
80500.000 -9.67743e-05 0.000479437 -8.26559e-05 0.000488058
80520.000 -7.41097e-05 0.000481231 -0.000105813 0.000520061
80540.000 -0.0001067 0.000491978 -0.000102536 0.000488113
80560.000 -9.1791e-05 0.000451728 -7.37493e-05 0.000507067
% Warning: sampling overrun detected
80580.000 -8.48629e-05 0.000451349 -0.000102312 0.000523012
80600.000 -9.21286e-05 0.000473972 -7.30149e-05 0.000502584
80620.000 -8.32109e-05 0.000476052 -9.10316e-05 0.000492512
% Warning: sampling overrun detected
80640.000 -7.94601e-05 0.000463256 -8.24379e-05 0.000523885
80660.000 -8.51543e-05 0.00046077 -0.000115628 0.000508186
80680.000 -7.44754e-05 0.000468044 -9.07696e-05 0.000505104
% Warning: sampling overrun detected
80700.000 -8.54033e-05 0.000478259 -8.76993e-05 0.000508497
80720.000 -8.24096e-05 0.000460435 -9.70458e-05 0.000516183
80740.000 -7.16393e-05 0.000478911 -9.36127e-05 0.000509949
% Warning: sampling overrun detected
80760.000 -7.27836e-05 0.00047322 -7.59056e-05 0.000531087
% Warning: sampling overrun detected
80780.000 -8.70709e-05 0.000488038 -7.53886e-05 0.000516505
% Warning: sampling overrun detected
80800.000 -9.77081e-05 0.000448485 -0.000107492 0.000509393
80820.000 -8.47928e-05 0.00044299 -9.16789e-05 0.000519696
80840.000 -7.53363e-05 0.000457639 -0.000110597 0.000514301
80860.000 -5.80785e-05 0.000463943 -6.11345e-05 0.000523407
% Warning: sampling overrun detected
80880.000 -8.50697e-05 0.000474918 -9.13639e-05 0.000516792
% Warning: sampling overrun detected
80900.000 -8.89334e-05 0.00045795 -9.38643e-05 0.000502788
% Warning: sampling overrun detected
80920.000 -6.5927e-05 0.000472683 -6.26912e-05 0.000529911
% Warning: sampling overrun detected
80940.000 -5.22312e-05 0.000455821 -5.72722e-05 0.000541824
80960.000 -7.5534e-05 0.000469869 -9.71598e-05 0.000544542
80980.000 -6.72229e-05 0.00047144 -0.000107935 0.000543874
% Warning: sampling overrun detected
81000.000 -8.36784e-05 0.000460559 -8.95706e-05 0.000540549
81020.000 -7.00945e-05 0.000461097 -9.92061e-05 0.000550515
81040.000 -0.000124307 0.000453949 -8.86625e-05 0.000530256
% Warning: sampling overrun detected
81060.000 -7.80157e-05 0.000465763 -7.6123e-05 0.000552728
81080.000 -7.67255e-05 0.000479722 -7.19331e-05 0.00054395
81100.000 -0.000109155 0.000460651 -0.000141349 0.000565476
% Warning: sampling overrun detected
81120.000 -0.000102582 0.000479309 -0.000110394 0.00055219
% Warning: sampling overrun detected
81140.000 -7.72598e-05 0.000496069 -8.32872e-05 0.000535107
% Warning: sampling overrun detected
81160.000 -8.61998e-05 0.000482878 -6.37966e-05 0.000537512
81180.000 -8.99491e-05 0.000499715 -9.52568e-05 0.000563684
81200.000 -9.10675e-05 0.000492751 -0.000136537 0.000541984
81220.000 -9.477e-05 0.00049649 -9.681e-05 0.000532858
81240.000 -0.000128689 0.00050073 -0.00011628 0.000513258
81260.000 -8.87901e-05 0.000519708 -0.000106223 0.000505542
81280.000 -0.000101408 0.00050938 -0.000110737 0.00051019
81300.000 -0.00010344 0.000509595 -0.000125173 0.000494638
81320.000 -0.000120723 0.00051223 -9.4603e-05 0.000495173
81340.000 -9.80453e-05 0.000497901 -9.29858e-05 0.000505414
81360.000 -0.000117171 0.000484929 -0.00011999 0.000494277
81380.000 -0.000132726 0.000465197 -0.000137598 0.000484661
81400.000 -9.64582e-05 0.000494751 -8.65509e-05 0.000522585
81420.000 -0.000115663 0.000483093 -0.00011081 0.000497948
81440.000 -9.71989e-05 0.000510471 -9.27657e-05 0.000493356
81460.000 -0.000104874 0.000501843 -0.000104421 0.000523621
81480.000 -7.85258e-05 0.000485054 -0.000110568 0.000537848
81500.000 -0.000120384 0.000494308 -0.000118387 0.000511596
81520.000 -8.03836e-05 0.000499898 -0.00010436 0.000509964
81540.000 -0.00011333 0.000501048 -0.000102772 0.000514205
81560.000 -0.000115749 0.000515128 -0.00012281 0.000523981
81580.000 -0.000128136 0.000526029 -8.25537e-05 0.000512405
81600.000 -9.23415e-05 0.000507434 -0.000113075 0.00053605
81620.000 -8.0017e-05 0.000508884 -0.000104291 0.000532813
81640.000 -9.05176e-05 0.000489856 -8.95959e-05 0.000537706
81660.000 -9.79441e-05 0.000502725 -9.71416e-05 0.000540353
81680.000 -8.15172e-05 0.000490259 -8.08198e-05 0.000542116
81700.000 -9.00418e-05 0.000497307 -0.000127304 0.000544798
81720.000 -9.4071e-05 0.000526417 -0.000106696 0.000537398
81740.000 -8.66256e-05 0.00053584 -0.000111239 0.000571201
81760.000 -8.33504e-05 0.000517799 -0.000103467 0.000568772
% Warning: sampling overrun detected
81780.000 -9.51998e-05 0.000513378 -9.143e-05 0.00059844
81800.000 -9.39479e-05 0.000543263 -0.000116467 0.00058173
81820.000 -0.000103171 0.00050448 -8.8402e-05 0.000600018
81840.000 -0.000102284 0.000518892 -0.000134694 0.000586959
81860.000 -9.03703e-05 0.000510804 -8.63546e-05 0.00057951
81880.000 -0.000108642 0.000517558 -8.58292e-05 0.000574513
81900.000 -9.45389e-05 0.000533013 -7.91351e-05 0.000571324
81920.000 -8.58153e-05 0.000522849 -0.000119664 0.0005791
81940.000 -9.46485e-05 0.0005121 -0.000108335 0.000570031
81960.000 -9.0656e-05 0.000534374 -0.000122851 0.000573783
81980.000 -8.95902e-05 0.000517063 -9.65895e-05 0.000591739
82000.000 -9.07899e-05 0.000522926 -0.000112835 0.000591363
82020.000 -0.000117189 0.000520496 -0.000112481 0.000578983
82040.000 -7.77239e-05 0.00052477 -9.21356e-05 0.000555721
82060.000 -6.47977e-05 0.000507713 -0.000105534 0.000574098
82080.000 -0.000110127 0.000517137 -8.82029e-05 0.000564432
82100.000 -9.2238e-05 0.000527369 -0.000107256 0.000562371
82120.000 -0.00011126 0.000516843 -8.10358e-05 0.000560207
82140.000 -0.000109996 0.00052955 -0.000137763 0.000571131
82160.000 -9.93598e-05 0.000531 -0.000113219 0.000567256
82180.000 -0.000108103 0.000505349 -9.11573e-05 0.000580325
82200.000 -8.40872e-05 0.000523825 -0.000124548 0.000593854
82220.000 -9.55402e-05 0.000543146 -9.68334e-05 0.000578077
82240.000 -9.33796e-05 0.000520619 -8.33781e-05 0.000587868
82260.000 -9.37683e-05 0.000546843 -0.000105541 0.000562264
82280.000 -9.8653e-05 0.000539058 -9.86155e-05 0.000560849
82300.000 -9.39861e-05 0.000545246 -0.00011907 0.000593362
82320.000 -8.87448e-05 0.000526114 -9.699e-05 0.000598373
82340.000 -6.76231e-05 0.000553689 -7.75349e-05 0.000597904
82360.000 -0.000103664 0.000532727 -0.000125068 0.000573952
82380.000 -8.60229e-05 0.000543056 -0.000103 0.00057907
82400.000 -7.15239e-05 0.000519547 -8.18008e-05 0.000605437
82420.000 -0.000105385 0.000527231 -9.45447e-05 0.000587596
82440.000 -7.4154e-05 0.000547932 -8.59297e-05 0.000578985
82460.000 -8.2525e-05 0.000560471 -9.37386e-05 0.000588951
82480.000 -0.000101736 0.000540826 -9.07308e-05 0.000594353
82500.000 -0.000109364 0.00054966 -0.000109259 0.000576055
82520.000 -0.000109103 0.000556412 -0.000100169 0.000588631
82540.000 -0.000118942 0.000554523 -0.000120694 0.000597293
82560.000 -0.00011504 0.000568684 -0.000108368 0.000603253
82580.000 -7.86248e-05 0.000575991 -0.000108713 0.000592826
82600.000 -0.000104058 0.000603543 -0.000101475 0.000604748
82620.000 -0.000102528 0.000588521 -9.02951e-05 0.000601951
82640.000 -9.40195e-05 0.000568594 -0.00013071 0.000601302
82660.000 -0.000112356 0.000572005 -0.000124111 0.000591
82680.000 -9.79588e-05 0.000572563 -0.000113179 0.000599516
82700.000 -0.000109281 0.000580882 -0.000110018 0.000594962
82720.000 -0.000137159 0.000590846 -0.000108153 0.000594109
82740.000 -0.000114848 0.00057805 -0.000122487 0.00059048
82760.000 -0.000104719 0.000555298 -0.000126129 0.000568629
82780.000 -0.000129233 0.000545241 -0.000169527 0.000562603
82800.000 -0.000141308 0.000550998 -0.00013908 0.000582626
82820.000 -0.000138894 0.000545437 -0.000140388 0.000572017
82840.000 -0.000127167 0.000555152 -0.000144288 0.00056615
82860.000 -0.000147036 0.000565126 -0.000121536 0.00056119
82880.000 -0.000143443 0.000569057 -0.000133421 0.000542043
82900.000 -0.000135616 0.000522962 -0.00015338 0.000587133
82920.000 -0.000133147 0.000547755 -0.000136588 0.000579419
82940.000 -0.000108776 0.000530501 -0.000139432 0.000591767
82960.000 -0.000148909 0.000568068 -0.000128906 0.000565925
82980.000 -0.0001503 0.000546755 -0.000126276 0.000587307
83000.000 -0.000130883 0.000563923 -0.000143144 0.000610783
83020.000 -0.000147912 0.000573361 -0.00013768 0.000575654
83040.000 -0.000113245 0.00056422 -0.000160517 0.000597066
83060.000 -0.000117186 0.00056223 -0.00012983 0.000596196
83080.000 -0.000142481 0.000572649 -0.000108433 0.000580018
83100.000 -0.000144905 0.000573284 -0.000136763 0.000557532
83120.000 -0.000132395 0.000572689 -0.000137462 0.000595196
83140.000 -0.000102524 0.000601072 -0.000149364 0.000598733
83160.000 -9.82981e-05 0.000608115 -0.000147442 0.000617564
83180.000 -0.000141031 0.000591541 -0.000115479 0.000624149
83200.000 -0.000152918 0.000590839 -0.000136899 0.00059617
83220.000 -0.000116508 0.000570386 -0.000161457 0.000611211
83240.000 -0.000140612 0.000556801 -0.000145638 0.000606298
83260.000 -0.00016713 0.000583602 -0.000135399 0.00059902
83280.000 -0.000153898 0.000589541 -0.000151755 0.000589093
83300.000 -0.000157496 0.000590001 -0.000134042 0.00058879
83320.000 -0.000137402 0.000591538 -0.000127021 0.000604827
83340.000 -0.000176217 0.000586658 -0.000161456 0.000578693
83360.000 -0.000158776 0.000585386 -0.000148382 0.000577733
83380.000 -0.000141279 0.0005828 -0.000149785 0.000589432
83400.000 -0.000124227 0.000580835 -0.000123547 0.000584222
83420.000 -0.000120339 0.000582402 -0.000120394 0.000586239
83440.000 -9.2432e-05 0.000603599 -0.000127739 0.000638508
83460.000 -0.00010124 0.000573937 -0.000104668 0.000595417
83480.000 -9.66066e-05 0.000569832 -0.0001116 0.000599406
83500.000 -6.80595e-05 0.000541876 -0.000165168 0.000688922
83520.000 -0.000120992 0.000573171 -0.000106546 0.000574365
83540.000 -0.000127927 0.000567021 -0.000120265 0.000614065
83560.000 -0.00014047 0.000568938 -0.000111143 0.000624483
% Warning: sampling overrun detected
83580.000 -0.000106162 0.000576291 -0.000130399 0.000612189
83600.000 -0.000127991 0.000557949 -0.000131391 0.000629905
83620.000 -0.000143861 0.000568128 -0.000118272 0.000637968
83640.000 -0.000106052 0.000568796 -0.000127248 0.000625661
83660.000 -0.000116356 0.000593016 -0.000141669 0.00060999
83680.000 -0.000110591 0.000601683 -0.000135905 0.000634467
83700.000 -0.000142899 0.000593989 -0.000167499 0.000632724
83720.000 -0.000122111 0.000587839 -0.000156603 0.000633787
83740.000 -0.000129643 0.000577025 -0.000133994 0.000605956
83760.000 -0.000121317 0.000586561 -0.00010535 0.000632046
83780.000 -0.000129316 0.000586946 -0.000147836 0.000626359
83800.000 -9.73828e-05 0.000574929 -0.00010635 0.000634143
83820.000 -0.000111076 0.000561537 -0.000120361 0.00064178
83840.000 -0.000122074 0.000578116 -0.000137752 0.000631944
83860.000 -0.000111427 0.00056267 -0.000144998 0.000621896
83880.000 -0.000128522 0.000576224 -0.000151121 0.000632593
83900.000 -0.000126958 0.000584352 -0.000117418 0.000632317
83920.000 -0.000122088 0.000585459 -0.000133964 0.000621176
83940.000 -0.000122387 0.000587775 -0.000147589 0.000623402
83960.000 -0.000146405 0.000567747 -0.000130949 0.000642406
83980.000 -0.000120302 0.000580009 -0.000122509 0.000624199
84000.000 -0.00014986 0.000551189 -0.000172431 0.000640238
84020.000 -8.42052e-05 0.000588014 -0.000162022 0.000682451
84040.000 -0.000130281 0.000562649 -8.41255e-05 0.000617681
84060.000 -0.000110438 0.000599257 -0.000117782 0.000577824
84080.000 -0.000126184 0.00057924 -0.000107082 0.000589566
84100.000 -9.99299e-05 0.000583871 -0.000106091 0.000630962
84120.000 -8.52959e-05 0.000590173 -0.000203882 0.000664207
84140.000 -0.000120999 0.000587474 -0.000123929 0.000628023
84160.000 -0.000110943 0.000573853 -0.000138911 0.000647949
84180.000 -9.72567e-05 0.000590791 -0.00021637 0.000665835
84200.000 -0.000162105 0.000567781 -9.21782e-05 0.000671787
84220.000 -0.000143948 0.000577789 -0.000134097 0.000630611
84240.000 -0.000140726 0.00058468 -0.000140377 0.000655218
84260.000 -0.00012729 0.000613404 -0.000126136 0.000645585
84280.000 -0.000116973 0.000596883 -0.000147017 0.000659119
84300.000 -0.000114709 0.000582103 -0.000134936 0.000673701
% Warning: sampling overrun detected
84320.000 -0.000127259 0.00059983 -0.000131002 0.000635094
84340.000 -0.000113867 0.000600521 -0.000112834 0.000682835
84360.000 -0.000105328 0.000611779 -0.000149048 0.000637704
84380.000 -0.000120753 0.00060613 -0.000138694 0.000633224
84400.000 -0.000151752 0.000624261 -0.000155563 0.000638381
84420.000 -0.000147724 0.0006222 -0.000166069 0.000661084
84440.000 -0.000114889 0.000596593 -0.000144997 0.000665889
84460.000 -0.000114882 0.000590276 -0.000172817 0.000691543
84480.000 -0.000169814 0.000607369 -0.000125424 0.000631344
84500.000 -0.000170983 0.000616682 -0.00015389 0.00062424
84520.000 -0.000166759 0.00062509 -0.000179302 0.000619637
84540.000 -0.000164634 0.000606056 -0.000152878 0.000657198
84560.000 -0.000141451 0.000613466 -0.000175429 0.000627887
84580.000 -0.000160641 0.000592228 -0.000176653 0.000637932
84600.000 -0.000184477 0.000591778 -0.000191827 0.00062771
% Warning: sampling overrun detected
84620.000 -0.000182488 0.000602464 -0.000186406 0.000629085
% Warning: sampling overrun detected
84640.000 -0.000179637 0.000601879 -0.000165932 0.000630037
84660.000 -0.000178083 0.000600925 -0.00018195 0.000632711
84680.000 -0.000180908 0.000608865 -0.000196326 0.000610228
84700.000 -0.000181143 0.00060928 -0.000187321 0.000625084
84720.000 -0.0001709 0.000589872 -0.00015694 0.000638545
84740.000 -0.000170736 0.000598031 -0.00020489 0.000618208
84760.000 -0.000181287 0.000620877 -0.000188123 0.000629129
84780.000 -0.00016984 0.000592329 -0.00017101 0.000628116
84800.000 -0.000182009 0.000606477 -0.000188865 0.000627729
84820.000 -0.000171095 0.000610892 -0.000186088 0.000636761
84840.000 -0.000158721 0.00058231 -0.000174712 0.000627737
84860.000 -0.000168727 0.000599779 -0.00017197 0.000622176
84880.000 -0.000154521 0.000598907 -0.000161 0.000634045
84900.000 -0.000163198 0.000583787 -0.000194971 0.000618857
84920.000 -0.000164988 0.000613108 -0.000184608 0.00061133
84940.000 -0.000162257 0.000571843 -0.000159433 0.00061864
84960.000 -0.00014899 0.000602957 -0.000172097 0.000628612
84980.000 -0.000157098 0.00056828 -0.000170631 0.000670305
85000.000 -0.000178794 0.000592865 -0.000174701 0.000609352
85020.000 -0.000154164 0.000617937 -0.000183482 0.000646977
85040.000 -0.000139159 0.000607332 -0.000211843 0.000645191
85060.000 -0.000155685 0.000590583 -0.000143515 0.000613708
85080.000 -0.000173718 0.00056809 -0.000148982 0.000622055
85100.000 -0.000163376 0.000598911 -0.000151459 0.000630574
85120.000 -0.000146726 0.000608211 -0.000158282 0.000614144
85140.000 -0.000156744 0.000606497 -0.000149165 0.000622069
85160.000 -0.000138246 0.000595177 -0.000152434 0.000639681
85180.000 -0.000136033 0.000619212 -0.000131445 0.000642681
85200.000 -0.000123978 0.00061895 -0.000140178 0.000647464
85220.000 -0.000152938 0.000600227 -0.000133309 0.000639791
85240.000 -0.000166097 0.000607125 -0.000147079 0.000629008
85260.000 -0.00012935 0.0005918 -0.000132641 0.000628083
85280.000 -0.0001232 0.000614114 -0.000170407 0.000633565
85300.000 -0.000140058 0.000635236 -0.000113594 0.000651288
85320.000 -0.000120738 0.000603317 -0.000161178 0.000645836
85340.000 -0.00013568 0.000627438 -0.000145346 0.000655165
85360.000 -0.000129819 0.000629338 -0.000163422 0.000646431
85380.000 -0.000146452 0.000634347 -0.000157965 0.000625099
85400.000 -0.000105039 0.000632936 -0.000125081 0.000654684
85420.000 -0.000127127 0.000611105 -0.000119848 0.000652967
85440.000 -0.000146886 0.000602048 -0.000133034 0.00066296
85460.000 -0.000130631 0.000599344 -0.000118779 0.000664503
85480.000 -0.000138693 0.000629462 -0.000149903 0.000672331
85500.000 -0.000141519 0.000619348 -0.000146622 0.000644246
85520.000 -0.000143844 0.000620644 -0.000117591 0.000621418
85540.000 -0.000152303 0.000580928 -0.00013119 0.000699284
85560.000 -0.00011637 0.000585045 -0.000186675 0.000721563
85580.000 -8.49141e-05 0.000595666 -0.000209615 0.000710047
85600.000 -0.000173469 0.000616454 -0.000148128 0.000686361
85620.000 -0.000148471 0.00065904 -0.000208889 0.000641992
85640.000 -0.000138833 0.000632273 -0.000181826 0.000702291
85660.000 -0.000114985 0.000604429 -0.000171955 0.000704132
85680.000 -0.000126952 0.000628869 -0.000149876 0.000693354
85700.000 -0.000158289 0.000617408 -0.00019826 0.000671226
85720.000 -0.000117525 0.000635122 -0.000207664 0.000688509
85740.000 -0.000182674 0.000566726 -0.000101748 0.000684188
85760.000 -0.000150463 0.000643327 -0.000163829 0.000631003
85780.000 -0.000175196 0.000594046 -0.000152428 0.000644565
85800.000 -0.000163631 0.000616653 -0.000184888 0.000665213
85820.000 -0.000154623 0.000597424 -0.00015603 0.000669953
85840.000 -0.000184241 0.000627445 -0.000167307 0.000645027
85860.000 -0.000183124 0.000614983 -0.000172269 0.000652898
85880.000 -0.000148291 0.000636551 -0.000154589 0.000677876
85900.000 -0.000164651 0.000634951 -0.000167595 0.000672553
85920.000 -0.000151138 0.000634102 -0.000159398 0.00066148
85940.000 -0.000135348 0.000609947 -0.000161248 0.000680547
85960.000 -0.000167283 0.000633231 -0.000175417 0.000640915
85980.000 -0.00015883 0.000597117 -0.000185008 0.000647571
86000.000 -0.000181158 0.000610018 -0.000194145 0.000628331
86020.000 -0.000176755 0.000626693 -0.000171158 0.0006462
86040.000 -0.00016503 0.000619487 -0.000193691 0.000661228
86060.000 -0.000186182 0.000617179 -0.00017163 0.000621515
86080.000 -0.000160356 0.000627866 -0.000188046 0.000662097
86100.000 -0.000179952 0.000611235 -0.00020762 0.000649528
86120.000 -0.0001732 0.000597856 -0.000162978 0.000634658
86140.000 -0.000180718 0.000636534 -0.000196251 0.000658986
86160.000 -0.000204371 0.000638946 -0.000215513 0.000661678
86180.000 -0.000200846 0.000655726 -0.000190028 0.000661637
86200.000 -0.000188314 0.000657839 -0.000202183 0.000673212
86220.000 -0.000174603 0.000646066 -0.000158437 0.00066314
86240.000 -0.000202828 0.000660599 -0.000189957 0.000684842
86260.000 -0.000176658 0.000672864 -0.000189845 0.000677341
86280.000 -0.000170685 0.000662439 -0.000185097 0.000666984
86300.000 -0.000148521 0.00066844 -0.00016566 0.000673973
86320.000 -0.000191858 0.000675187 -0.000158776 0.000674859
86340.000 -0.000174514 0.000679511 -0.000179665 0.000688682
86360.000 -0.000174986 0.000671841 -0.000198912 0.000670136
86380.000 -0.000188566 0.000673289 -0.000181078 0.000683563
