% UltraMSK: version 1.0 beta 16
% Site: localhost.localdomain
% Date: 2015-01-22
% Frequency: 18300.000000 Hz
% Baud Rate: 200 Hz
% VLF Channel: 3
% PPS Channel: 4
% Jack Server: default
% Output Format: Cartesian
% End
68560.000 -0.00267503 -0.000319855 -0.00139487 -0.00229947
68580.000 -0.00260732 -0.000879323 -0.0012476 -0.00242743
68600.000 -0.00244147 -0.00126482 -0.00136713 -0.00234053
68620.000 -0.00218605 -0.00165186 -0.00138783 -0.00232205
68640.000 -0.0019338 -0.00186417 -0.00132375 -0.00231522
68660.000 -0.00173303 -0.00208809 -0.00128962 -0.00235176
68680.000 -0.00157628 -0.00220306 -0.00124939 -0.00235836
68700.000 -0.00112433 -0.00241523 -0.00089303 -0.0024889
68720.000 -0.000909048 -0.00251991 -0.000757885 -0.00255303
68740.000 -0.000724784 -0.00259897 -0.000605635 -0.00259686
68760.000 -0.000828075 -0.00254651 -0.000757809 -0.00254078
68780.000 -0.000841912 -0.00257801 -0.000781696 -0.00256038
68800.000 -0.00116877 -0.00242579 -0.00113316 -0.00244303
68820.000 -0.000985544 -0.00248354 -0.000965791 -0.0025012
68840.000 -0.000525737 -0.00262778 -0.000512876 -0.00263604
68860.000 -0.000680451 -0.00257669 -0.000673218 -0.00259274
68880.000 -0.00125132 -0.0023728 -0.00123114 -0.00235892
68900.000 -0.00151576 -0.00222496 -0.00151454 -0.00224018
68920.000 -0.00164128 -0.00209852 -0.00165864 -0.00214032
68940.000 -0.00189605 -0.00188841 -0.00189282 -0.00190372
68960.000 -0.0021092 -0.00162513 -0.00212135 -0.0016391
68980.000 -0.00221649 -0.00141985 -0.00223364 -0.00143859
69000.000 -0.0020284 -0.00164944 -0.00204977 -0.00166043
69020.000 -0.00204911 -0.0016158 -0.00205971 -0.00160254
69040.000 -0.00227076 -0.00129012 -0.00227709 -0.00130253
69060.000 -0.00242482 -0.00100067 -0.00243459 -0.00101451
69080.000 -0.0024014 -0.00102508 -0.00242157 -0.00102202
69100.000 -0.00244341 -0.000834033 -0.00249774 -0.000844154
69120.000 -0.00240359 -0.00104849 -0.00242167 -0.00105823
69140.000 -0.00232679 -0.00125384 -0.00233466 -0.00125488
69160.000 -0.00245353 -0.000928957 -0.00249523 -0.000951824
69180.000 -0.00245695 -0.000948388 -0.00245088 -0.000950796
69200.000 -0.00256215 -0.000673918 -0.00254683 -0.000680212
% Warning: sampling overrun detected
69220.000 -0.00246978 -0.00090997 -0.00247348 -0.000890161
69240.000 -0.00237593 -0.00114141 -0.00237524 -0.00114976
69260.000 -0.00235321 -0.00114509 -0.00236484 -0.00114645
69280.000 -0.00237745 -0.00101918 -0.0024142 -0.00102469
69300.000 -0.0023933 -0.000997598 -0.00241552 -0.00100149
69320.000 -0.0024261 -0.000926698 -0.00245036 -0.000923552
69340.000 -0.0023361 -0.00104705 -0.00234676 -0.00106611
69360.000 -0.00226258 -0.00120389 -0.00224067 -0.00118921
69380.000 -0.00216777 -0.00135564 -0.00215046 -0.00134668
69400.000 -0.00196728 -0.00165726 -0.00195296 -0.00161036
69420.000 -0.00217541 -0.00138384 -0.00214859 -0.00136726
69440.000 -0.00223984 -0.00128309 -0.00220706 -0.00129585
69460.000 -0.00221831 -0.00127789 -0.00222719 -0.00128966
69480.000 -0.00229497 -0.00112293 -0.00231155 -0.00111117
69500.000 -0.00237964 -0.000916037 -0.00237164 -0.000912282
69520.000 -0.00234633 -0.00105062 -0.00230402 -0.00104665
69540.000 -0.00224765 -0.00130277 -0.0022153 -0.00128356
69560.000 -0.00217808 -0.00139224 -0.00215833 -0.00139505
69580.000 -0.00219844 -0.00135343 -0.0022057 -0.00136076
69600.000 -0.00221181 -0.00135373 -0.00218015 -0.00132296
69620.000 -0.0023422 -0.00110688 -0.00233744 -0.00110622
69640.000 -0.00236767 -0.000996164 -0.00235848 -0.000997356
69660.000 -0.0024138 -0.000820855 -0.00240655 -0.00082963
69680.000 -0.00234439 -0.000964928 -0.00233807 -0.000943617
69700.000 -0.00242851 -0.000676296 -0.00243162 -0.000695186
69720.000 -0.00247981 -0.000473855 -0.00247906 -0.000462464
69740.000 -0.00247455 -0.000293931 -0.00248192 -0.000275411
69760.000 -0.00250177 -0.000194996 -0.00248644 -0.000190681
69780.000 -0.00250076 9.44339e-05 -0.00250701 8.38426e-05
69800.000 -0.00250088 -0.000284888 -0.00249554 -0.00026953
69820.000 -0.00244265 -0.000554011 -0.00244176 -0.000548838
69840.000 -0.00234485 -0.000860435 -0.0023548 -0.000864211
69860.000 -0.00240922 -0.000637916 -0.00243103 -0.000656031
69880.000 -0.002498 -0.000113213 -0.00248205 -0.000108807
69900.000 -0.00249811 0.000122132 -0.00249628 0.000147605
69920.000 -0.00244898 -0.000120403 -0.00248736 -0.000148979
69940.000 -0.00232668 -0.0008507 -0.00235603 -0.000868521
69960.000 -0.00215194 -0.00128857 -0.00214808 -0.00130004
69980.000 -0.00208269 -0.00143182 -0.0021005 -0.00145121
70000.000 -0.00212461 -0.0013829 -0.0021414 -0.00135808
70020.000 -0.00208208 -0.0013669 -0.00208896 -0.00136794
70040.000 -0.00211741 -0.00135297 -0.00210459 -0.00136411
70060.000 -0.00202432 -0.00147509 -0.0020552 -0.00150367
70080.000 -0.00210244 -0.00134661 -0.0021136 -0.00135769
70100.000 -0.00202503 -0.00140456 -0.00204048 -0.00141473
70120.000 -0.00206755 -0.00132997 -0.00207349 -0.00131422
70140.000 -0.00198184 -0.00143113 -0.00198711 -0.00142499
70160.000 -0.00202431 -0.00137828 -0.00202104 -0.00137248
70180.000 -0.0017955 -0.00167265 -0.00179751 -0.00166868
70200.000 -0.00172391 -0.00174857 -0.00172112 -0.00176252
70220.000 -0.00175484 -0.00171907 -0.00177717 -0.00170862
70240.000 -0.00159321 -0.00189905 -0.00159284 -0.00187642
70260.000 -0.00154117 -0.00190568 -0.00154869 -0.00191844
70280.000 -0.00135897 -0.00206433 -0.00137379 -0.00205746
70300.000 -0.0015215 -0.00193238 -0.00152447 -0.00193989
70320.000 -0.00117457 -0.00217124 -0.00118394 -0.00217288
70340.000 -0.00069435 -0.00238113 -0.000660767 -0.00236953
70360.000 -0.000419374 -0.00243452 -0.000410591 -0.00245109
70380.000 -0.000258366 -0.00245885 -0.00024664 -0.0024972
70400.000 -0.000514275 -0.00243812 -0.000502035 -0.00242875
70420.000 -0.000180554 -0.00248641 -0.000148853 -0.00249797
70440.000 -0.000177793 -0.0024886 -0.000169736 -0.00248412
70460.000 -0.000517048 -0.00244022 -0.000507093 -0.00244071
70480.000 -0.000822136 -0.00233682 -0.000845509 -0.00232212
70500.000 -0.000996522 -0.00226082 -0.00100195 -0.00225113
70520.000 -0.000696284 -0.00237308 -0.000714534 -0.00237243
70540.000 -0.000832483 -0.00233688 -0.000844064 -0.00229133
70560.000 -0.000722167 -0.00238445 -0.000712196 -0.00236844
70580.000 -0.000707425 -0.00235406 -0.000716357 -0.00234892
70600.000 -0.000578261 -0.00242159 -0.000581756 -0.00239029
70620.000 -0.000459312 -0.00243757 -0.000453189 -0.00244621
70640.000 -0.000250644 -0.00250126 -0.000229388 -0.00247719
70660.000 8.33685e-05 -0.0024868 8.69587e-05 -0.00248099
70680.000 9.03455e-05 -0.00250995 8.62784e-05 -0.00247909
70700.000 -6.34175e-05 -0.00252313 -5.52697e-05 -0.00250059
70720.000 6.16514e-05 -0.00252004 7.65963e-05 -0.00251743
70740.000 0.000411795 -0.0025131 0.00042295 -0.00249336
70760.000 0.000160944 -0.00254919 0.000175704 -0.00254186
70780.000 0.0003191 -0.002563 0.000314032 -0.0025381
70800.000 0.000543284 -0.00248718 0.000542884 -0.00250225
70820.000 0.000580472 -0.00248205 0.000585269 -0.00246441
70840.000 0.000630485 -0.00247361 0.000647977 -0.00249059
70860.000 0.000898297 -0.00236759 0.000904023 -0.00238189
70880.000 0.00130357 -0.00220133 0.00129241 -0.00219448
70900.000 0.00142743 -0.00209898 0.00143603 -0.00210528
70920.000 0.00127483 -0.0021845 0.00130186 -0.00219554
70940.000 0.00165701 -0.00194508 0.00165716 -0.00195664
70960.000 0.00177019 -0.00187342 0.00177482 -0.00184988
% Warning: sampling overrun detected
70980.000 0.0018371 -0.00179612 0.00183983 -0.00180155
71000.000 0.00192958 -0.00173411 0.00193503 -0.00171098
71020.000 0.00223693 -0.00132672 0.00218714 -0.00130834
71040.000 0.00227687 -0.00127193 0.00226501 -0.00124483
71060.000 0.00233438 -0.00119707 0.00230828 -0.0011743
71080.000 0.00251781 -0.000680621 0.00248837 -0.000653901
71100.000 0.00261593 -6.78824e-05 0.00257674 -5.0153e-05
71120.000 0.00253837 0.000648286 0.00249163 0.000637644
71140.000 0.00250852 0.000780298 0.00246488 0.000761501
71160.000 0.00251482 0.000762033 0.00249311 0.000752484
71180.000 0.00253158 0.000659059 0.00250614 0.000685236
71200.000 0.00257054 0.000503791 0.00255185 0.000515947
71220.000 0.00257277 0.00055415 0.00253208 0.000525269
71240.000 0.00254554 0.000700662 0.00250155 0.000679368
71260.000 0.00247631 0.000778826 0.0024575 0.00076634
71280.000 0.00239203 0.00104223 0.00235491 0.00101137
71300.000 0.00236995 0.00104227 0.0023536 0.00102675
71320.000 0.00221916 0.00138505 0.00221994 0.00135096
71340.000 0.00228449 0.00119812 0.00225831 0.0011958
71360.000 0.00228547 0.0011537 0.00226344 0.00113976
71380.000 0.00236508 0.000898257 0.00236233 0.000891691
71400.000 0.00243863 0.000736408 0.00241756 0.000733038
71420.000 0.00249856 0.000590374 0.00245528 0.000583751
71440.000 0.00241424 0.000836307 0.00241582 0.000855979
71460.000 0.0024239 0.00081071 0.00244658 0.000801874
71480.000 0.00236638 0.000967773 0.00238551 0.000942979
71500.000 0.00229972 0.00119975 0.00228283 0.00118396
71520.000 0.00235195 0.00112299 0.00235786 0.00115384
71540.000 0.0022634 0.00124314 0.00228633 0.00129082
71560.000 0.00210346 0.00149386 0.00212227 0.00149714
% Warning: sampling overrun detected
71580.000 0.00211509 0.00154203 0.00213103 0.00152955
71600.000 0.00208819 0.00153413 0.00211839 0.0015508
71620.000 0.00196298 0.00173505 0.00196656 0.00174
71640.000 0.00215365 0.001491 0.00215454 0.00148799
71660.000 0.00226637 0.0012413 0.00229798 0.00124125
71680.000 0.00231252 0.00116781 0.00233284 0.00117286
71700.000 0.00235297 0.00111784 0.00235148 0.00111148
71720.000 0.00224905 0.00119813 0.00229536 0.00124161
71740.000 0.00231483 0.00105712 0.00237738 0.00108582
71760.000 0.00229091 0.00112634 0.00230699 0.00110865
71780.000 0.00238011 0.00090782 0.00238136 0.000891021
71800.000 0.00215201 0.00139796 0.0021237 0.00139046
71820.000 0.00198216 0.00163227 0.00196857 0.0016305
71840.000 0.00193366 0.00165163 0.00195451 0.00166386
71860.000 0.0020976 0.00144616 0.00210473 0.00146068
71880.000 0.00190892 0.00165155 0.0019471 0.00164027
71900.000 0.00204446 0.00149787 0.0020397 0.00147283
71920.000 0.00209564 0.00146089 0.00210966 0.00145327
71940.000 0.0019847 0.00159324 0.00198498 0.00161216
71960.000 0.00186002 0.00171944 0.00188043 0.00172131
71980.000 0.00190139 0.00171984 0.00187181 0.00171414
72000.000 0.0019431 0.00164261 0.00196155 0.00162829
72020.000 0.0019856 0.00158935 0.00199924 0.00160928
72040.000 0.00221413 0.00127013 0.00225711 0.00127912
72060.000 0.00233604 0.00105845 0.002363 0.00107686
72080.000 0.00236675 0.00107651 0.00239432 0.00109958
72100.000 0.00243207 0.000872012 0.00245813 0.000919628
72120.000 0.00256082 0.000508156 0.00259716 0.000508066
72140.000 0.00256584 0.000423072 0.00259182 0.000460905
72160.000 0.00261648 0.000437166 0.00266391 0.000447859
72180.000 0.00264624 -0.000146933 0.00265743 -0.000159069
72200.000 0.00254573 -0.000647054 0.0025794 -0.000622015
72220.000 0.00244417 -0.000955443 0.00246139 -0.000983919
72240.000 0.00218424 -0.00144333 0.00222058 -0.00145206
72260.000 0.00189902 -0.00180235 0.0019207 -0.00185661
72280.000 0.00176826 -0.00191666 0.00181217 -0.00194656
72300.000 0.00206422 -0.0016342 0.00207928 -0.00165379
72320.000 0.00204115 -0.00167802 0.00208869 -0.00171119
72340.000 0.00214106 -0.00158066 0.00218844 -0.0016021
72360.000 0.00234957 -0.00123131 0.00241138 -0.00125628
72380.000 0.0023747 -0.00117848 0.00244513 -0.00119635
72400.000 0.00245887 -0.00103476 0.00253768 -0.00107151
72420.000 0.00258296 -0.000611483 0.00265935 -0.000630424
72440.000 0.00258983 -0.000555316 0.00267636 -0.000577508
72460.000 0.00266457 -0.000146681 0.00272068 -0.000147623
72480.000 0.00265208 8.8073e-05 0.00271925 8.39112e-05
72500.000 0.00262562 0.000253546 0.00269094 0.000257528
72520.000 0.00252329 0.000764669 0.0025358 0.000772393
72540.000 0.00244294 0.000958231 0.00246023 0.000959177
72560.000 0.00252459 0.000649177 0.00256021 0.000661245
72580.000 0.00259586 0.000276999 0.00262608 0.000265725
72600.000 0.00259683 0.000294864 0.0026248 0.000291745
72620.000 0.00251799 0.000669543 0.00256146 0.000697024
72640.000 0.00254793 0.00061709 0.00259264 0.000607761
72660.000 0.0025891 0.000415214 0.0026336 0.000425048
72680.000 0.00260592 0.00023469 0.00265784 0.000241955
72700.000 0.00263523 0.000249036 0.00265885 0.000260723
72720.000 0.00264747 0.00038197 0.00265327 0.000413792
72740.000 0.00263417 0.000246106 0.00267826 0.000261301
72760.000 0.00262541 9.16186e-05 0.00268375 8.71006e-05
% Warning: sampling overrun detected
72780.000 0.00260086 0.000275684 0.00266718 0.000266672
72800.000 0.00264302 -0.000126205 0.00266523 -0.000121442
72820.000 0.00252306 -0.000708717 0.00257733 -0.000720344
72840.000 0.00243581 -0.000949625 0.00251168 -0.000979311
72860.000 0.00235611 -0.00114794 0.00242806 -0.00115782
72880.000 0.00224057 -0.00138207 0.00229578 -0.00141073
72900.000 0.00229954 -0.0012886 0.00231226 -0.00130697
72920.000 0.00238701 -0.00115123 0.00242139 -0.00117592
72940.000 0.00248752 -0.000984601 0.00250613 -0.00101329
72960.000 0.00219966 -0.00152475 0.00226324 -0.00157621
72980.000 0.00224131 -0.00142497 0.002292 -0.0014684
73000.000 0.00239582 -0.00111013 0.0024603 -0.00115137
73020.000 0.00244623 -0.00102316 0.00254167 -0.00103256
73040.000 0.00252724 -0.00100533 0.00255387 -0.00101848
73060.000 0.00259284 -0.000789406 0.00264811 -0.000793688
73080.000 0.00261924 -0.000699944 0.00263136 -0.000722205
73100.000 0.00265656 -0.000597506 0.00267583 -0.000596548
73120.000 0.00267984 -0.000237848 0.00275865 -0.00020605
73140.000 0.00275398 2.92412e-05 0.0027785 1.62159e-05
73160.000 0.0026976 0.000391877 0.00273206 0.000389812
73180.000 0.00268411 0.00057622 0.00269251 0.000581254
73200.000 0.00268456 0.000584884 0.00268437 0.000591195
73220.000 0.00269336 0.000481775 0.00272081 0.000488763
73240.000 0.00274654 0.000291986 0.00277806 0.000311773
73260.000 0.00274341 0.000112752 0.00278004 0.000111334
73280.000 0.00274826 0.000200643 0.00279852 0.000204662
73300.000 0.00275962 -9.29025e-05 0.00280012 -9.56315e-05
73320.000 0.00279469 2.39918e-05 0.00279583 1.26384e-05
73340.000 0.00274628 0.000587209 0.0027589 0.000616623
73360.000 0.00273739 0.000502142 0.00274689 0.000522109
73380.000 0.00275565 0.00037679 0.00275767 0.000368291
73400.000 0.0027062 0.000547459 0.00272176 0.00054793
73420.000 0.00273297 0.000483296 0.00273352 0.000465912
73440.000 0.00270921 0.000351726 0.00274851 0.000347891
73460.000 0.00272382 0.000330651 0.00276666 0.000313677
73480.000 0.00270892 0.000266151 0.00275483 0.000243234
73500.000 0.00268213 0.000371465 0.00272822 0.000359823
73520.000 0.00266073 0.000444952 0.00271189 0.000457884
73540.000 0.00263601 0.000643509 0.0026808 0.000668101
73560.000 0.00270633 0.000134148 0.00273785 9.80183e-05
73580.000 0.00266495 -0.000482099 0.00270335 -0.000485945
73600.000 0.00258383 -0.000795511 0.00259629 -0.000816693
73620.000 0.00257921 -0.000781156 0.00259699 -0.000807561
73640.000 0.00248644 -0.000996415 0.00251177 -0.00101524
73660.000 0.00251057 -0.000872178 0.00255251 -0.000871771
73680.000 0.00250741 -0.000894738 0.00254213 -0.000928334
73700.000 0.00253191 -0.000876789 0.00254244 -0.000876908
73720.000 0.00253889 -0.000904149 0.00253774 -0.000913908
73740.000 0.0024879 -0.000931998 0.00254578 -0.000936709
73760.000 0.00237578 -0.00118744 0.00240529 -0.00120429
73780.000 0.00242803 -0.00105068 0.00246198 -0.00107168
73800.000 0.00250958 -0.000860271 0.00255234 -0.000877913
73820.000 0.00257043 -0.000577976 0.00260835 -0.000602008
73840.000 0.00261874 -0.000325115 0.0026653 -0.000321871
73860.000 0.00263342 -6.53988e-06 0.00268697 -8.05305e-06
73880.000 0.00260538 9.69321e-05 0.00268238 9.93502e-05
73900.000 0.00259668 0.000290557 0.00269005 0.000307913
73920.000 0.00261002 0.000361245 0.00269587 0.000356999
73940.000 0.00263444 0.000113059 0.00272976 0.000132581
73960.000 0.00266315 0.000127039 0.00275678 0.000136539
73980.000 0.00269435 5.53264e-05 0.00275748 8.61191e-05
74000.000 0.0026585 0.000161952 0.00276214 0.000172933
74020.000 0.0026409 0.000465093 0.0027109 0.000483308
74040.000 0.00263875 0.000520587 0.00270424 0.000551537
74060.000 0.00263876 0.00056862 0.00272267 0.00058964
74080.000 0.00258866 0.000738187 0.00266866 0.000758778
74100.000 0.00235493 0.00131431 0.0024123 0.00135719
74120.000 0.00226398 0.0014709 0.00233418 0.00154825
74140.000 0.00200428 0.00176823 0.00207923 0.00183094
74160.000 0.0017597 0.00202159 0.00179992 0.00208376
74180.000 0.00124222 0.00241201 0.00126508 0.00248458
74200.000 0.000984398 0.00252517 0.00102137 0.0025883
74220.000 0.000706371 0.00258865 0.000720574 0.00265665
74240.000 0.000450552 0.00261117 0.000462285 0.00270595
74260.000 0.000270095 0.00264923 0.000299612 0.00272355
74280.000 0.000460836 0.00264612 0.000469471 0.00273132
74300.000 0.000494945 0.00262458 0.000513864 0.00270027
74320.000 0.000341099 0.00265669 0.000354855 0.00272292
74340.000 0.000638596 0.002599 0.000646391 0.00261715
74360.000 0.00100584 0.0024686 0.00101351 0.00257559
74380.000 0.00144668 0.00223331 0.00149952 0.0023206
74400.000 0.0014773 0.0022562 0.00152777 0.00227619
74420.000 0.00148947 0.00223333 0.00153292 0.00223187
74440.000 0.00162837 0.00211352 0.00164495 0.00217228
74460.000 0.00178133 0.0019678 0.0018286 0.00204621
74480.000 0.00149397 0.00221727 0.00155636 0.00228024
74500.000 0.00132959 0.00233534 0.00135208 0.00239956
74520.000 0.00135993 0.00235071 0.00138485 0.00240249
74540.000 0.00159782 0.00219804 0.00161268 0.00223092
74560.000 0.00136504 0.00237245 0.00139106 0.00240266
% Warning: sampling overrun detected
74580.000 0.00130464 0.00242083 0.00129499 0.00246781
74600.000 0.00110433 0.00255579 0.00108357 0.00258074
74620.000 0.00103731 0.00254599 0.00105603 0.0026153
74640.000 0.00129462 0.00240439 0.00131571 0.00245143
74660.000 0.00103533 0.00250724 0.00104359 0.00257145
74680.000 0.000930848 0.00255238 0.000947815 0.00262583
74700.000 0.000877199 0.00254881 0.000924436 0.00262891
74720.000 0.000951626 0.002497 0.00100323 0.00254945
74740.000 0.0010143 0.00245032 0.00102846 0.00252429
74760.000 0.000854238 0.00250867 0.000886432 0.00257112
74780.000 0.000870771 0.00244722 0.000903288 0.00251312
74800.000 0.000741702 0.00249309 0.000780765 0.00253885
74820.000 0.00086043 0.00243011 0.000882494 0.00249608
74840.000 0.00108486 0.00233548 0.00112398 0.00238598
74860.000 0.00132986 0.00219073 0.00136974 0.00221447
74880.000 0.00175055 0.00188143 0.00177893 0.00193527
74900.000 0.00171237 0.00190318 0.00175421 0.00195975
74920.000 0.00165437 0.00196139 0.00169386 0.00201521
74940.000 0.00155924 0.00204258 0.00160708 0.00207737
74960.000 0.00137312 0.00223689 0.0014042 0.00221361
74980.000 0.00125371 0.00225496 0.001265 0.00232535
75000.000 0.00127597 0.00226787 0.00128011 0.00233441
75020.000 0.000824053 0.0024347 0.000840586 0.00247453
75040.000 0.000203821 0.00255735 0.000208366 0.00262497
75060.000 -0.000129281 0.00256859 -0.000129022 0.00259425
75080.000 -0.000212317 0.00256826 -0.000218728 0.00262093
75100.000 -0.000265384 0.00251912 -0.000256486 0.00258394
75120.000 -0.000450504 0.00247169 -0.000462803 0.00254981
75140.000 -0.000343119 0.00246476 -0.000309125 0.00253959
75160.000 -0.00027581 0.00248931 -0.000276898 0.00255613
% Warning: sampling overrun detected
75180.000 -0.000261328 0.00245677 -0.000256229 0.00254141
75200.000 -0.000403965 0.0024467 -0.000425994 0.00250769
75220.000 -0.000376261 0.00245667 -0.000397857 0.00251687
% Warning: sampling overrun detected
75240.000 -0.000352269 0.00243513 -0.000322374 0.00251
% Warning: sampling overrun detected
75260.000 -0.000461407 0.00241134 -0.000452404 0.00247939
% Warning: sampling overrun detected
75280.000 -0.000524533 0.00239053 -0.00054195 0.00246622
75300.000 -0.000747113 0.00231139 -0.000788159 0.0023817
75320.000 -0.000871621 0.0023132 -0.000882359 0.00236647
75340.000 -0.00110021 0.0022235 -0.00113428 0.00227777
% Warning: sampling overrun detected
75360.000 -0.00146646 0.00200171 -0.00151385 0.00205312
75380.000 -0.0015015 0.00201256 -0.00156006 0.00205888
75400.000 -0.00161585 0.00192152 -0.00168445 0.00198002
% Warning: sampling overrun detected
75420.000 -0.00163032 0.00191567 -0.0016603 0.0019807
% Warning: sampling overrun detected
75440.000 -0.00162151 0.00193095 -0.00167311 0.00200237
% Warning: sampling overrun detected
75460.000 -0.00209572 0.00148596 -0.0021562 0.0014917
% Warning: sampling overrun detected
75480.000 -0.00213351 0.00141972 -0.00218352 0.00145796
75500.000 -0.00197916 0.00157435 -0.00201765 0.00161842
75520.000 -0.00159523 0.00196463 -0.00166033 0.00199365
% Warning: sampling overrun detected
75540.000 -0.00135501 0.00212523 -0.00139301 0.00218273
% Warning: sampling overrun detected
75560.000 -0.00136503 0.00210178 -0.00139955 0.00216677
% Warning: sampling overrun detected
75580.000 -0.00159028 0.00190733 -0.00167103 0.00196742
% Warning: sampling overrun detected
75600.000 -0.0016704 0.00185662 -0.00170323 0.00191255
% Warning: sampling overrun detected
75620.000 -0.00171918 0.00178176 -0.00176332 0.00182691
% Warning: sampling overrun detected
75640.000 -0.00159887 0.00193125 -0.00160802 0.00196586
75660.000 -0.00155616 0.00196414 -0.00158343 0.00201142
75680.000 -0.00184629 0.00175258 -0.00187398 0.00177721
75700.000 -0.00167197 0.00190002 -0.00174152 0.00190508
75720.000 -0.00128517 0.00216507 -0.00134148 0.00221889
75740.000 -0.00112951 0.00224746 -0.00116898 0.00229955
75760.000 -0.00120139 0.00219882 -0.00124359 0.00224392
75780.000 -0.00132329 0.00205787 -0.00137047 0.00212702
75800.000 -0.00148595 0.00197487 -0.00152314 0.00205505
75820.000 -0.00160893 0.00186035 -0.00167935 0.00192834
75840.000 -0.00154606 0.0019029 -0.00159767 0.00195995
75860.000 -0.0016063 0.00184143 -0.00164879 0.00190797
75880.000 -0.0016965 0.00174648 -0.00175837 0.00181988
75900.000 -0.00190768 0.00152895 -0.00195186 0.00158534
75920.000 -0.00203345 0.00130585 -0.00210112 0.00138579
75940.000 -0.00184929 0.00154839 -0.00189934 0.00161008
75960.000 -0.0017439 0.00164778 -0.0018345 0.00172449
75980.000 -0.00155194 0.0018377 -0.00160803 0.00192684
76000.000 -0.00149489 0.00187676 -0.00157518 0.00196178
76020.000 -0.00180463 0.00162413 -0.00187743 0.00169529
76040.000 -0.00184232 0.00158548 -0.00192651 0.00166371
76060.000 -0.00191098 0.00152802 -0.00199712 0.00156634
76080.000 -0.00202502 0.00132843 -0.00210614 0.00139137
76100.000 -0.0017967 0.00163212 -0.00185838 0.00168619
76120.000 -0.00173852 0.00166285 -0.00184024 0.00175925
76140.000 -0.00166433 0.00176985 -0.00173592 0.001842
76160.000 -0.00143166 0.00196838 -0.00149648 0.00205769
76180.000 -0.00138543 0.00198977 -0.00145727 0.00207895
76200.000 -0.0015058 0.00188531 -0.00159248 0.00198394
76220.000 -0.00139697 0.00196686 -0.00145697 0.00207845
76240.000 -0.00165492 0.00175146 -0.00170788 0.0018504
76260.000 -0.00178622 0.00161477 -0.00183823 0.00170348
76280.000 -0.00199187 0.00133449 -0.00205837 0.00141953
76300.000 -0.0021079 0.00114354 -0.00215078 0.00120732
76320.000 -0.0021029 0.00109964 -0.00215305 0.00118919
76340.000 -0.00212854 0.0010048 -0.00218733 0.00105565
76360.000 -0.00202152 0.00123108 -0.00206234 0.00126027
% Warning: sampling overrun detected
76380.000 -0.00195784 0.00134604 -0.00203058 0.00138365
% Warning: sampling overrun detected
76400.000 -0.00182728 0.00154461 -0.0018869 0.00159244
% Warning: sampling overrun detected
76420.000 -0.00168761 0.00168692 -0.00174725 0.00174296
% Warning: sampling overrun detected
76440.000 -0.0016362 0.0017612 -0.00171803 0.00181343
% Warning: sampling overrun detected
76460.000 -0.00169186 0.00169611 -0.00177858 0.00177715
% Warning: sampling overrun detected
76480.000 -0.00169805 0.00167836 -0.00178527 0.00176734
% Warning: sampling overrun detected
76500.000 -0.00189172 0.00147977 -0.00195797 0.00155095
% Warning: sampling overrun detected
76520.000 -0.00216429 0.00110295 -0.00226245 0.00113453
% Warning: sampling overrun detected
76540.000 -0.00206305 0.00127131 -0.00214361 0.00132417
% Warning: sampling overrun detected
76560.000 -0.00171228 0.00172422 -0.00179405 0.00177251
% Warning: sampling overrun detected
76580.000 -0.00159141 0.00183166 -0.00166008 0.00190456
% Warning: sampling overrun detected
76600.000 -0.00150965 0.001912 -0.00159521 0.00196878
% Warning: sampling overrun detected
76620.000 -0.0015497 0.00189593 -0.00162973 0.00196459
% Warning: sampling overrun detected
76640.000 -0.00162616 0.00188311 -0.00169866 0.0019399
76660.000 -0.00183007 0.0016875 -0.00190896 0.00176529
% Warning: sampling overrun detected
76680.000 -0.00176684 0.00175811 -0.00185442 0.00180728
% Warning: sampling overrun detected
76700.000 -0.00199705 0.00147334 -0.00209305 0.00150424
% Warning: sampling overrun detected
76720.000 -0.00212642 0.00126041 -0.00224117 0.0012964
% Warning: sampling overrun detected
76740.000 -0.00212209 0.00123493 -0.00220975 0.00131236
% Warning: sampling overrun detected
76760.000 -0.00188006 0.00156396 -0.00196598 0.00164152
% Warning: sampling overrun detected
76780.000 -0.0019013 0.00152156 -0.00198467 0.00160921
% Warning: sampling overrun detected
76800.000 -0.00176931 0.00163734 -0.00189053 0.00173973
% Warning: sampling overrun detected
76820.000 -0.00198667 0.00135623 -0.00206775 0.00146096
% Warning: sampling overrun detected
76840.000 -0.00218992 0.00102394 -0.00227489 0.00107091
% Warning: sampling overrun detected
76860.000 -0.00228345 0.000842686 -0.00236358 0.000877681
% Warning: sampling overrun detected
76880.000 -0.00201545 0.00134115 -0.0020963 0.00140833
% Warning: sampling overrun detected
76900.000 -0.00200231 0.00139385 -0.00207489 0.00143868
% Warning: sampling overrun detected
76920.000 -0.00189131 0.00153392 -0.00196574 0.00159475
% Warning: sampling overrun detected
76940.000 -0.00176197 0.00170656 -0.0017908 0.00175468
% Warning: sampling overrun detected
76960.000 -0.00198335 0.00148423 -0.0019857 0.00152468
% Warning: sampling overrun detected
76980.000 -0.0021354 0.0012405 -0.0021791 0.00125974
77000.000 -0.00208038 0.00133766 -0.00212412 0.00137247
77020.000 -0.00220367 0.00116983 -0.00227573 0.00116214
77040.000 -0.00200291 0.00150605 -0.00206091 0.00151928
77060.000 -0.0021934 0.00123529 -0.00224021 0.001254
77080.000 -0.00215311 0.00127672 -0.00221081 0.00129724
77100.000 -0.00203467 0.00150665 -0.00210458 0.00152822
77120.000 -0.00216729 0.00131437 -0.00218497 0.00135686
77140.000 -0.00229234 0.00100007 -0.00236243 0.00103191
77160.000 -0.00240891 0.000658863 -0.00246296 0.000698466
77180.000 -0.00239675 0.000701039 -0.002447 0.000705366
77200.000 -0.00244588 0.000598749 -0.00254834 0.000580628
77220.000 -0.00247978 0.000500714 -0.0025279 0.00049839
77240.000 -0.00246725 0.000528063 -0.00252672 0.000523032
77260.000 -0.00246311 0.0004737 -0.00252845 0.000475678
77280.000 -0.00248519 0.000209334 -0.00256127 0.00021562
77300.000 -0.0024628 0.000163731 -0.00256337 0.000171528
77320.000 -0.00250127 -7.39788e-05 -0.00255891 -5.60747e-05
77340.000 -0.00248979 -0.00033894 -0.00254509 -0.000365824
77360.000 -0.00248084 -0.000105036 -0.00251984 -0.000100928
77380.000 -0.00239656 -0.000146875 -0.0024884 -0.000104968
77400.000 -0.00243243 -0.000215994 -0.00248868 -0.000217033
77420.000 -0.00241117 -0.000423192 -0.00246512 -0.000425633
77440.000 -0.00237694 -0.000577395 -0.00245392 -0.000594219
77460.000 -0.00223375 -0.000999008 -0.00230431 -0.00105779
77480.000 -0.00194718 -0.0014882 -0.00202821 -0.00149465
77500.000 -0.00184191 -0.00165552 -0.00187583 -0.00169485
77520.000 -0.00175615 -0.00173452 -0.00179169 -0.00178918
77540.000 -0.00179617 -0.00172223 -0.00180176 -0.00175398
77560.000 -0.00173804 -0.00177036 -0.00178002 -0.00180171
77580.000 -0.00152704 -0.00197647 -0.00154694 -0.00201343
77600.000 -0.00133502 -0.00208652 -0.00136031 -0.00214417
77620.000 -0.00133404 -0.00211915 -0.00133703 -0.00214795
77640.000 -0.000989612 -0.00228712 -0.00102565 -0.00233238
77660.000 -0.00113185 -0.0022498 -0.00112889 -0.00227301
77680.000 -0.000720448 -0.00240283 -0.000721408 -0.00242592
77700.000 -0.000361756 -0.00249686 -0.000363494 -0.00250123
77720.000 -0.000477887 -0.00245236 -0.000475098 -0.0024606
77740.000 -0.000406202 -0.00245742 -0.000410792 -0.00249509
77760.000 -0.000606267 -0.00238968 -0.000628736 -0.00243788
77780.000 -0.00067442 -0.00237339 -0.000689717 -0.00238101
77800.000 -0.00059579 -0.00240775 -0.000593959 -0.00243541
77820.000 -0.000231243 -0.00248721 -0.000236616 -0.00254694
77840.000 1.90155e-05 -0.00249956 2.09705e-05 -0.00253997
77860.000 9.31389e-05 -0.00247531 0.000100551 -0.00251974
77880.000 0.00012846 -0.00247394 0.000161397 -0.00250855
77900.000 0.000366357 -0.00244053 0.000373494 -0.0024853
77920.000 0.00092908 -0.00230227 0.000907552 -0.00232349
77940.000 0.00143937 -0.0019821 0.00145989 -0.00200715
77960.000 0.00187082 -0.00160706 0.00185485 -0.00159823
77980.000 0.00218389 -0.00111604 0.00218403 -0.00114525
78000.000 0.00216974 -0.00111262 0.00218864 -0.00112205
78020.000 0.00218355 -0.00114516 0.00221125 -0.00113764
78040.000 0.0021512 -0.00117855 0.00218651 -0.00116494
78060.000 0.00212372 -0.00122842 0.00213794 -0.00123493
78080.000 0.00216596 -0.00119055 0.00217618 -0.00117066
78100.000 0.00212325 -0.00119945 0.00217022 -0.00120606
78120.000 0.00203296 -0.00128895 0.00207286 -0.00133531
78140.000 0.00191331 -0.00146691 0.001963 -0.00149845
78160.000 0.00201887 -0.00130974 0.00207851 -0.00134364
78180.000 0.00212172 -0.00114029 0.00214595 -0.00115933
78200.000 0.00219508 -0.000953907 0.00223266 -0.000952748
78220.000 0.00218711 -0.000963841 0.00221507 -0.00097364
78240.000 0.00212529 -0.00107745 0.00216689 -0.00110952
78260.000 0.00234223 -0.000477089 0.00240797 -0.000482427
78280.000 0.00237991 -0.000382585 0.00241923 -0.000394453
78300.000 0.00240465 -0.00042729 0.00243124 -0.000438334
78320.000 0.0024211 -0.000433246 0.00250992 -0.000413562
78340.000 0.00248203 0.000149422 0.00254823 0.000157138
78360.000 0.00249129 -2.57725e-05 0.0025605 -4.51336e-05
78380.000 0.00251358 -4.94572e-05 0.00256289 -3.50438e-05
78400.000 0.00250289 -2.83364e-07 0.00255835 2.13132e-06
78420.000 0.00252239 -0.000148226 0.00257032 -0.000160253
78440.000 0.00253253 -7.85937e-05 0.00260654 -5.51607e-05
78460.000 0.00252746 -0.000158123 0.00261448 -0.00015085
78480.000 0.0025011 -0.000500106 0.00259105 -0.000514663
78500.000 0.00249406 -0.000456955 0.0025975 -0.000473231
78520.000 0.00251564 -4.01257e-05 0.00260413 -1.44355e-05
78540.000 0.00251717 9.81455e-05 0.00262017 7.35353e-05
78560.000 0.00250232 7.30172e-05 0.00259651 5.81133e-05
78580.000 0.00250871 0.000150085 0.00259219 0.000137397
78600.000 0.00249326 0.000147628 0.00254983 0.000134014
78620.000 0.00248724 0.000301558 0.00254501 0.00031828
78640.000 0.00240579 0.000649863 0.00248393 0.000696882
78660.000 0.00223983 0.00112209 0.00229813 0.00116309
78680.000 0.0023415 0.000913672 0.00242602 0.000941849
78700.000 0.00233062 0.000945147 0.00240546 0.000957237
78720.000 0.00233716 0.000908349 0.00241566 0.00095181
78740.000 0.00240751 0.000841886 0.00246207 0.000847705
78760.000 0.00236325 0.000868609 0.00244569 0.000896007
% Warning: sampling overrun detected
78780.000 0.0024151 0.000774315 0.00249477 0.000785971
78800.000 0.00245835 0.000666015 0.00251155 0.000676697
78820.000 0.00249607 0.00041951 0.0025502 0.000418991
78840.000 0.00248003 0.000466864 0.00254993 0.00046016
78860.000 0.00248575 0.000559892 0.00255034 0.000583349
78880.000 0.00236296 0.000928307 0.00247888 0.000951017
78900.000 0.00240186 0.000874838 0.00250179 0.000916718
78920.000 0.00253346 0.000672262 0.00258373 0.000701257
78940.000 0.00252691 0.000659878 0.00260232 0.0007281
78960.000 0.00252195 0.000689577 0.00256141 0.000706559
78980.000 0.0025819 0.000434464 0.00265042 0.000486556
79000.000 0.0025204 0.000817781 0.00255413 0.000827915
79020.000 0.00254715 0.00072704 0.00257873 0.000771163
79040.000 0.00263479 0.000488381 0.00259797 0.000474542
79060.000 0.0026116 0.000396177 0.00265966 0.000411275
79080.000 0.00267142 -8.00337e-06 0.00269569 -4.9788e-06
79100.000 0.00266165 -0.000154379 0.00268597 -0.00015759
79120.000 0.00264945 3.77323e-05 0.00267334 5.64902e-05
79140.000 0.00263105 0.000276189 0.00262872 0.000259717
79160.000 0.00259268 0.000628779 0.0026013 0.000652708
79180.000 0.00267295 0.00019611 0.00263751 0.000198626
79200.000 0.00267046 0.000196086 0.0027007 0.000208708
79220.000 0.0025866 0.000426896 0.00264491 0.000450444
79240.000 0.0026457 0.000346813 0.00267037 0.00036708
79260.000 0.00260375 0.00061685 0.002619 0.000624537
79280.000 0.00244863 0.00106573 0.00244876 0.00106236
79300.000 0.00248979 0.000872878 0.00254985 0.000892041
79320.000 0.0025622 0.000569258 0.00261449 0.000528888
79340.000 0.00261384 0.000179045 0.00266169 0.00014366
79360.000 0.00262741 -1.64321e-05 0.00267035 -3.71887e-05
79380.000 0.00264059 3.5657e-05 0.00269138 4.55216e-05
79400.000 0.00267177 0.000189412 0.002696 0.000189135
79420.000 0.00266878 0.000388731 0.0026885 0.000353684
79440.000 0.00268282 0.000338921 0.00270308 0.000333767
79460.000 0.00269662 0.000290272 0.00270614 0.000298335
79480.000 0.0027356 0.000187098 0.00274685 0.000193303
79500.000 0.00274095 0.000229609 0.00273033 0.000243398
79520.000 0.00271398 0.000277978 0.00272119 0.000292442
79540.000 0.00265908 0.000749499 0.00265109 0.000736607
79560.000 0.00274633 0.00035424 0.00272175 0.000368861
79580.000 0.0027179 0.000446996 0.00273114 0.000469905
79600.000 0.00261379 0.000939126 0.0025909 0.000969239
79620.000 0.00255497 0.00104941 0.00257139 0.00107726
79640.000 0.00261648 0.000911395 0.00261898 0.000900052
79660.000 0.00268278 0.0007475 0.00266059 0.000748356
79680.000 0.00274719 0.00051218 0.0027356 0.000530493
79700.000 0.00271489 0.000547096 0.00272615 0.000579544
79720.000 0.00275119 0.000493219 0.00276316 0.000510447
79740.000 0.00276564 0.000304548 0.00276632 0.000327752
79760.000 0.00276957 -8.5196e-05 0.00278686 -0.000102193
79780.000 0.00276268 -0.000214731 0.00277782 -0.000236017
79800.000 0.00278083 0.000327931 0.0027664 0.000350374
79820.000 0.00275503 0.000556194 0.00274591 0.000564854
79840.000 0.00281444 0.00032374 0.00279448 0.000309144
79860.000 0.00283659 0.000345019 0.0027972 0.000337262
79880.000 0.00273162 0.000782647 0.00269467 0.000738847
79900.000 0.0027447 0.000671347 0.00270174 0.000651356
79920.000 0.00266563 0.000890485 0.00261887 0.000888994
79940.000 0.00268289 0.000862468 0.00264325 0.00084978
79960.000 0.00278669 0.000361705 0.00275902 0.000395396
79980.000 0.00275928 0.000565773 0.0027057 0.000543295
80000.000 0.0027283 0.000556242 0.00269804 0.000550579
80020.000 0.00264815 0.000759864 0.00263246 0.000727681
80040.000 0.00274013 0.000376194 0.00270106 0.00037238
80060.000 0.00274057 3.82835e-05 0.00273255 4.98833e-05
80080.000 0.002732 0.000200808 0.00272127 0.000189793
80100.000 0.00269458 0.000384325 0.00266062 0.000349803
80120.000 0.0026737 0.00050142 0.00263204 0.000459714
80140.000 0.00266882 0.000303567 0.00262885 0.000270108
80160.000 0.00269201 7.25733e-05 0.00260217 5.80143e-05
80180.000 0.00268704 -0.000308152 0.00260848 -0.000334688
80200.000 0.00265158 -0.000532671 0.0025725 -0.00052087
80220.000 0.00268692 -0.00031427 0.00260991 -0.000298691
80240.000 0.00265874 -8.596e-05 0.00261376 -8.58383e-05
80260.000 0.00267293 -5.18486e-05 0.00262044 -3.57351e-05
80280.000 0.00268789 8.09889e-06 0.00262452 1.73845e-05
80300.000 0.00267705 0.000230513 0.00260477 0.000229931
80320.000 0.00267477 0.000302638 0.00261475 0.000291426
80340.000 0.00258251 0.000746749 0.00252098 0.000720143
80360.000 0.00258856 0.000819638 0.002533 0.000797966
80380.000 0.00268827 0.000584082 0.00255145 0.000552852
80400.000 0.00261843 0.000727411 0.00254896 0.000727062
80420.000 0.00261957 0.000792349 0.00256344 0.000806355
80440.000 0.00269101 0.000420631 0.00262909 0.000440992
80460.000 0.00259141 0.000807166 0.00252441 0.000778357
80480.000 0.00259647 0.000662752 0.00253411 0.000593623
80500.000 0.00252444 0.000816226 0.00248529 0.000779065
80520.000 0.00244536 0.00107266 0.00240385 0.0010352
80540.000 0.00234855 0.00126803 0.00231719 0.00123563
80560.000 0.00241124 0.00116449 0.00239547 0.00116436
% Warning: sampling overrun detected
80580.000 0.00244928 0.0010457 0.0024296 0.00104558
80600.000 0.0025176 0.000775306 0.00252108 0.000764238
80620.000 0.00246636 0.000948063 0.00243981 0.000927612
% Warning: sampling overrun detected
80640.000 0.00246862 0.000900887 0.00247593 0.000894298
80660.000 0.00254774 0.000708014 0.00254785 0.00069954
80680.000 0.00258831 0.000538556 0.00258904 0.000569227
% Warning: sampling overrun detected
80700.000 0.00259925 0.000457374 0.00263319 0.000462044
80720.000 0.00263727 0.000156386 0.00266698 0.000169832
80740.000 0.00258641 0.000400038 0.002638 0.000424502
% Warning: sampling overrun detected
80760.000 0.00260797 0.00022252 0.00264442 0.000229132
% Warning: sampling overrun detected
80780.000 0.00262423 0.000176244 0.00263957 0.000185855
% Warning: sampling overrun detected
80800.000 0.00260148 0.000117786 0.002642 0.000125013
80820.000 0.00262518 -0.000232779 0.00261706 -0.000250078
80840.000 0.00267469 -0.000156958 0.00265612 -0.000128116
80860.000 0.00268915 0.000143741 0.00269419 0.00014248
% Warning: sampling overrun detected
80880.000 0.00269046 0.000279151 0.00268051 0.000281225
% Warning: sampling overrun detected
80900.000 0.00274625 0.0002307 0.0027277 0.000237662
% Warning: sampling overrun detected
80920.000 0.00272827 0.000446923 0.00272393 0.000463811
% Warning: sampling overrun detected
80940.000 0.00264306 0.000727558 0.00269154 0.000743378
80960.000 0.00258566 0.000953867 0.00261025 0.000945736
80980.000 0.00273797 0.000607312 0.00273585 0.00059728
% Warning: sampling overrun detected
81000.000 0.00280197 0.000272825 0.00281763 0.000275502
81020.000 0.00284389 9.52806e-05 0.00283362 0.000116138
81040.000 0.00283541 0.000183582 0.00285314 0.000193861
% Warning: sampling overrun detected
81060.000 0.00282633 0.000211566 0.00285032 0.000232666
81080.000 0.00279062 0.000381689 0.00280397 0.000356133
81100.000 0.00266429 0.000870196 0.00266159 0.000867074
% Warning: sampling overrun detected
81120.000 0.00263236 0.000965069 0.00262296 0.000970662
% Warning: sampling overrun detected
81140.000 0.00268116 0.00080826 0.00265811 0.000818843
% Warning: sampling overrun detected
81160.000 0.00262501 0.000994162 0.00259335 0.000977721
81180.000 0.00253153 0.00114229 0.00254285 0.00115198
81200.000 0.00236052 0.00142092 0.00237431 0.00138645
81220.000 0.00243252 0.0013101 0.00238069 0.00127908
81240.000 0.00247488 0.00118041 0.00245344 0.00116994
81260.000 0.00215928 0.00169796 0.00215741 0.00166899
81280.000 0.00211117 0.00180226 0.00207973 0.00180072
81300.000 0.00221578 0.00169218 0.00220748 0.00169129
81320.000 0.00208806 0.00185968 0.00206467 0.00184039
81340.000 0.00219667 0.00174355 0.0021797 0.00174383
81360.000 0.00196696 0.00199897 0.00193881 0.00201008
81380.000 0.00175569 0.00216761 0.00175913 0.00219181
81400.000 0.00146745 0.00240122 0.00145255 0.00238267
81420.000 0.00160419 0.00227349 0.00163143 0.00226344
81440.000 0.00144517 0.00237186 0.00145786 0.00235271
81460.000 0.00154491 0.00228284 0.0015375 0.00229014
81480.000 0.00146098 0.00234861 0.00145507 0.002331
81500.000 0.00132038 0.00247331 0.00130997 0.00243227
81520.000 0.00135239 0.00246545 0.0013028 0.00242709
81540.000 0.00151593 0.00238867 0.00148514 0.0023268
81560.000 0.00177583 0.00217913 0.00173777 0.00214849
81580.000 0.00178817 0.00214968 0.00178567 0.00212232
81600.000 0.00130461 0.00247322 0.0013011 0.00244985
81620.000 0.00101466 0.00262832 0.00100166 0.00259322
81640.000 0.00120297 0.00256017 0.00120996 0.00250819
81660.000 0.00118088 0.00257423 0.00117022 0.00252908
81680.000 0.00132391 0.00250757 0.00130511 0.00245322
81700.000 0.0009148 0.00268809 0.000910407 0.00258815
81720.000 0.000677181 0.00272168 0.000666219 0.00269478
81740.000 0.000651918 0.00271715 0.000654622 0.00264918
81760.000 0.000776667 0.00263465 0.000796701 0.00260567
% Warning: sampling overrun detected
81780.000 0.000535811 0.00268179 0.000550366 0.00263992
81800.000 0.000432265 0.00266313 0.000435106 0.00262152
81820.000 0.000591661 0.0026317 0.00059279 0.00257776
81840.000 0.000950791 0.00250845 0.000954448 0.00243211
81860.000 0.00109014 0.00240377 0.00109436 0.0023658
81880.000 0.00117726 0.00235189 0.00115387 0.00231896
81900.000 0.00113331 0.00235375 0.00115621 0.00234184
81920.000 0.00130129 0.00222656 0.00130056 0.00222744
81940.000 0.00153529 0.00206777 0.0015553 0.00210421
81960.000 0.00173438 0.00190352 0.00176846 0.00193523
81980.000 0.00185106 0.00172988 0.0019092 0.00180809
82000.000 0.00177501 0.00183414 0.00185786 0.00187328
82020.000 0.00171085 0.00182922 0.00178166 0.00189956
82040.000 0.00188669 0.00163377 0.0019901 0.00165207
82060.000 0.00207207 0.00141124 0.00211677 0.00140397
82080.000 0.00222504 0.00119444 0.00223451 0.0011924
82100.000 0.00217163 0.00128707 0.00218657 0.00130753
82120.000 0.00223835 0.00117231 0.00225698 0.0011939
82140.000 0.00223316 0.00124777 0.00223626 0.00127165
82160.000 0.00229986 0.00111881 0.00231698 0.00112812
82180.000 0.00229411 0.00110426 0.00231059 0.00113329
82200.000 0.00214323 0.00136252 0.00216646 0.00139982
82220.000 0.00220925 0.00129485 0.00223536 0.00128004
82240.000 0.00220142 0.00132938 0.00222787 0.00133677
82260.000 0.00221926 0.00132116 0.00223238 0.00135335
82280.000 0.00215239 0.00147403 0.00217472 0.00149162
82300.000 0.00202517 0.00164771 0.00203201 0.00168035
82320.000 0.00201364 0.00168102 0.00200699 0.00170301
82340.000 0.00196986 0.00175092 0.00198716 0.00174845
82360.000 0.00200562 0.00171179 0.00200775 0.00172566
82380.000 0.00199276 0.001742 0.00197427 0.00173023
82400.000 0.00203139 0.00170509 0.00203433 0.0016871
82420.000 0.00220052 0.00158762 0.0021464 0.00158261
82440.000 0.00235245 0.0014059 0.00231085 0.00141736
82460.000 0.00238094 0.00140629 0.00232792 0.00140218
82480.000 0.00260277 0.000982036 0.00260237 0.000990089
82500.000 0.00257126 0.00106849 0.00256846 0.00109333
82520.000 0.00254713 0.00118043 0.00253094 0.0011874
82540.000 0.00256637 0.00110262 0.00258463 0.00113356
82560.000 0.00245276 0.00128905 0.00250307 0.00131631
82580.000 0.00249426 0.00125893 0.00250333 0.00129153
82600.000 0.00260534 0.000942669 0.00264387 0.000942479
82620.000 0.00258719 0.00099755 0.00262483 0.000974948
82640.000 0.0026307 0.000868944 0.00266227 0.000843069
82660.000 0.00257123 0.00114692 0.00257298 0.00110562
82680.000 0.00260235 0.00115545 0.00257143 0.0011465
82700.000 0.0024767 0.00141757 0.00241391 0.0014055
82720.000 0.00228899 0.00175827 0.00221833 0.00169332
82740.000 0.00222075 0.00180838 0.00213632 0.00173263
82760.000 0.00217406 0.00183591 0.00211059 0.0017734
82780.000 0.00197467 0.00198615 0.00194361 0.00195309
82800.000 0.00208614 0.0018143 0.00208613 0.00176673
82820.000 0.00205868 0.00181917 0.00206379 0.00180833
82840.000 0.00176929 0.00207713 0.00177396 0.002083
82860.000 0.00184596 0.00201604 0.00187308 0.00202335
82880.000 0.00171754 0.00211219 0.00176387 0.00213674
82900.000 0.00170204 0.00213861 0.00171223 0.00214261
82920.000 0.00184384 0.00202196 0.00184389 0.00203523
82940.000 0.00203051 0.00186266 0.0020482 0.00186685
82960.000 0.00196606 0.00192847 0.00194852 0.00192784
82980.000 0.00187381 0.00206245 0.00184871 0.00201928
83000.000 0.00145478 0.00238244 0.00141256 0.00233941
83020.000 0.00176706 0.00220904 0.00171491 0.00216873
83040.000 0.00214854 0.00186294 0.00206834 0.00182357
83060.000 0.00205171 0.00192571 0.00200509 0.00188796
83080.000 0.00196568 0.00200008 0.00193669 0.00197209
83100.000 0.00207806 0.00187721 0.00208286 0.00185679
83120.000 0.00193937 0.00197066 0.00192373 0.0019489
83140.000 0.00183457 0.00206278 0.00181578 0.00199211
83160.000 0.00137918 0.00239397 0.00134855 0.00228137
83180.000 0.00136859 0.0023408 0.00135166 0.00228311
83200.000 0.00130225 0.00235921 0.00128807 0.00229382
83220.000 0.00138405 0.00232468 0.00133309 0.00226533
83240.000 0.00121825 0.00237499 0.00117982 0.00230983
83260.000 0.000843023 0.00251279 0.000838216 0.00246026
83280.000 0.000486083 0.00259602 0.000473034 0.00255857
83300.000 7.98676e-05 0.00262794 0.000107295 0.00259949
83320.000 0.000257421 0.00257957 0.000277358 0.00254659
83340.000 0.000525209 0.00249867 0.000551675 0.0024515
83360.000 0.000598016 0.00244821 0.000609869 0.00241351
83380.000 0.000695355 0.00241631 0.000721452 0.00233737
83400.000 0.00049579 0.00247244 0.000520838 0.00239493
83420.000 0.000602309 0.00245814 0.000595214 0.00238271
83440.000 0.000995245 0.00229578 0.000992698 0.00222267
83460.000 0.00115718 0.00220586 0.00111677 0.00217628
83480.000 0.00104953 0.00226025 0.00104423 0.00221252
83500.000 0.00107729 0.00224165 0.00105165 0.00216312
83520.000 0.00111283 0.00221986 0.00108811 0.00218444
83540.000 0.00123785 0.00214348 0.00125119 0.0021341
83560.000 0.00135439 0.0020456 0.00138352 0.00206592
% Warning: sampling overrun detected
83580.000 0.00164914 0.00182571 0.00164146 0.00183036
83600.000 0.00183863 0.00164589 0.00185735 0.00167215
83620.000 0.00172104 0.00177614 0.00172951 0.0018028
83640.000 0.00144383 0.00200003 0.00147774 0.00205797
83660.000 0.00141597 0.00203196 0.0014421 0.00207458
83680.000 0.00148974 0.00202549 0.00149877 0.0020638
83700.000 0.00153736 0.00198724 0.00154163 0.0020178
83720.000 0.00137979 0.00209674 0.00140455 0.00214968
83740.000 0.00133936 0.00211452 0.00136632 0.00216455
83760.000 0.00166898 0.00185148 0.00170652 0.0018911
83780.000 0.0019693 0.00151714 0.00200895 0.00156585
83800.000 0.00198711 0.00153539 0.00203242 0.00156069
83820.000 0.00185565 0.00167904 0.00189729 0.00170687
83840.000 0.00173057 0.00182593 0.00175875 0.00189643
83860.000 0.00176178 0.00179952 0.00179439 0.00187228
83880.000 0.00183118 0.00178462 0.00185866 0.00187109
83900.000 0.0018733 0.0017627 0.00190757 0.00185569
83920.000 0.00188936 0.00179798 0.0019134 0.00187104
83940.000 0.00202581 0.00164644 0.00207552 0.00173308
83960.000 0.00210905 0.00153906 0.00216932 0.00163319
83980.000 0.00230083 0.00126382 0.00236744 0.00129779
84000.000 0.00238599 0.000954096 0.00251124 0.00101369
84020.000 0.00224598 0.0013075 0.0023196 0.00131215
84040.000 0.00215751 0.00138157 0.00228092 0.00147362
84060.000 0.00213847 0.00155413 0.00220637 0.00157479
84080.000 0.0019525 0.00174116 0.00204742 0.0018558
84100.000 0.00194634 0.00179772 0.00202297 0.00189549
84120.000 0.00195033 0.00186146 0.00198047 0.00189612
84140.000 0.00185186 0.00200024 0.00187368 0.00206893
84160.000 0.00184897 0.00201517 0.00186651 0.00205842
84180.000 0.00177044 0.00214045 0.00176983 0.00211423
84200.000 0.00142608 0.00232685 0.00144163 0.00239723
84220.000 0.00128412 0.00247108 0.00130426 0.0025466
84240.000 0.00135184 0.00249095 0.00136322 0.00253824
84260.000 0.00174928 0.00224952 0.00176381 0.00233059
84280.000 0.00182798 0.00221088 0.00186337 0.00226262
84300.000 0.00200277 0.00209637 0.00201347 0.00213349
% Warning: sampling overrun detected
84320.000 0.0014425 0.00252835 0.00144615 0.00256339
84340.000 0.00155339 0.00244069 0.00159422 0.00247311
84360.000 0.00165173 0.00238568 0.00167748 0.00241173
84380.000 0.00168181 0.00234365 0.00170028 0.00239835
84400.000 0.00188726 0.00216714 0.00192351 0.00216872
84420.000 0.00190799 0.00212973 0.00191775 0.0021097
84440.000 0.00161387 0.00230267 0.00166967 0.00235453
84460.000 0.00192181 0.00202975 0.00195502 0.00204636
84480.000 0.00182032 0.00211741 0.00189092 0.00220743
84500.000 0.00193923 0.00203327 0.00200548 0.00212586
84520.000 0.0021233 0.00193555 0.00218864 0.00196224
84540.000 0.00232298 0.00173511 0.00236934 0.0017984
84560.000 0.00236006 0.00174859 0.00239013 0.00180413
84580.000 0.00226007 0.001925 0.00230162 0.00198709
84600.000 0.00239738 0.00180564 0.00241606 0.00185156
% Warning: sampling overrun detected
84620.000 0.00214071 0.00211732 0.00217249 0.00216732
% Warning: sampling overrun detected
84640.000 0.00202072 0.00220436 0.00204986 0.00224727
84660.000 0.00207715 0.00212639 0.00211599 0.00214904
84680.000 0.00210133 0.00209594 0.00213238 0.00212345
84700.000 0.00200203 0.00219736 0.0020341 0.00222005
84720.000 0.00216744 0.00203078 0.0021919 0.00203887
84740.000 0.00236369 0.00185514 0.00237728 0.00186762
84760.000 0.002244 0.00198474 0.00224215 0.00202296
84780.000 0.002253 0.00199239 0.00224286 0.00199603
84800.000 0.00226669 0.00194788 0.00227706 0.00196205
84820.000 0.00175448 0.00240832 0.00175228 0.00240398
84840.000 0.00174942 0.00239143 0.00175568 0.00237802
84860.000 0.0017392 0.00240855 0.00171729 0.00242291
84880.000 0.00142119 0.00261146 0.00140743 0.00261295
84900.000 0.00156649 0.00250907 0.00157017 0.00249331
84920.000 0.00157431 0.00248853 0.00157187 0.00246634
84940.000 0.00182025 0.00232061 0.00181735 0.00226377
84960.000 0.00156348 0.00249076 0.00154293 0.00242851
84980.000 0.00149129 0.00251605 0.00147635 0.0024781
85000.000 0.00180204 0.00232175 0.0017873 0.00228422
85020.000 0.00181073 0.00233961 0.00178264 0.00227777
85040.000 0.001799 0.00234418 0.00176596 0.00232442
85060.000 0.00178354 0.00234521 0.0017776 0.00232739
85080.000 0.00158815 0.00244015 0.00160436 0.00248105
85100.000 0.00177565 0.00228085 0.00179241 0.0023545
85120.000 0.00174135 0.00231737 0.00175993 0.00237048
85140.000 0.00169141 0.00235093 0.00172311 0.00239577
85160.000 0.00148844 0.0025139 0.00148612 0.00255087
85180.000 0.00107946 0.0027125 0.00108524 0.00272279
85200.000 0.000942556 0.0027673 0.000950505 0.00276291
85220.000 0.000518296 0.0028893 0.000497687 0.00291718
85240.000 0.000344383 0.00292878 0.000326017 0.00295122
85260.000 0.000383004 0.00295102 0.000365585 0.00295574
85280.000 0.000156687 0.00299148 0.00015431 0.00302415
85300.000 -0.000100219 0.00297983 -0.000108843 0.00304754
85320.000 -0.000236405 0.00296263 -0.000250758 0.00302723
85340.000 -0.000942017 0.00277267 -0.000954223 0.00284136
85360.000 -0.00112732 0.00269501 -0.00110369 0.00276333
85380.000 -0.00118035 0.00266082 -0.00114616 0.00271825
85400.000 -0.000963232 0.0027012 -0.00095881 0.00277061
85420.000 -0.00035297 0.00286412 -0.000316825 0.0029275
85440.000 -0.000363776 0.00286381 -0.000375034 0.00289976
85460.000 -0.000715101 0.00279229 -0.000733819 0.00285826
85480.000 -0.000917286 0.00275434 -0.000946907 0.00280774
85500.000 -0.000945654 0.00272591 -0.000965332 0.00279079
85520.000 -0.000895296 0.00271113 -0.000951753 0.00284558
85540.000 -0.000930021 0.00271848 -0.000956956 0.00278768
85560.000 -0.000906256 0.00274438 -0.000924392 0.00278636
85580.000 -0.000760756 0.00281318 -0.000757066 0.00283733
85600.000 -0.000803772 0.00282153 -0.00081358 0.00287937
85620.000 -0.00119788 0.00269749 -0.00120592 0.00270416
85640.000 -0.00130142 0.00262046 -0.00132725 0.00263455
85660.000 -0.000936917 0.00275777 -0.000966536 0.0027962
85680.000 -0.000721737 0.00285686 -0.000720198 0.00285356
85700.000 -0.00114705 0.00268781 -0.00116628 0.0027001
85720.000 -0.00100409 0.0027597 -0.000992726 0.00275254
85740.000 -0.000869334 0.00275326 -0.000903383 0.00283743
85760.000 -0.000907654 0.00278369 -0.000911094 0.00280833
85780.000 -0.000842029 0.00278485 -0.000852551 0.00285245
85800.000 -0.000724673 0.00283567 -0.000734941 0.00283877
85820.000 -0.000845023 0.00279249 -0.000886728 0.00285189
85840.000 -0.000973638 0.00272277 -0.00102494 0.00278513
85860.000 -0.000762753 0.00278359 -0.000788284 0.00286964
85880.000 -0.000738235 0.00278183 -0.000750754 0.00285917
85900.000 -0.000372846 0.00282594 -0.000391622 0.00290637
85920.000 -0.000387087 0.00280156 -0.00039039 0.0028874
85940.000 -0.00074225 0.00272316 -0.0007342 0.0028197
85960.000 -0.00064094 0.00272075 -0.000646332 0.00282722
85980.000 -0.000824089 0.00265547 -0.000836079 0.00277052
86000.000 -0.000949544 0.00261962 -0.000998576 0.00272871
86020.000 -0.00123583 0.00250206 -0.0012951 0.0025967
86040.000 -0.00152123 0.00231502 -0.00160211 0.00241935
86060.000 -0.00191816 0.00201124 -0.00203568 0.00208081
86080.000 -0.00171615 0.00217284 -0.00181333 0.00226472
86100.000 -0.00181564 0.00207837 -0.00192094 0.00219805
86120.000 -0.00227978 0.00158561 -0.00241616 0.00166769
86140.000 -0.00242397 0.00139846 -0.00253304 0.00142784
86160.000 -0.00239577 0.00147004 -0.0024967 0.00151975
86180.000 -0.00229899 0.00167848 -0.00239792 0.00170539
86200.000 -0.00236455 0.00164961 -0.00243522 0.00166317
86220.000 -0.00246871 0.00145461 -0.00257027 0.0014909
86240.000 -0.00256939 0.00131222 -0.00264214 0.00133727
86260.000 -0.00258571 0.00127013 -0.00264234 0.00127792
86280.000 -0.00277951 0.000719543 -0.00285721 0.000730965
86300.000 -0.00273788 0.000808144 -0.00280001 0.000836529
86320.000 -0.00277066 0.000748031 -0.00282031 0.000764431
86340.000 -0.00270216 0.000972867 -0.00272951 0.000989442
86360.000 -0.00272852 0.000883809 -0.00276133 0.000908316
86380.000 -0.00273457 0.00085564 -0.00274098 0.000890826
