% UltraMSK: version 1.0 beta 16
% Site: localhost.localdomain
% Date: 2015-01-22
% Frequency: 19580.000000 Hz
% Baud Rate: 200 Hz
% VLF Channel: 3
% PPS Channel: 4
% Jack Server: default
% Output Format: Cartesian
% End
68560.000 -0.00358752 0.00120783 -0.00138763 0.00349242
68580.000 -0.00369517 0.0012147 -0.00196946 0.0033676
68600.000 -0.00340469 0.00189955 -0.00203287 0.00332059
68620.000 -0.00335779 0.00198118 -0.00243585 0.0030236
68640.000 -0.00332335 0.00205276 -0.00272584 0.00280848
68660.000 -0.00321704 0.00219056 -0.0028135 0.00273188
68680.000 -0.00313041 0.00233564 -0.00282591 0.00267356
68700.000 -0.00303905 0.0024703 -0.00283418 0.00270721
68720.000 -0.00292696 0.002567 -0.00278716 0.00271961
68740.000 -0.00284528 0.00265349 -0.00274049 0.00275321
68760.000 -0.00279342 0.00275721 -0.00271736 0.0027897
68780.000 -0.00275044 0.0028124 -0.0026764 0.00284578
68800.000 -0.00266694 0.00287713 -0.00264731 0.0029129
68820.000 -0.00263017 0.00290781 -0.00260543 0.00293057
68840.000 -0.00255773 0.00295911 -0.00254637 0.00295944
68860.000 -0.00252679 0.00299792 -0.00250989 0.00301016
68880.000 -0.00244624 0.00304729 -0.00242554 0.00306383
68900.000 -0.00241174 0.0030311 -0.00240682 0.00305275
68920.000 -0.00243497 0.0030307 -0.0024177 0.00305115
68940.000 -0.00240843 0.00300509 -0.00241754 0.00301245
68960.000 -0.00240382 0.00302304 -0.00240132 0.00301985
68980.000 -0.00239136 0.00303019 -0.00239304 0.00304715
69000.000 -0.00238449 0.00303785 -0.00236181 0.00304402
69020.000 -0.00234519 0.00305243 -0.00237873 0.00305514
69040.000 -0.00231602 0.00306801 -0.00232512 0.0030779
69060.000 -0.00227337 0.00308831 -0.00228762 0.00310922
69080.000 -0.00227114 0.00312013 -0.00226737 0.00312934
69100.000 -0.00227451 0.00313861 -0.00228234 0.0031554
69120.000 -0.00224895 0.00314033 -0.00224679 0.00314926
69140.000 -0.00222354 0.00317043 -0.00222726 0.00317767
69160.000 -0.00219087 0.00318529 -0.00224226 0.00318797
69180.000 -0.00217641 0.00319246 -0.00219627 0.0032024
69200.000 -0.00214543 0.00318319 -0.00217245 0.00321081
% Warning: sampling overrun detected
69220.000 -0.00216035 0.00318469 -0.00213272 0.00321172
69240.000 -0.00212707 0.00321752 -0.00210833 0.00322613
69260.000 -0.00219571 0.00318584 -0.00220504 0.0031668
69280.000 -0.00215433 0.00318734 -0.00215271 0.0031827
69300.000 -0.00212022 0.00322533 -0.00210954 0.00321779
69320.000 -0.00212295 0.00323468 -0.00212664 0.00324177
69340.000 -0.00210631 0.00322202 -0.00210715 0.00321965
69360.000 -0.00211069 0.00323221 -0.00211945 0.00323969
69380.000 -0.00210174 0.00322126 -0.00207267 0.00321364
69400.000 -0.00210362 0.00322287 -0.00209974 0.00320436
69420.000 -0.00206341 0.00322309 -0.00206927 0.00320535
69440.000 -0.00209307 0.00323918 -0.00206929 0.00325239
69460.000 -0.00208904 0.00324609 -0.00207022 0.00326961
69480.000 -0.0020645 0.00326398 -0.0020674 0.00326367
69500.000 -0.00205581 0.00327151 -0.00207011 0.00324968
69520.000 -0.00204547 0.00327703 -0.00206918 0.00327978
69540.000 -0.00204282 0.00328216 -0.00205247 0.00328899
69560.000 -0.00200865 0.00327283 -0.0020311 0.00327728
69580.000 -0.00202571 0.0032876 -0.00204279 0.00332004
69600.000 -0.00199466 0.00327374 -0.00200331 0.00328709
69620.000 -0.00200247 0.00325488 -0.00199847 0.00328188
69640.000 -0.0019704 0.00326664 -0.0019909 0.00327057
69660.000 -0.00198694 0.00325391 -0.00198665 0.00328271
69680.000 -0.00197002 0.00328106 -0.00197185 0.00325917
69700.000 -0.00200002 0.00322865 -0.00202907 0.00326423
69720.000 -0.0019977 0.0032582 -0.00196728 0.00325611
69740.000 -0.00200503 0.00325316 -0.0019949 0.00327033
69760.000 -0.00195258 0.00329613 -0.00199226 0.00329842
69780.000 -0.00196489 0.00327397 -0.00198218 0.00330969
69800.000 -0.00199232 0.00331266 -0.00200288 0.00331869
69820.000 -0.00200653 0.00333868 -0.00202217 0.00332036
69840.000 -0.00202528 0.0033005 -0.00202404 0.00330981
69860.000 -0.00201943 0.00326884 -0.00201158 0.0032882
69880.000 -0.00200838 0.00325828 -0.00200983 0.00326897
69900.000 -0.00196984 0.00324633 -0.00197878 0.00328931
69920.000 -0.00198 0.00324648 -0.00201363 0.00326316
69940.000 -0.00203764 0.0032456 -0.002016 0.00323761
69960.000 -0.00201392 0.00328959 -0.00202315 0.00328091
69980.000 -0.00199692 0.00327816 -0.00202377 0.00328972
70000.000 -0.0019674 0.00328907 -0.00200636 0.0033492
70020.000 -0.00201509 0.00329785 -0.00197997 0.00330661
70040.000 -0.00196399 0.00331551 -0.00198678 0.00333054
70060.000 -0.00200328 0.00330561 -0.0020094 0.0033375
70080.000 -0.00198334 0.0033189 -0.00201612 0.00332284
70100.000 -0.00200549 0.00333459 -0.00202 0.00335062
70120.000 -0.00205068 0.00331505 -0.00206051 0.00332587
70140.000 -0.00206389 0.00329739 -0.00206337 0.00327886
70160.000 -0.00204076 0.00326538 -0.00202362 0.00328676
70180.000 -0.00204594 0.00325562 -0.00206603 0.00326482
70200.000 -0.00206288 0.00323034 -0.00207084 0.00326327
70220.000 -0.00205076 0.00321659 -0.0020394 0.00323737
70240.000 -0.00203163 0.00321758 -0.00204621 0.00321447
70260.000 -0.00204124 0.00320643 -0.00203512 0.00323317
70280.000 -0.00202969 0.00319594 -0.0020478 0.00320206
70300.000 -0.00204349 0.00322569 -0.00202146 0.00320106
70320.000 -0.00204565 0.00322895 -0.00203332 0.00320897
70340.000 -0.00201412 0.0032082 -0.0020333 0.00322293
70360.000 -0.00198925 0.00322577 -0.00198221 0.00322631
70380.000 -0.00197012 0.00318646 -0.0019816 0.00322938
70400.000 -0.00197068 0.00324222 -0.00196622 0.00325555
70420.000 -0.00195409 0.00325542 -0.00198501 0.00326956
70440.000 -0.00198889 0.00323966 -0.00199033 0.00324908
70460.000 -0.00196809 0.00325305 -0.00198727 0.00325257
70480.000 -0.00198377 0.00323286 -0.00198124 0.0032364
70500.000 -0.00192904 0.00324343 -0.00195227 0.00324564
70520.000 -0.00196195 0.00323471 -0.00198078 0.00324949
70540.000 -0.00195642 0.00318649 -0.00194204 0.00324348
70560.000 -0.0019396 0.00321839 -0.00195498 0.00321477
70580.000 -0.00192871 0.00320148 -0.00192927 0.00321846
70600.000 -0.00191226 0.00318189 -0.00191909 0.00318138
70620.000 -0.00189293 0.00315574 -0.00191051 0.00319398
70640.000 -0.00187192 0.00314616 -0.0018982 0.00315802
70660.000 -0.00186514 0.00311982 -0.00190138 0.00318392
70680.000 -0.00186609 0.00316653 -0.0018713 0.00316749
70700.000 -0.00186162 0.0031823 -0.00189896 0.00319547
70720.000 -0.00186814 0.00316582 -0.00184881 0.00317948
70740.000 -0.00184186 0.00313342 -0.00182499 0.00317653
70760.000 -0.00182031 0.00315177 -0.0018408 0.00317526
70780.000 -0.00181153 0.00311774 -0.00182766 0.00316217
70800.000 -0.00182444 0.00315099 -0.00183978 0.00316514
70820.000 -0.00179769 0.00316398 -0.00182284 0.00317485
70840.000 -0.00178664 0.00315559 -0.0018316 0.00317247
70860.000 -0.00176396 0.00318309 -0.0017772 0.00318119
70880.000 -0.00174908 0.00316251 -0.0017871 0.00319376
70900.000 -0.00176121 0.00316817 -0.00174632 0.00319491
70920.000 -0.00175519 0.00313518 -0.00177015 0.00318423
70940.000 -0.00174921 0.00316212 -0.00178096 0.00320275
70960.000 -0.00174659 0.00317076 -0.00171879 0.00315877
% Warning: sampling overrun detected
70980.000 -0.00174196 0.00313887 -0.00175549 0.00317554
71000.000 -0.00172616 0.00316658 -0.00175006 0.00319828
71020.000 -0.00171063 0.00317405 -0.00172372 0.00320032
71040.000 -0.00172517 0.00315205 -0.00170868 0.00318389
71060.000 -0.00172525 0.00314348 -0.00170513 0.00318824
71080.000 -0.00173072 0.00313238 -0.00174465 0.0031509
71100.000 -0.00173058 0.00313398 -0.00174723 0.00313677
71120.000 -0.00174419 0.0031292 -0.00175252 0.0031421
71140.000 -0.00174385 0.00315286 -0.00173969 0.0031474
71160.000 -0.00173258 0.0031333 -0.00175594 0.00318057
71180.000 -0.00172108 0.00314465 -0.00171068 0.00316234
71200.000 -0.00171022 0.00315501 -0.0017252 0.00316365
71220.000 -0.00168936 0.00314693 -0.00171362 0.00317931
71240.000 -0.00165034 0.00313212 -0.00169352 0.0031392
71260.000 -0.00168414 0.00310233 -0.00166151 0.0031421
71280.000 -0.00167229 0.00309326 -0.00166883 0.00313877
71300.000 -0.00167688 0.00307103 -0.00169145 0.00311067
71320.000 -0.00165767 0.00310594 -0.00166989 0.00310872
71340.000 -0.0016579 0.0031 -0.00168529 0.00312386
71360.000 -0.00166709 0.00307827 -0.0016865 0.00309547
71380.000 -0.00166755 0.00304716 -0.00165634 0.00309344
71400.000 -0.0016346 0.00304681 -0.00162961 0.0030865
71420.000 -0.00160071 0.00305493 -0.0016283 0.00305807
71440.000 -0.00162024 0.00304412 -0.0016273 0.00305296
71460.000 -0.00164601 0.00302475 -0.00164326 0.00306441
71480.000 -0.00162778 0.0030621 -0.00165657 0.00309888
71500.000 -0.00164497 0.0030691 -0.00164579 0.00309072
71520.000 -0.00164411 0.0030247 -0.0016707 0.00308186
71540.000 -0.00170637 0.00303457 -0.00168427 0.00299391
71560.000 -0.0017103 0.00306284 -0.00168092 0.00302667
% Warning: sampling overrun detected
71580.000 -0.00169314 0.00303987 -0.00168439 0.00308971
71600.000 -0.00168519 0.00303967 -0.0017025 0.00306357
71620.000 -0.00168795 0.00302676 -0.00170562 0.00305048
71640.000 -0.00168212 0.00303759 -0.00169038 0.00303494
71660.000 -0.00170617 0.00300604 -0.0017111 0.00304042
71680.000 -0.00170111 0.00303002 -0.001708 0.00301916
71700.000 -0.00170943 0.00301255 -0.0017268 0.00304051
71720.000 -0.00175636 0.00292517 -0.00173301 0.00294794
71740.000 -0.00171963 0.00292549 -0.00175596 0.00297935
71760.000 -0.00171695 0.00293082 -0.00169867 0.00292878
71780.000 -0.00169637 0.00292562 -0.00171994 0.00292115
71800.000 -0.00171429 0.00289231 -0.00169181 0.00289019
71820.000 -0.00170825 0.00291171 -0.00169844 0.00289857
71840.000 -0.00171222 0.00287747 -0.00171421 0.00288363
71860.000 -0.00171406 0.00284924 -0.00170339 0.00286737
71880.000 -0.00171365 0.00285453 -0.00167687 0.00284738
71900.000 -0.00171059 0.00285369 -0.00170585 0.00285811
71920.000 -0.00173952 0.0028624 -0.00171231 0.00286213
71940.000 -0.00171821 0.00289085 -0.00169725 0.00287221
71960.000 -0.00167425 0.00289394 -0.00167966 0.00289036
71980.000 -0.00168948 0.00287699 -0.00166607 0.00288168
72000.000 -0.00169421 0.00289589 -0.00171149 0.00288344
72020.000 -0.00172214 0.00292394 -0.00172546 0.00288766
72040.000 -0.00174384 0.00292 -0.00172556 0.0028979
72060.000 -0.0017111 0.00291068 -0.00171843 0.00290406
72080.000 -0.00169718 0.00289276 -0.00167849 0.00290412
72100.000 -0.00165362 0.00289753 -0.00165105 0.00289652
72120.000 -0.00164579 0.00289468 -0.00166863 0.00290424
72140.000 -0.00164166 0.00288466 -0.00167086 0.00285624
72160.000 -0.00168004 0.00290258 -0.00167779 0.00290624
72180.000 -0.0016482 0.00289682 -0.00167272 0.00295311
72200.000 -0.00172423 0.00288523 -0.00169852 0.00288595
72220.000 -0.00167962 0.00289943 -0.00170688 0.00291841
72240.000 -0.0016949 0.00292195 -0.00168615 0.00290373
72260.000 -0.00168442 0.00287495 -0.00168758 0.00286703
72280.000 -0.00169884 0.00286172 -0.00166347 0.00283955
72300.000 -0.00169268 0.00282056 -0.00166545 0.00280138
72320.000 -0.00168098 0.00285542 -0.00166131 0.00283048
72340.000 -0.00164664 0.00284069 -0.00166586 0.00280915
72360.000 -0.00167194 0.00280732 -0.00166018 0.00280621
72380.000 -0.00166354 0.0027859 -0.00161796 0.00276928
72400.000 -0.00165222 0.00275712 -0.00163502 0.00276022
72420.000 -0.00167725 0.00279593 -0.00165526 0.00276162
72440.000 -0.00166161 0.00282424 -0.00167813 0.00279876
72460.000 -0.00165714 0.00282932 -0.00166231 0.00280671
72480.000 -0.00165163 0.00280181 -0.00167616 0.0028078
72500.000 -0.00170193 0.00276615 -0.00168195 0.00277119
72520.000 -0.0016924 0.0028045 -0.00167548 0.00277999
72540.000 -0.00168714 0.00278333 -0.00165292 0.0027818
72560.000 -0.00172583 0.00277796 -0.00164238 0.00272545
72580.000 -0.00169039 0.00275392 -0.00166573 0.0027216
72600.000 -0.00169699 0.00276331 -0.0016925 0.00270655
72620.000 -0.00172191 0.00273306 -0.00169825 0.00270351
72640.000 -0.0017226 0.00275406 -0.00171639 0.00272666
72660.000 -0.00171754 0.0027979 -0.00170887 0.00272596
72680.000 -0.00173459 0.00279579 -0.00171322 0.00274965
72700.000 -0.00176228 0.00281137 -0.00173859 0.00273166
72720.000 -0.00172938 0.00280269 -0.00170993 0.00272856
72740.000 -0.00175205 0.00281317 -0.00170285 0.00275582
72760.000 -0.00171798 0.00284522 -0.00169326 0.00279476
% Warning: sampling overrun detected
72780.000 -0.00170925 0.00285057 -0.00168625 0.00278802
72800.000 -0.00171123 0.00285692 -0.00166819 0.00278947
72820.000 -0.00171239 0.00283906 -0.00169052 0.00279587
72840.000 -0.00168937 0.00283905 -0.00167423 0.00277871
72860.000 -0.00167332 0.00281396 -0.00165262 0.00278918
72880.000 -0.00167691 0.00281069 -0.00164929 0.00276967
72900.000 -0.0017097 0.00279736 -0.00165323 0.00276451
72920.000 -0.00168635 0.00279802 -0.0016587 0.00276942
72940.000 -0.00169061 0.00279411 -0.00165301 0.00273807
72960.000 -0.00170575 0.00279205 -0.00166931 0.00278324
72980.000 -0.00169386 0.00281207 -0.00168091 0.00274237
73000.000 -0.00170873 0.00279813 -0.00168865 0.00274849
73020.000 -0.00174351 0.00279822 -0.00171871 0.00273525
73040.000 -0.00174717 0.00280757 -0.0017407 0.00274249
73060.000 -0.00176193 0.00281654 -0.00171917 0.00274742
73080.000 -0.00176627 0.0028513 -0.00170663 0.00277101
73100.000 -0.00174624 0.0027803 -0.00170209 0.00272045
73120.000 -0.00183948 0.00273941 -0.00177677 0.00265452
73140.000 -0.00182479 0.00277933 -0.00183004 0.00268835
73160.000 -0.00187554 0.00280491 -0.0018253 0.00269799
73180.000 -0.00184176 0.00279453 -0.00181899 0.00270994
73200.000 -0.00185899 0.00276317 -0.00177306 0.00267365
73220.000 -0.00185229 0.00276369 -0.00178892 0.00267768
73240.000 -0.00182879 0.00278279 -0.00179624 0.00272204
73260.000 -0.00180801 0.00282045 -0.00176383 0.00272649
73280.000 -0.00179672 0.00278895 -0.0017525 0.00270949
73300.000 -0.00178541 0.00273925 -0.00173892 0.00268416
73320.000 -0.00175176 0.00276267 -0.00175076 0.00273179
73340.000 -0.00179048 0.00277503 -0.00173484 0.00269151
73360.000 -0.00179206 0.0027617 -0.00173607 0.00270228
73380.000 -0.00176971 0.00275883 -0.00169097 0.00269113
73400.000 -0.00175775 0.00275925 -0.00170716 0.00267427
73420.000 -0.00174231 0.00277931 -0.00171645 0.00271142
73440.000 -0.00173946 0.00278273 -0.00168681 0.00270736
73460.000 -0.00170887 0.00280864 -0.00167641 0.00274043
73480.000 -0.00170901 0.00281657 -0.00170054 0.00274559
73500.000 -0.00170618 0.00277815 -0.00168152 0.00274494
73520.000 -0.00167188 0.00277132 -0.0016597 0.00274115
73540.000 -0.00166511 0.00276442 -0.00164564 0.00272568
73560.000 -0.00166117 0.002748 -0.00161712 0.00271655
73580.000 -0.00165889 0.00275706 -0.00161503 0.0026947
73600.000 -0.00165599 0.00277643 -0.00164174 0.00272018
73620.000 -0.00165596 0.00276539 -0.00162958 0.00272832
73640.000 -0.00168106 0.0027392 -0.00164171 0.00269361
73660.000 -0.00169411 0.00271114 -0.00165008 0.00267615
73680.000 -0.00165569 0.00270188 -0.0016536 0.00267029
73700.000 -0.00166415 0.00272304 -0.00162704 0.00267841
73720.000 -0.00164255 0.00273846 -0.00162013 0.0026787
73740.000 -0.00162662 0.00266003 -0.00162098 0.002678
73760.000 -0.00167403 0.00263324 -0.00165266 0.00260442
73780.000 -0.00170314 0.00265159 -0.00167331 0.00260826
73800.000 -0.00170189 0.00267155 -0.00168278 0.00260074
73820.000 -0.00173656 0.00266272 -0.00169825 0.00259784
73840.000 -0.0017272 0.00266858 -0.00168609 0.00260788
73860.000 -0.00173277 0.00265782 -0.00168029 0.00259634
73880.000 -0.0017076 0.00263976 -0.00168009 0.00256724
73900.000 -0.00173571 0.00263047 -0.00165817 0.00256903
73920.000 -0.00170985 0.00265495 -0.00166261 0.00259757
73940.000 -0.00170842 0.0026434 -0.00166207 0.00259
73960.000 -0.00168934 0.00263178 -0.00167521 0.00259291
73980.000 -0.00165333 0.00264161 -0.00161154 0.00260859
74000.000 -0.00165362 0.00263091 -0.00161666 0.0025982
74020.000 -0.00164814 0.00266804 -0.00162518 0.00261105
74040.000 -0.00164754 0.00265954 -0.00162 0.002605
74060.000 -0.00163687 0.00265234 -0.00158929 0.00260631
74080.000 -0.0016393 0.0026205 -0.00161178 0.00259738
74100.000 -0.00167736 0.00262918 -0.00163105 0.00256988
74120.000 -0.00166723 0.00263257 -0.00163282 0.00256294
74140.000 -0.00162617 0.00264502 -0.00159567 0.00259314
74160.000 -0.00162919 0.00259846 -0.001609 0.00254863
74180.000 -0.00165473 0.00255402 -0.00159056 0.00252208
74200.000 -0.00161621 0.00257087 -0.00160132 0.0025448
74220.000 -0.00162593 0.00258689 -0.0016024 0.00252224
74240.000 -0.00162041 0.00259866 -0.00156848 0.00253413
74260.000 -0.00162199 0.00259656 -0.00158786 0.00254061
74280.000 -0.0016102 0.00260994 -0.00161748 0.00257584
74300.000 -0.00160853 0.00263535 -0.00158129 0.00254633
74320.000 -0.00157856 0.00260191 -0.00156894 0.0025698
74340.000 -0.001592 0.00266239 -0.00152787 0.00257383
74360.000 -0.00159401 0.00263999 -0.00158238 0.00255702
74380.000 -0.00159589 0.00263781 -0.00161227 0.00262551
74400.000 -0.00161122 0.00265227 -0.00162597 0.00260295
74420.000 -0.00168877 0.00269299 -0.00159688 0.00257731
74440.000 -0.00171456 0.00265729 -0.0016743 0.00255229
74460.000 -0.00170978 0.00262823 -0.00166755 0.00254563
74480.000 -0.00171386 0.00263706 -0.00165187 0.0025616
74500.000 -0.00172959 0.00261943 -0.00166114 0.00252939
74520.000 -0.00173742 0.0026449 -0.00167465 0.00257768
74540.000 -0.00171858 0.0027021 -0.00167534 0.00260081
74560.000 -0.00171549 0.00268955 -0.00166562 0.00260074
% Warning: sampling overrun detected
74580.000 -0.00172064 0.00267379 -0.00166598 0.0025694
74600.000 -0.00171904 0.00266892 -0.00163744 0.00257904
74620.000 -0.00168371 0.0026832 -0.00163879 0.00261
74640.000 -0.00164321 0.00269347 -0.00162325 0.00264684
74660.000 -0.00166086 0.00270052 -0.0016363 0.00261848
74680.000 -0.00165346 0.00268939 -0.00161714 0.00262332
74700.000 -0.00166072 0.00272684 -0.00161312 0.00263342
74720.000 -0.00163143 0.0027137 -0.00160718 0.00266277
74740.000 -0.00160809 0.00268475 -0.00157565 0.0026553
74760.000 -0.00162025 0.00268373 -0.00156807 0.00262222
74780.000 -0.00160261 0.00268771 -0.00156927 0.00265564
74800.000 -0.00161688 0.00271047 -0.00158328 0.00265679
74820.000 -0.00160987 0.00269775 -0.00160097 0.00260228
74840.000 -0.00162985 0.00268632 -0.00159627 0.00263604
74860.000 -0.0016069 0.00268977 -0.00160028 0.00264878
74880.000 -0.00161393 0.00269432 -0.00159882 0.00262713
74900.000 -0.00164986 0.00268049 -0.00157295 0.00262241
74920.000 -0.00162312 0.00268414 -0.00155972 0.00262164
74940.000 -0.00160814 0.0026871 -0.00160085 0.00261056
74960.000 -0.0016079 0.00269204 -0.00155373 0.00265895
74980.000 -0.00162723 0.00267881 -0.00160647 0.00260949
75000.000 -0.00160917 0.00267779 -0.00157553 0.00260814
75020.000 -0.00161718 0.0026684 -0.00155413 0.00261827
75040.000 -0.00160053 0.00267664 -0.00157742 0.0025974
75060.000 -0.00163312 0.0026418 -0.00155092 0.00260837
75080.000 -0.00162442 0.00263564 -0.00157941 0.00257455
75100.000 -0.00159582 0.00266006 -0.00158153 0.00257949
75120.000 -0.00160558 0.0026673 -0.00156279 0.0026072
75140.000 -0.00161772 0.00267532 -0.00158728 0.00260792
75160.000 -0.0016102 0.00266093 -0.00157449 0.00260931
% Warning: sampling overrun detected
75180.000 -0.00159724 0.00266268 -0.00154467 0.0025718
75200.000 -0.00159371 0.00265681 -0.00155661 0.0025805
75220.000 -0.00161055 0.00267213 -0.00155637 0.00260147
% Warning: sampling overrun detected
75240.000 -0.00160421 0.00269183 -0.0015684 0.0026169
% Warning: sampling overrun detected
75260.000 -0.00157595 0.00270517 -0.00156687 0.00262998
% Warning: sampling overrun detected
75280.000 -0.00156217 0.00270061 -0.00154104 0.00265088
75300.000 -0.00154103 0.00271029 -0.00151376 0.00263694
75320.000 -0.00152547 0.00271266 -0.00148158 0.00264254
75340.000 -0.00150198 0.00269525 -0.00146393 0.00266069
% Warning: sampling overrun detected
75360.000 -0.00150262 0.0026853 -0.00145927 0.00262669
75380.000 -0.00148711 0.00266654 -0.00146389 0.00265
75400.000 -0.00146706 0.00268063 -0.00146754 0.00266535
% Warning: sampling overrun detected
75420.000 -0.00148482 0.00268154 -0.00146057 0.00264299
% Warning: sampling overrun detected
75440.000 -0.00149129 0.00267911 -0.00144381 0.00264691
% Warning: sampling overrun detected
75460.000 -0.00147434 0.00269043 -0.00146141 0.00263627
% Warning: sampling overrun detected
75480.000 -0.00145444 0.0026674 -0.00142238 0.00263553
75500.000 -0.00143914 0.00266257 -0.00141455 0.00263526
75520.000 -0.00140467 0.00265909 -0.00140756 0.00263208
% Warning: sampling overrun detected
75540.000 -0.00139603 0.00265835 -0.0013619 0.00262166
% Warning: sampling overrun detected
75560.000 -0.00139523 0.00264189 -0.00137238 0.00263422
% Warning: sampling overrun detected
75580.000 -0.00141701 0.00266316 -0.00137622 0.00259204
% Warning: sampling overrun detected
75600.000 -0.00139099 0.00263974 -0.0013996 0.00261314
% Warning: sampling overrun detected
75620.000 -0.00141406 0.00263597 -0.00136588 0.00260928
% Warning: sampling overrun detected
75640.000 -0.00139446 0.00262435 -0.00138029 0.00260383
75660.000 -0.001378 0.0026256 -0.0013408 0.0025923
75680.000 -0.00137839 0.00260053 -0.0013413 0.0025628
75700.000 -0.00138276 0.00261464 -0.00139834 0.00258062
75720.000 -0.00143775 0.00264167 -0.00142521 0.00259054
75740.000 -0.001434 0.00266204 -0.00143137 0.00260029
75760.000 -0.0014398 0.00264999 -0.00141195 0.00262203
75780.000 -0.00145299 0.00263783 -0.00143519 0.00261455
75800.000 -0.00147223 0.0026418 -0.00141022 0.0025914
75820.000 -0.00142955 0.00263618 -0.00143832 0.002576
75840.000 -0.00144253 0.00261652 -0.00139644 0.00257227
75860.000 -0.00147354 0.00262451 -0.00143821 0.0025608
75880.000 -0.001488 0.00265815 -0.00144901 0.00258917
75900.000 -0.00147705 0.00266096 -0.00145823 0.00259817
75920.000 -0.00148321 0.00266674 -0.00145122 0.00260818
75940.000 -0.00146581 0.00265594 -0.00144319 0.00259594
75960.000 -0.00144905 0.00266034 -0.00140919 0.00261362
75980.000 -0.00144711 0.0026555 -0.001443 0.00260436
76000.000 -0.00144578 0.00267292 -0.0014092 0.0026246
76020.000 -0.00143546 0.00269024 -0.00139646 0.00264681
76040.000 -0.00140882 0.00269436 -0.00140704 0.0026692
76060.000 -0.00142515 0.00270498 -0.00139209 0.00265392
76080.000 -0.00141957 0.00269126 -0.00141819 0.00264857
76100.000 -0.00145718 0.00270139 -0.00141873 0.00263433
76120.000 -0.00145007 0.0027013 -0.0014085 0.0026413
76140.000 -0.00142394 0.00267993 -0.00142886 0.00263231
76160.000 -0.00143687 0.00267225 -0.00142974 0.00264367
76180.000 -0.00146639 0.00267247 -0.00142813 0.00263054
76200.000 -0.00145774 0.00267451 -0.00145413 0.00261197
76220.000 -0.00145443 0.00268262 -0.00143487 0.00263789
76240.000 -0.00143423 0.00268753 -0.00142712 0.00266663
76260.000 -0.00142053 0.00268836 -0.00140552 0.00267351
76280.000 -0.00141601 0.00270952 -0.00140711 0.00265949
76300.000 -0.00143122 0.00269543 -0.00141158 0.00268128
76320.000 -0.00143804 0.0026649 -0.00143706 0.00264017
76340.000 -0.00145284 0.00266155 -0.00141931 0.00263556
76360.000 -0.00142794 0.00266856 -0.00140577 0.00264056
% Warning: sampling overrun detected
76380.000 -0.00141427 0.00263502 -0.00138702 0.00262688
% Warning: sampling overrun detected
76400.000 -0.00140867 0.00263887 -0.00140091 0.00262574
% Warning: sampling overrun detected
76420.000 -0.00142657 0.00263751 -0.00139579 0.00260687
% Warning: sampling overrun detected
76440.000 -0.00141813 0.00264809 -0.00141103 0.00258967
% Warning: sampling overrun detected
76460.000 -0.00139717 0.00262535 -0.00138668 0.00261212
% Warning: sampling overrun detected
76480.000 -0.00138128 0.00263333 -0.00137767 0.00261363
% Warning: sampling overrun detected
76500.000 -0.00141791 0.00265225 -0.00139095 0.00260892
% Warning: sampling overrun detected
76520.000 -0.00141153 0.0026398 -0.00139284 0.00261009
% Warning: sampling overrun detected
76540.000 -0.00140689 0.00265502 -0.00140351 0.00260504
% Warning: sampling overrun detected
76560.000 -0.00141504 0.00264619 -0.00138428 0.00260727
% Warning: sampling overrun detected
76580.000 -0.00140974 0.00260739 -0.0013859 0.00259781
% Warning: sampling overrun detected
76600.000 -0.00142902 0.00262768 -0.00141265 0.00258369
% Warning: sampling overrun detected
76620.000 -0.00143365 0.00262445 -0.00141961 0.00257229
% Warning: sampling overrun detected
76640.000 -0.00145934 0.00261566 -0.00141484 0.00255366
76660.000 -0.00142383 0.00261196 -0.00140933 0.0025701
% Warning: sampling overrun detected
76680.000 -0.00145758 0.00261113 -0.00141123 0.00258637
% Warning: sampling overrun detected
76700.000 -0.0013965 0.00262006 -0.00141091 0.00259293
% Warning: sampling overrun detected
76720.000 -0.00140176 0.00265435 -0.00139038 0.00260646
% Warning: sampling overrun detected
76740.000 -0.0013872 0.00260663 -0.00135676 0.0026047
% Warning: sampling overrun detected
76760.000 -0.00137727 0.00261539 -0.00138226 0.00257766
% Warning: sampling overrun detected
76780.000 -0.00140939 0.00261169 -0.00137662 0.00258153
% Warning: sampling overrun detected
76800.000 -0.00142625 0.00261274 -0.00139789 0.0025709
% Warning: sampling overrun detected
76820.000 -0.00140254 0.00262933 -0.00140102 0.00259236
% Warning: sampling overrun detected
76840.000 -0.00138065 0.00265206 -0.00137725 0.00261608
% Warning: sampling overrun detected
76860.000 -0.00138237 0.00266363 -0.0014061 0.0026504
% Warning: sampling overrun detected
76880.000 -0.00140702 0.00264705 -0.00140529 0.00264206
% Warning: sampling overrun detected
76900.000 -0.00139642 0.00264606 -0.00140127 0.00259672
% Warning: sampling overrun detected
76920.000 -0.00139749 0.0026231 -0.00141314 0.00262132
% Warning: sampling overrun detected
76940.000 -0.00143074 0.00262484 -0.00140719 0.00260704
% Warning: sampling overrun detected
76960.000 -0.00141972 0.0026222 -0.00140918 0.00259351
% Warning: sampling overrun detected
76980.000 -0.00142915 0.00261659 -0.00142695 0.00259735
77000.000 -0.00142694 0.00262951 -0.00141286 0.0026131
77020.000 -0.00140574 0.00262525 -0.00139701 0.00260706
77040.000 -0.001421 0.00259953 -0.00138026 0.00258284
77060.000 -0.0014221 0.00259407 -0.00140023 0.00256555
77080.000 -0.00142163 0.00260243 -0.00139704 0.00258062
77100.000 -0.00140714 0.00259531 -0.00139104 0.00257248
77120.000 -0.00137882 0.00262182 -0.00138737 0.00261991
77140.000 -0.00141468 0.00258734 -0.00140251 0.00256381
77160.000 -0.00138306 0.00257302 -0.00138203 0.00258651
77180.000 -0.00140352 0.00258915 -0.00139116 0.00254854
77200.000 -0.00143217 0.00258292 -0.001427 0.00256298
77220.000 -0.00140112 0.00262842 -0.00138027 0.00259283
77240.000 -0.00140387 0.00259368 -0.00140089 0.00256453
77260.000 -0.00142906 0.00258756 -0.00140122 0.00255063
77280.000 -0.00143991 0.00256612 -0.00139842 0.00253076
77300.000 -0.00142185 0.00254839 -0.00139124 0.00251147
77320.000 -0.00140537 0.0025511 -0.00136355 0.00248769
77340.000 -0.00140629 0.0025553 -0.00136537 0.00249382
77360.000 -0.00137315 0.00257598 -0.00134603 0.00252368
77380.000 -0.0013949 0.00253172 -0.00137951 0.00249271
77400.000 -0.00142179 0.00251652 -0.00139615 0.00248581
77420.000 -0.00142829 0.00250828 -0.00140209 0.00246169
77440.000 -0.00143664 0.00251883 -0.00140278 0.00246014
77460.000 -0.0014175 0.00249867 -0.00139655 0.0024712
77480.000 -0.00141957 0.00250849 -0.00138498 0.00247834
77500.000 -0.00138836 0.0025224 -0.00140811 0.00246369
77520.000 -0.00140883 0.00249785 -0.00140145 0.00247739
77540.000 -0.00139883 0.00252807 -0.00137658 0.00247787
77560.000 -0.00139934 0.00251086 -0.00136442 0.00247036
77580.000 -0.00138471 0.00251924 -0.00136492 0.00245807
77600.000 -0.00140189 0.00252413 -0.00138129 0.00247636
77620.000 -0.00139563 0.0025478 -0.00137767 0.00250249
77640.000 -0.00140669 0.00252791 -0.00136976 0.00247407
77660.000 -0.00142625 0.00253696 -0.0013914 0.00248479
77680.000 -0.00142935 0.00256543 -0.00140503 0.00250199
77700.000 -0.00143018 0.00257473 -0.00140012 0.00252074
77720.000 -0.00142953 0.0025719 -0.00141126 0.00250514
77740.000 -0.00143631 0.00255159 -0.00143018 0.00252146
77760.000 -0.00144355 0.00258682 -0.00143116 0.00252684
77780.000 -0.00145066 0.00259896 -0.00142532 0.00252583
77800.000 -0.00145442 0.00256566 -0.00141812 0.00256685
77820.000 -0.00144673 0.00259371 -0.00143932 0.00254918
77840.000 -0.00145248 0.00259504 -0.00143962 0.00255367
77860.000 -0.00143982 0.00259074 -0.00142584 0.00254996
77880.000 -0.00143341 0.00257035 -0.00139764 0.00255391
77900.000 -0.00142086 0.00256478 -0.00139761 0.00252857
77920.000 -0.00142586 0.00256735 -0.00140323 0.00251778
77940.000 -0.00142263 0.00258203 -0.00142496 0.00253305
77960.000 -0.00143004 0.00259155 -0.00140573 0.00254306
77980.000 -0.0014027 0.0026004 -0.00138541 0.00255766
78000.000 -0.00141751 0.00259021 -0.00138923 0.00255067
78020.000 -0.00139752 0.0025881 -0.00138514 0.00255947
78040.000 -0.00141593 0.00258026 -0.00140055 0.00255623
78060.000 -0.00138463 0.00259033 -0.0013854 0.00254719
78080.000 -0.00138634 0.00257245 -0.00139832 0.00255895
78100.000 -0.00137404 0.00256269 -0.00138583 0.00254191
78120.000 -0.00139184 0.00256637 -0.00138424 0.00254857
78140.000 -0.00137746 0.00256584 -0.00135946 0.00253442
78160.000 -0.00136564 0.00255971 -0.00136157 0.00254123
78180.000 -0.00133196 0.00255647 -0.00132547 0.00255815
78200.000 -0.00130795 0.00254976 -0.00131632 0.00254347
78220.000 -0.00130747 0.00257715 -0.00128234 0.00256235
78240.000 -0.00128172 0.00257729 -0.00129008 0.00258108
78260.000 -0.00127187 0.00256659 -0.00127223 0.00256059
78280.000 -0.00128418 0.00258406 -0.00125802 0.00258863
78300.000 -0.00128367 0.00259157 -0.00126411 0.0025815
78320.000 -0.00128582 0.00255832 -0.00129989 0.00256682
78340.000 -0.00127846 0.00258772 -0.00128177 0.0025946
78360.000 -0.00128709 0.00259834 -0.00126351 0.00260587
78380.000 -0.00129062 0.00260126 -0.00126133 0.00254533
78400.000 -0.00126709 0.00259002 -0.00127438 0.00255816
78420.000 -0.0013016 0.00257245 -0.00129872 0.00255757
78440.000 -0.00128092 0.00257746 -0.00130158 0.00255723
78460.000 -0.00132505 0.00257923 -0.0013128 0.00255124
78480.000 -0.00133823 0.00254498 -0.00132923 0.00255599
78500.000 -0.00132522 0.00255087 -0.00131256 0.00251882
78520.000 -0.00132211 0.00255806 -0.0013256 0.0025455
78540.000 -0.0013316 0.00253948 -0.0013286 0.00253561
78560.000 -0.00134637 0.00255882 -0.00133015 0.00252656
78580.000 -0.00134272 0.00254903 -0.00132952 0.0025171
78600.000 -0.00131212 0.00257782 -0.00130911 0.00255064
78620.000 -0.00130911 0.00258005 -0.00130324 0.00255938
78640.000 -0.00130201 0.00260448 -0.00130624 0.00259571
78660.000 -0.00129045 0.00260585 -0.00127692 0.00259726
78680.000 -0.00128954 0.00258565 -0.00129085 0.00261148
78700.000 -0.00129934 0.00262142 -0.00130128 0.00259837
78720.000 -0.00130991 0.00259969 -0.00130711 0.00260194
78740.000 -0.00131226 0.00259947 -0.00130501 0.00260251
78760.000 -0.00130171 0.00263238 -0.00132227 0.00262768
% Warning: sampling overrun detected
78780.000 -0.00127698 0.0026415 -0.00127157 0.0026529
78800.000 -0.00122613 0.00262784 -0.00127024 0.00265275
78820.000 -0.00123755 0.00264308 -0.00126252 0.00264471
78840.000 -0.00124421 0.00265178 -0.00125861 0.00264929
78860.000 -0.00123583 0.00263986 -0.00124676 0.0026558
78880.000 -0.00124831 0.00264763 -0.00123922 0.00266351
78900.000 -0.00123607 0.0026591 -0.00123303 0.0026742
78920.000 -0.00120252 0.00265366 -0.00120781 0.00267679
78940.000 -0.00118271 0.00262086 -0.00121621 0.00263443
78960.000 -0.00117897 0.00263332 -0.00117845 0.00265263
78980.000 -0.00117145 0.0026098 -0.00119657 0.00262441
79000.000 -0.00116286 0.00256378 -0.00117959 0.00261534
79020.000 -0.00120065 0.00254171 -0.00118915 0.00256951
79040.000 -0.00113887 0.0025755 -0.0011486 0.00258229
79060.000 -0.0011527 0.00254349 -0.00117995 0.00258548
79080.000 -0.00113829 0.00257968 -0.0011551 0.00259938
79100.000 -0.00113954 0.00256127 -0.00112912 0.00259084
79120.000 -0.00114298 0.0025775 -0.001142 0.00261646
79140.000 -0.00115669 0.00258291 -0.00114343 0.0026263
79160.000 -0.00113337 0.00260184 -0.00117605 0.00258994
79180.000 -0.00112352 0.00262643 -0.00117468 0.00263038
79200.000 -0.00115544 0.00259758 -0.00118085 0.00265634
79220.000 -0.00115364 0.0025913 -0.00116698 0.00262089
79240.000 -0.00114625 0.002608 -0.00116806 0.0026259
79260.000 -0.00114617 0.00261304 -0.00116581 0.00265813
79280.000 -0.00113497 0.0026161 -0.00115105 0.00263685
79300.000 -0.00118069 0.00261554 -0.00115628 0.00261117
79320.000 -0.00117366 0.00260476 -0.00116991 0.00264548
79340.000 -0.00118639 0.0026291 -0.00119205 0.00262541
79360.000 -0.0011698 0.00263729 -0.00119484 0.00265329
79380.000 -0.00120263 0.00261766 -0.00120288 0.00259307
79400.000 -0.00116862 0.00260794 -0.00115836 0.00264417
79420.000 -0.00116188 0.00259533 -0.00117774 0.00264913
79440.000 -0.00112584 0.00259397 -0.00115791 0.00262079
79460.000 -0.00112477 0.00260304 -0.0011308 0.00262728
79480.000 -0.00114056 0.00259602 -0.00112951 0.0026126
79500.000 -0.00108014 0.00259814 -0.00110303 0.00263394
79520.000 -0.00107636 0.00260926 -0.00110908 0.0026579
79540.000 -0.00106967 0.00261324 -0.00109126 0.00264061
79560.000 -0.00105069 0.00261208 -0.0010807 0.00264472
79580.000 -0.00102942 0.00259756 -0.00105075 0.00266219
79600.000 -0.00104613 0.0026443 -0.00104204 0.00267686
79620.000 -0.00103155 0.0026256 -0.00106528 0.00266835
79640.000 -0.00105162 0.00262157 -0.00107393 0.00264679
79660.000 -0.00104874 0.00263276 -0.00106774 0.00266874
79680.000 -0.0010414 0.00261482 -0.00104606 0.0026724
79700.000 -0.00102634 0.00264182 -0.00102669 0.00268308
79720.000 -0.00102126 0.00264928 -0.00103897 0.00268615
79740.000 -0.00104768 0.00261551 -0.00105611 0.00265484
79760.000 -0.00101794 0.00261456 -0.00102606 0.00265653
79780.000 -0.00101531 0.00261651 -0.00104345 0.00264354
79800.000 -0.000978893 0.00260158 -0.00101585 0.00266845
79820.000 -0.000954786 0.00262092 -0.000976043 0.00268795
79840.000 -0.000936546 0.00262236 -0.000968646 0.00268869
79860.000 -0.000922641 0.00262039 -0.000938495 0.00268785
79880.000 -0.000930397 0.00260552 -0.000953532 0.00269285
79900.000 -0.000924623 0.00262579 -0.000953997 0.00269606
79920.000 -0.000931996 0.00260939 -0.000964682 0.00267714
79940.000 -0.000907966 0.00261824 -0.000944729 0.00266897
79960.000 -0.000911219 0.00259938 -0.000916306 0.00264884
79980.000 -0.000886684 0.00259166 -0.00089588 0.0026865
80000.000 -0.000863368 0.00258258 -0.000907576 0.00266867
80020.000 -0.000897556 0.00260428 -0.000895039 0.00263914
80040.000 -0.00090889 0.00257131 -0.000917849 0.00264209
80060.000 -0.00090582 0.00258566 -0.000905874 0.00264145
80080.000 -0.000900341 0.00260278 -0.00092183 0.00265588
80100.000 -0.000850132 0.00261472 -0.000913841 0.00266562
80120.000 -0.000858178 0.00261682 -0.000884103 0.00267141
80140.000 -0.000866778 0.00260778 -0.00090852 0.00267541
80160.000 -0.000857854 0.00263424 -0.000891545 0.00267764
80180.000 -0.000866232 0.00263889 -0.000895512 0.00269501
80200.000 -0.000873057 0.00264346 -0.0008851 0.002704
80220.000 -0.000850109 0.00262366 -0.000873709 0.00270638
80240.000 -0.00086018 0.00263335 -0.000866343 0.0026767
80260.000 -0.000836241 0.00264057 -0.000861513 0.00271125
80280.000 -0.000823921 0.00264588 -0.000860474 0.00271534
80300.000 -0.000830882 0.00263771 -0.000859615 0.00272767
80320.000 -0.00081802 0.00262514 -0.000845731 0.00270646
80340.000 -0.000825077 0.00263188 -0.000823184 0.00271631
80360.000 -0.000792255 0.00262152 -0.000846566 0.00271329
80380.000 -0.000749313 0.00262963 -0.000798629 0.00273764
80400.000 -0.000798879 0.00263442 -0.000832527 0.00271074
80420.000 -0.000816576 0.002605 -0.000829144 0.00265134
80440.000 -0.00081002 0.00260127 -0.000844072 0.00266922
80460.000 -0.000789419 0.00260131 -0.00083482 0.00265
80480.000 -0.000822103 0.00257021 -0.000820529 0.00261654
80500.000 -0.000814181 0.00254577 -0.000818647 0.00262011
80520.000 -0.000833594 0.00255519 -0.000822913 0.0026023
80540.000 -0.000822986 0.00254986 -0.000820365 0.00261281
80560.000 -0.000814758 0.00255933 -0.000842696 0.00261206
% Warning: sampling overrun detected
80580.000 -0.000821415 0.00256734 -0.000831496 0.00259508
80600.000 -0.000790008 0.00255794 -0.000838568 0.00262371
80620.000 -0.000822963 0.00255263 -0.000826656 0.00260801
% Warning: sampling overrun detected
80640.000 -0.000795313 0.00255478 -0.00081702 0.00262103
80660.000 -0.000800697 0.00258844 -0.000815267 0.00264075
80680.000 -0.000812298 0.00261719 -0.000835841 0.00264793
% Warning: sampling overrun detected
80700.000 -0.000810127 0.00263656 -0.000843897 0.0026481
80720.000 -0.000795244 0.00264423 -0.000813558 0.00266231
80740.000 -0.000776008 0.00261824 -0.00079686 0.00265709
% Warning: sampling overrun detected
80760.000 -0.000785178 0.00262493 -0.000797683 0.00266069
% Warning: sampling overrun detected
80780.000 -0.000795499 0.00263347 -0.000810917 0.00266953
% Warning: sampling overrun detected
80800.000 -0.000811047 0.00263771 -0.000807244 0.00266464
80820.000 -0.000800242 0.00262732 -0.000797322 0.00263568
80840.000 -0.000801822 0.00259899 -0.000802892 0.00262491
80860.000 -0.000827108 0.00262201 -0.00082808 0.00263334
% Warning: sampling overrun detected
80880.000 -0.000810554 0.00258915 -0.000810484 0.00262912
% Warning: sampling overrun detected
80900.000 -0.00078614 0.00260108 -0.00079733 0.00265076
% Warning: sampling overrun detected
80920.000 -0.000765966 0.00262937 -0.000781429 0.00264407
% Warning: sampling overrun detected
80940.000 -0.000768186 0.00263094 -0.000800799 0.00264256
80960.000 -0.000773996 0.00263702 -0.000775279 0.00265964
80980.000 -0.000778075 0.00262105 -0.000793441 0.00265539
% Warning: sampling overrun detected
81000.000 -0.000796965 0.00263021 -0.000793498 0.0026514
81020.000 -0.000819462 0.00261937 -0.000820155 0.00266709
81040.000 -0.000800427 0.00264725 -0.000839238 0.00266663
% Warning: sampling overrun detected
81060.000 -0.000798129 0.00264296 -0.000829489 0.00268367
81080.000 -0.000804378 0.00264095 -0.000806541 0.00270203
81100.000 -0.000820226 0.00263078 -0.000799547 0.00267721
% Warning: sampling overrun detected
81120.000 -0.000797216 0.00263952 -0.000808956 0.00267645
% Warning: sampling overrun detected
81140.000 -0.000826613 0.00264574 -0.000820141 0.00268956
% Warning: sampling overrun detected
81160.000 -0.000810874 0.00268867 -0.000837139 0.00269988
81180.000 -0.000798782 0.00266436 -0.000815669 0.00270524
81200.000 -0.000833441 0.0026629 -0.000839321 0.00269999
81220.000 -0.000815296 0.0026807 -0.000824734 0.00272997
81240.000 -0.000806663 0.00267228 -0.000816124 0.00272087
81260.000 -0.000783523 0.0026914 -0.000798177 0.00270532
81280.000 -0.000764127 0.00269088 -0.000797681 0.00271339
81300.000 -0.000734183 0.00265927 -0.000765817 0.00272953
81320.000 -0.000743284 0.00266053 -0.00072963 0.00270387
81340.000 -0.000735998 0.00261815 -0.000763348 0.00268441
81360.000 -0.000750721 0.0026174 -0.000762524 0.00268136
81380.000 -0.000758003 0.00264524 -0.000747713 0.00268305
81400.000 -0.000739204 0.00267241 -0.000762911 0.00270118
81420.000 -0.000735987 0.00269074 -0.000753592 0.00273805
81440.000 -0.000729405 0.00269256 -0.000736153 0.00272399
81460.000 -0.000722251 0.00271774 -0.000746523 0.00272894
81480.000 -0.000737215 0.00270014 -0.000739102 0.00275463
81500.000 -0.000721577 0.00269375 -0.000696883 0.0027404
81520.000 -0.000719338 0.00270327 -0.000734877 0.00274395
81540.000 -0.000706275 0.00267537 -0.000751175 0.00272635
81560.000 -0.000694826 0.00269891 -0.000710345 0.00273638
81580.000 -0.000696853 0.0026994 -0.00072455 0.0027755
81600.000 -0.000691174 0.00271768 -0.000697569 0.00276847
81620.000 -0.000686366 0.0027342 -0.000694843 0.00279277
81640.000 -0.000711785 0.00272881 -0.000712504 0.0028005
81660.000 -0.000684628 0.0027397 -0.00072606 0.0028016
81680.000 -0.000696623 0.00275147 -0.000728018 0.00278738
81700.000 -0.000696909 0.00274132 -0.000706611 0.00278846
81720.000 -0.000737139 0.00273734 -0.000725588 0.00276921
81740.000 -0.000752935 0.00274231 -0.000736339 0.00274583
81760.000 -0.00077887 0.00271778 -0.000768747 0.00273296
% Warning: sampling overrun detected
81780.000 -0.000770322 0.00270203 -0.000761075 0.00272479
81800.000 -0.000733815 0.00268683 -0.000766314 0.00269883
81820.000 -0.000749757 0.00269197 -0.000765374 0.00272864
81840.000 -0.000726156 0.00268164 -0.000744982 0.00272782
81860.000 -0.00073177 0.00268371 -0.000746379 0.00272549
81880.000 -0.000737546 0.00268676 -0.000746604 0.00272715
81900.000 -0.000718225 0.00269695 -0.000755825 0.00272316
81920.000 -0.000717463 0.00268397 -0.000739749 0.00274032
81940.000 -0.000731518 0.0026841 -0.00073939 0.0027329
81960.000 -0.000711362 0.00264593 -0.000732699 0.00270687
81980.000 -0.000728557 0.0026606 -0.000719146 0.00269995
82000.000 -0.000714863 0.00266896 -0.000739058 0.00270808
82020.000 -0.000713916 0.00267042 -0.000717627 0.00270776
82040.000 -0.000704547 0.00268536 -0.000701942 0.00272271
82060.000 -0.000701364 0.00267157 -0.000713456 0.00271006
82080.000 -0.000712604 0.00266243 -0.000716063 0.00270264
82100.000 -0.000718739 0.00267556 -0.000757263 0.00270995
82120.000 -0.000715532 0.0026562 -0.000719605 0.0027177
82140.000 -0.000715218 0.00264549 -0.000719004 0.00268964
82160.000 -0.000720666 0.00264823 -0.000728894 0.0027163
82180.000 -0.000728664 0.00267199 -0.000719826 0.00272374
82200.000 -0.000701668 0.00271132 -0.000735808 0.00272469
82220.000 -0.000697773 0.00271452 -0.000732171 0.00274649
82240.000 -0.000703521 0.00269656 -0.00069904 0.00274363
82260.000 -0.000656686 0.00269363 -0.000677991 0.00273283
82280.000 -0.000670887 0.00271055 -0.000687239 0.00273225
82300.000 -0.000669531 0.00268312 -0.000675348 0.00275291
82320.000 -0.000688661 0.0026919 -0.000697711 0.00274103
82340.000 -0.000682604 0.00269439 -0.000685021 0.00275222
82360.000 -0.000675626 0.00270386 -0.000679558 0.00273865
82380.000 -0.000691683 0.00270174 -0.000708775 0.00274868
82400.000 -0.000702125 0.00271724 -0.000692711 0.00277235
82420.000 -0.000703299 0.00271105 -0.000726164 0.00276802
82440.000 -0.000713098 0.00271894 -0.000703586 0.00274675
82460.000 -0.000721654 0.00269832 -0.000751503 0.00273568
82480.000 -0.000745683 0.00271478 -0.000767953 0.00272798
82500.000 -0.000771138 0.00272477 -0.000758077 0.00272244
82520.000 -0.000767524 0.00269912 -0.000776013 0.00270888
82540.000 -0.000766707 0.00269737 -0.000765574 0.00269845
82560.000 -0.000803639 0.00268703 -0.000788307 0.00269131
82580.000 -0.000784587 0.00268423 -0.000783901 0.00270459
82600.000 -0.000755553 0.00268881 -0.000765907 0.00270618
82620.000 -0.000760853 0.00268399 -0.000755152 0.0027191
82640.000 -0.000714489 0.00268249 -0.000736467 0.00271135
82660.000 -0.000749352 0.00268322 -0.000734886 0.00271346
82680.000 -0.000770405 0.00268872 -0.000763713 0.00269526
82700.000 -0.00075225 0.00269737 -0.000763989 0.00271604
82720.000 -0.000772273 0.002694 -0.000779026 0.00273729
82740.000 -0.000770505 0.00267363 -0.000784163 0.00271926
82760.000 -0.000791474 0.00268654 -0.000809731 0.00272618
82780.000 -0.000814889 0.0027021 -0.00082273 0.00269999
82800.000 -0.000831188 0.00268552 -0.000816113 0.00270936
82820.000 -0.000787899 0.00265973 -0.000817258 0.00269396
82840.000 -0.000783032 0.00265 -0.000789154 0.00268807
82860.000 -0.00077438 0.0026502 -0.000768353 0.00268045
82880.000 -0.000782158 0.00264053 -0.000771875 0.00268562
82900.000 -0.000760911 0.00262429 -0.000759191 0.00265492
82920.000 -0.00076839 0.00262325 -0.000793121 0.00262858
82940.000 -0.000786556 0.00263814 -0.000799278 0.0026556
82960.000 -0.000767681 0.00261002 -0.000783293 0.00261245
82980.000 -0.000801528 0.00261757 -0.000786799 0.00263171
83000.000 -0.00081503 0.00260634 -0.000791179 0.00260363
83020.000 -0.000791925 0.00257881 -0.000823152 0.00263185
83040.000 -0.000808173 0.00258263 -0.000817754 0.00262678
83060.000 -0.000832981 0.00260306 -0.00082925 0.00262367
83080.000 -0.000844874 0.00260329 -0.000848627 0.00259668
83100.000 -0.000860618 0.00256627 -0.000885454 0.00260738
83120.000 -0.000873409 0.00256712 -0.000861984 0.00257696
83140.000 -0.000831275 0.00258843 -0.000820433 0.00262561
83160.000 -0.000816657 0.00257606 -0.000813703 0.00260635
83180.000 -0.000824914 0.00257871 -0.000806625 0.00253997
83200.000 -0.000807145 0.00253836 -0.000843057 0.00255619
83220.000 -0.000814581 0.00254976 -0.000827853 0.00255937
83240.000 -0.000840906 0.00254012 -0.000843209 0.00255527
83260.000 -0.000837129 0.0025404 -0.000841157 0.00253618
83280.000 -0.000843929 0.00251864 -0.000830625 0.00253019
83300.000 -0.000825707 0.00254759 -0.000830192 0.00253421
83320.000 -0.000807472 0.00253212 -0.00081418 0.00255023
83340.000 -0.000818356 0.00252506 -0.000805708 0.00254357
83360.000 -0.000795236 0.00252236 -0.000818708 0.00252526
83380.000 -0.000800947 0.00250237 -0.000812607 0.0025375
83400.000 -0.000789198 0.00248637 -0.000834004 0.00254121
83420.000 -0.000792307 0.00248547 -0.000815685 0.00255494
83440.000 -0.000786397 0.00253452 -0.000812348 0.0025369
83460.000 -0.00080502 0.00249277 -0.00082989 0.00253107
83480.000 -0.000826301 0.00249752 -0.000806738 0.0025247
83500.000 -0.000792427 0.00250374 -0.000763756 0.00251485
83520.000 -0.000786158 0.00246682 -0.000794377 0.00253053
83540.000 -0.000805266 0.00246309 -0.000784865 0.00248551
83560.000 -0.000812445 0.00245202 -0.000802298 0.00247043
% Warning: sampling overrun detected
83580.000 -0.000785176 0.00246219 -0.000806456 0.0024881
83600.000 -0.000785859 0.00245235 -0.00079289 0.00247627
83620.000 -0.000758103 0.00244233 -0.000765389 0.00245508
83640.000 -0.000780458 0.00243908 -0.000779434 0.00243394
83660.000 -0.000748482 0.00245005 -0.000779388 0.0024624
83680.000 -0.000756168 0.00246024 -0.000755549 0.0024698
83700.000 -0.000737047 0.00244647 -0.000745391 0.00252816
83720.000 -0.000696402 0.00247461 -0.000708814 0.00253951
83740.000 -0.000694941 0.00249094 -0.000747377 0.00252962
83760.000 -0.00069683 0.0024808 -0.000703206 0.00254499
83780.000 -0.000703352 0.00248335 -0.000705905 0.00252655
83800.000 -0.00068958 0.00246836 -0.000693911 0.00250441
83820.000 -0.000688913 0.00248858 -0.000715293 0.00251882
83840.000 -0.000672639 0.0025133 -0.000714811 0.00252447
83860.000 -0.000692866 0.0025111 -0.000705345 0.00253543
83880.000 -0.000685887 0.00252063 -0.000694212 0.00255421
83900.000 -0.000708174 0.00252333 -0.000725358 0.0025706
83920.000 -0.000704792 0.00255254 -0.000717178 0.00257317
83940.000 -0.000720218 0.00255212 -0.000737301 0.00254574
83960.000 -0.000752144 0.00254089 -0.000748872 0.00254929
83980.000 -0.000760693 0.00253573 -0.000764058 0.00255901
84000.000 -0.000770176 0.00254741 -0.000750377 0.00252125
84020.000 -0.000741663 0.00257296 -0.000746284 0.00258345
84040.000 -0.00081627 0.00252914 -0.000841161 0.00254962
84060.000 -0.000785628 0.0025708 -0.000787645 0.00259346
84080.000 -0.000814223 0.0025651 -0.000814014 0.00256873
84100.000 -0.000803261 0.00260537 -0.000791948 0.00255537
84120.000 -0.000772097 0.00263015 -0.000730063 0.00259585
84140.000 -0.00075702 0.00259385 -0.000769035 0.00255735
84160.000 -0.00074227 0.0025614 -0.00072447 0.00254842
84180.000 -0.000714215 0.00255456 -0.000673818 0.00253169
84200.000 -0.000750622 0.002531 -0.000716643 0.00250603
84220.000 -0.000694949 0.00250132 -0.00071534 0.00251304
84240.000 -0.000695613 0.00250794 -0.000687906 0.00250424
84260.000 -0.000675018 0.00251037 -0.000671839 0.00249629
84280.000 -0.000653733 0.00250458 -0.000665157 0.00251863
84300.000 -0.000645042 0.00249344 -0.000635884 0.00248395
% Warning: sampling overrun detected
84320.000 -0.000634945 0.00247397 -0.000628907 0.00249654
84340.000 -0.000605051 0.00248323 -0.000628779 0.00250803
84360.000 -0.000590085 0.00247836 -0.000589264 0.00251491
84380.000 -0.000575997 0.00246712 -0.000588581 0.00252086
84400.000 -0.000557781 0.00245467 -0.000578868 0.00252745
84420.000 -0.000555479 0.00244884 -0.000531042 0.00250282
84440.000 -0.000559046 0.00244953 -0.000551397 0.00247681
84460.000 -0.000543477 0.00249331 -0.000524076 0.00248054
84480.000 -0.000566374 0.00246744 -0.00057182 0.00249416
84500.000 -0.000538692 0.00250261 -0.000552103 0.00254178
84520.000 -0.00052932 0.00254726 -0.000583013 0.0026007
84540.000 -0.000539211 0.00256102 -0.000566393 0.00258638
84560.000 -0.000545444 0.00255143 -0.000554348 0.00260893
84580.000 -0.00052767 0.00256392 -0.000567767 0.00260498
84600.000 -0.000526444 0.00259269 -0.000553625 0.0026421
% Warning: sampling overrun detected
84620.000 -0.000504384 0.00261494 -0.000551035 0.0026637
% Warning: sampling overrun detected
84640.000 -0.000489652 0.00261715 -0.000537434 0.00266318
84660.000 -0.000525654 0.00261713 -0.000532171 0.00264927
84680.000 -0.000536509 0.00261815 -0.000544212 0.00268278
84700.000 -0.000517032 0.00261328 -0.000546985 0.00267637
84720.000 -0.000533703 0.00260209 -0.0005298 0.00266294
84740.000 -0.00049643 0.00260163 -0.000512847 0.00264735
84760.000 -0.000522507 0.00259921 -0.000507999 0.00265312
84780.000 -0.000524221 0.00259668 -0.000523603 0.00264965
84800.000 -0.000523812 0.00261739 -0.000546706 0.00268461
84820.000 -0.000556319 0.00264235 -0.000558496 0.00268754
84840.000 -0.000535083 0.00267997 -0.00055974 0.00270624
84860.000 -0.000574643 0.00268717 -0.0005888 0.00272696
84880.000 -0.000568408 0.00270774 -0.000613305 0.00274227
84900.000 -0.00056564 0.00272925 -0.00059569 0.00275772
84920.000 -0.000563213 0.00272099 -0.000580357 0.00276879
84940.000 -0.000583591 0.0027155 -0.000580654 0.00277289
84960.000 -0.000566049 0.00272672 -0.000569948 0.00277032
84980.000 -0.000599115 0.00272719 -0.000568465 0.00272219
85000.000 -0.000586376 0.00271085 -0.000616431 0.00276033
85020.000 -0.000620315 0.00271522 -0.000611426 0.00275116
85040.000 -0.000657901 0.00275528 -0.000653939 0.00274229
85060.000 -0.000653534 0.00269482 -0.000669266 0.00275471
85080.000 -0.000691541 0.00271534 -0.000695617 0.00272734
85100.000 -0.000700023 0.00274949 -0.000686641 0.00274222
85120.000 -0.000651369 0.00276436 -0.000665687 0.00278473
85140.000 -0.000638225 0.0028084 -0.000673267 0.00280314
85160.000 -0.000666444 0.00281429 -0.000655335 0.00284344
85180.000 -0.000624288 0.00283755 -0.000635001 0.0028315
85200.000 -0.000636391 0.00281367 -0.000659448 0.00281923
85220.000 -0.000642232 0.00282479 -0.000654392 0.00285054
85240.000 -0.000659165 0.00282643 -0.000650249 0.00283387
85260.000 -0.000666191 0.00282884 -0.000673208 0.00284205
85280.000 -0.00067147 0.00280616 -0.000669682 0.00283036
85300.000 -0.000647422 0.00276908 -0.000660275 0.00284106
85320.000 -0.000629655 0.00275639 -0.000643773 0.00282537
85340.000 -0.000660872 0.00272359 -0.000655875 0.00276584
85360.000 -0.000677871 0.0027248 -0.000669966 0.00274824
85380.000 -0.000687657 0.0027061 -0.000697209 0.00271735
85400.000 -0.00068678 0.00267463 -0.000711098 0.00268673
85420.000 -0.000728662 0.00264239 -0.000698021 0.00268001
85440.000 -0.000705966 0.0026228 -0.000702308 0.00262752
85460.000 -0.000710539 0.00261386 -0.000701341 0.00262711
85480.000 -0.00069621 0.00261566 -0.000697315 0.00260411
85500.000 -0.000679612 0.00259985 -0.000699605 0.00262293
85520.000 -0.00069233 0.00258475 -0.000716125 0.00260561
85540.000 -0.000681459 0.00262267 -0.000645909 0.00259335
85560.000 -0.000655796 0.0026294 -0.000631654 0.00260041
85580.000 -0.00063378 0.00260173 -0.000600091 0.00261102
85600.000 -0.000641041 0.00257876 -0.000648655 0.00259881
85620.000 -0.000591231 0.00258005 -0.000603868 0.00262404
85640.000 -0.000586312 0.00260376 -0.000584146 0.00258345
85660.000 -0.000590799 0.00261061 -0.000571652 0.002595
85680.000 -0.000558376 0.00259581 -0.000552515 0.00261464
85700.000 -0.0005433 0.00257978 -0.000576049 0.00260962
85720.000 -0.00055467 0.00259357 -0.000543338 0.00257475
85740.000 -0.000601864 0.00257919 -0.000581353 0.0025815
85760.000 -0.000536492 0.00256452 -0.000540736 0.00263774
85780.000 -0.000534857 0.00260202 -0.00056476 0.00266685
85800.000 -0.000502179 0.00265616 -0.000540754 0.00269631
85820.000 -0.000522154 0.00266324 -0.00057669 0.00269664
85840.000 -0.000539663 0.00264233 -0.000562684 0.00270635
85860.000 -0.000555377 0.00264823 -0.000582753 0.00269691
85880.000 -0.000568435 0.00269298 -0.000583585 0.00269602
85900.000 -0.00058382 0.00267381 -0.000604746 0.00271524
85920.000 -0.000589229 0.00267199 -0.000602322 0.00272392
85940.000 -0.000602787 0.0026696 -0.000586127 0.00270744
85960.000 -0.000600076 0.00269533 -0.000610468 0.00274437
85980.000 -0.00060363 0.00268378 -0.000624725 0.00269655
86000.000 -0.000615675 0.00267366 -0.000627338 0.00270899
86020.000 -0.000632446 0.00267769 -0.000614116 0.00269203
86040.000 -0.000626457 0.00266382 -0.000608747 0.00266169
86060.000 -0.000608388 0.00265648 -0.000602413 0.00266823
86080.000 -0.000601054 0.00265191 -0.000614097 0.00267842
86100.000 -0.000618143 0.00265933 -0.000634072 0.00268135
86120.000 -0.000653547 0.00264871 -0.000660706 0.00267286
86140.000 -0.000673734 0.00268411 -0.000672964 0.00266115
86160.000 -0.000680748 0.002692 -0.000697129 0.00270054
86180.000 -0.000701807 0.00269807 -0.000692293 0.00270356
86200.000 -0.000695319 0.00270199 -0.000684466 0.00270819
86220.000 -0.000664328 0.00269506 -0.00067208 0.00272556
86240.000 -0.0006668 0.00271493 -0.000695933 0.00273258
86260.000 -0.000685707 0.00268894 -0.000667931 0.00271861
86280.000 -0.000659806 0.00271483 -0.000667918 0.00270661
86300.000 -0.000661814 0.00269815 -0.000673209 0.00274031
86320.000 -0.000659848 0.00271494 -0.00066535 0.00274561
86340.000 -0.000639841 0.00270962 -0.000654413 0.00273664
86360.000 -0.000644534 0.00272704 -0.000668404 0.00276647
86380.000 -0.000627179 0.0027219 -0.000639633 0.002761
