% UltraMSK: version 1.0 beta 16
% Site: localhost.localdomain
% Date: 2015-01-22
% Frequency: 37500.000000 Hz
% Baud Rate: 200 Hz
% VLF Channel: 3
% PPS Channel: 4
% Jack Server: default
% Output Format: Cartesian
% End
68560.000 -0.000981861 -0.000595136 -0.00112789 0.000381338
68580.000 -0.000960398 -0.000733633 -0.00122801 0.000100789
68600.000 -0.0011127 -0.000446605 -0.00120863 0.000192644
68620.000 -0.00109127 -0.000461409 -0.00121169 -2.42868e-05
68640.000 -0.0010937 -0.000479834 -0.00120696 -0.000177588
68660.000 -0.00111095 -0.000423281 -0.00119478 -0.00020534
68680.000 -0.00114278 -0.000332415 -0.0011937 -0.000199373
68700.000 -0.001175 -0.000262574 -0.00120716 -0.00016679
68720.000 -0.00118593 -0.000197879 -0.0012189 -0.000125829
68740.000 -0.00119875 -0.000140055 -0.00123227 -9.3891e-05
68760.000 -0.00121125 -8.91308e-05 -0.00124778 -4.60185e-05
68780.000 -0.00122531 -3.71684e-05 -0.00125298 -2.70645e-05
68800.000 -0.00122289 -1.43941e-05 -0.00124585 4.69772e-06
68820.000 -0.0012268 2.82892e-05 -0.00123581 4.98111e-05
68840.000 -0.00122587 6.77939e-05 -0.001239 7.73337e-05
68860.000 -0.00121754 0.000123133 -0.00123466 0.000128175
68880.000 -0.00120487 0.000178335 -0.00123434 0.00018602
68900.000 -0.00122604 0.000191161 -0.00126674 0.000188958
68920.000 -0.00124144 0.000165686 -0.00126772 0.000175688
68940.000 -0.00124361 0.000151465 -0.00126861 0.000158135
68960.000 -0.00124264 0.000168214 -0.00123889 0.000172056
68980.000 -0.00124144 0.000184703 -0.00125463 0.000173675
69000.000 -0.00122311 0.000171244 -0.00125351 0.000170233
69020.000 -0.00120624 0.00019945 -0.00121656 0.000207533
69040.000 -0.00118934 0.000224326 -0.00121144 0.000224389
69060.000 -0.00117801 0.00024952 -0.00119663 0.000253085
69080.000 -0.00118888 0.000286771 -0.00120112 0.000274693
69100.000 -0.00116385 0.000299421 -0.00118462 0.000317898
69120.000 -0.00116508 0.000343887 -0.0011873 0.000351162
69140.000 -0.00116121 0.000362935 -0.00115994 0.000359035
69160.000 -0.00112515 0.000379851 -0.00115348 0.000391108
69180.000 -0.00111926 0.000423094 -0.00114447 0.000429569
69200.000 -0.00112157 0.000426917 -0.00113898 0.000429754
% Warning: sampling overrun detected
69220.000 -0.00111924 0.000440297 -0.00112874 0.000448873
69240.000 -0.00109434 0.000479659 -0.00111415 0.000481429
69260.000 -0.001124 0.000423659 -0.00113201 0.000427211
69280.000 -0.00110555 0.0004462 -0.00112804 0.000456596
69300.000 -0.00109431 0.000468547 -0.00110123 0.000492333
69320.000 -0.00106448 0.000485081 -0.0011034 0.000493365
69340.000 -0.00107038 0.000491785 -0.00109208 0.000499042
69360.000 -0.0010657 0.000492162 -0.00108972 0.00049849
69380.000 -0.00106673 0.000477883 -0.00108713 0.000497011
69400.000 -0.00106115 0.000480085 -0.00108154 0.000484869
69420.000 -0.00105329 0.000483987 -0.00107343 0.000498379
69440.000 -0.00104046 0.000483053 -0.00106266 0.000509565
69460.000 -0.00103314 0.000490826 -0.00105621 0.00050011
69480.000 -0.00102768 0.000493175 -0.00106082 0.000503021
69500.000 -0.00103054 0.000510788 -0.00105462 0.000527422
69520.000 -0.00102106 0.000521355 -0.00105869 0.00052621
69540.000 -0.00101305 0.000522592 -0.00104849 0.000531952
69560.000 -0.000996956 0.000538745 -0.001011 0.00054614
69580.000 -0.000992021 0.000543174 -0.00102203 0.000550575
69600.000 -0.000985559 0.000536063 -0.00100605 0.000558591
69620.000 -0.000967423 0.000530487 -0.000986171 0.000552016
69640.000 -0.000955353 0.000546218 -0.000982347 0.000558428
69660.000 -0.000958804 0.000564536 -0.0009943 0.000561266
69680.000 -0.000969998 0.000516754 -0.000970438 0.00053257
69700.000 -0.00094511 0.000520741 -0.000961972 0.000545248
69720.000 -0.000922537 0.000559945 -0.000939204 0.000577862
69740.000 -0.000932578 0.000563107 -0.000956366 0.000573044
69760.000 -0.000916672 0.00056356 -0.000954131 0.000569906
69780.000 -0.000912989 0.00054074 -0.000928033 0.000569366
69800.000 -0.000918078 0.000554023 -0.00094159 0.000564448
69820.000 -0.000916877 0.000531955 -0.00092867 0.000547169
69840.000 -0.000900515 0.000528288 -0.000919091 0.000542097
69860.000 -0.000888338 0.000510789 -0.000912449 0.000533043
69880.000 -0.000860283 0.000522927 -0.000900812 0.000539976
69900.000 -0.00083867 0.000517285 -0.000867174 0.000556604
69920.000 -0.000820135 0.000529279 -0.000855467 0.000552968
69940.000 -0.000835304 0.000533311 -0.000849055 0.000553854
69960.000 -0.000802597 0.000535509 -0.00084375 0.000555116
69980.000 -0.00079365 0.000524043 -0.000831425 0.000543854
70000.000 -0.000769141 0.000546837 -0.000806066 0.000567791
70020.000 -0.000769516 0.000559131 -0.000788521 0.000559425
70040.000 -0.000752665 0.000558277 -0.00079919 0.00058291
70060.000 -0.000753664 0.000554687 -0.000768684 0.000594993
70080.000 -0.000742813 0.000579231 -0.000772085 0.000588484
70100.000 -0.000737009 0.000582184 -0.000769103 0.000601546
70120.000 -0.000732542 0.000582953 -0.000765648 0.000602561
70140.000 -0.000739562 0.000581252 -0.000774722 0.000598197
70160.000 -0.000740901 0.000578997 -0.000775021 0.000604802
70180.000 -0.000747024 0.000565726 -0.000776777 0.000583544
70200.000 -0.000744278 0.000549871 -0.000759022 0.000557589
70220.000 -0.000735835 0.000538276 -0.000757955 0.000561438
70240.000 -0.00073354 0.000514417 -0.000754586 0.000528805
70260.000 -0.000724035 0.000484037 -0.000755279 0.000501343
70280.000 -0.000725596 0.000482895 -0.000741548 0.000497751
70300.000 -0.00072148 0.00044226 -0.000737236 0.000463795
70320.000 -0.000691414 0.000435084 -0.000721994 0.000460572
70340.000 -0.000671766 0.000443472 -0.00069574 0.000467028
70360.000 -0.000648982 0.000465784 -0.000682443 0.000471873
70380.000 -0.000630025 0.000449601 -0.000660385 0.000472212
70400.000 -0.000624469 0.00046162 -0.000646405 0.000488608
70420.000 -0.000600174 0.000468306 -0.000634905 0.000490233
70440.000 -0.000612637 0.00048777 -0.000632083 0.000511392
70460.000 -0.000614732 0.000502156 -0.000633981 0.000522945
70480.000 -0.000608007 0.000507252 -0.000647454 0.000530742
70500.000 -0.000611299 0.000512697 -0.000637558 0.000531906
70520.000 -0.000616035 0.000522275 -0.00064062 0.0005442
70540.000 -0.00062325 0.000547231 -0.000645726 0.000547925
70560.000 -0.000631085 0.000544915 -0.000655719 0.000570874
70580.000 -0.000650306 0.000553719 -0.000671584 0.00056843
70600.000 -0.000681806 0.000561817 -0.000686895 0.000584656
70620.000 -0.000694116 0.000569442 -0.000710873 0.000578501
70640.000 -0.000709732 0.000575016 -0.000722036 0.000586079
70660.000 -0.00070914 0.000564044 -0.000728966 0.000589799
70680.000 -0.000712342 0.00055297 -0.000723786 0.000574816
70700.000 -0.000706801 0.000552785 -0.000722016 0.000575965
70720.000 -0.000683992 0.000557309 -0.000710546 0.000565079
70740.000 -0.000674128 0.000542963 -0.000694215 0.000569257
70760.000 -0.000670192 0.00054023 -0.000688863 0.000550109
70780.000 -0.000662227 0.000522638 -0.000675991 0.000529156
70800.000 -0.000639789 0.000503072 -0.000651096 0.000518269
70820.000 -0.000641854 0.000506552 -0.00065325 0.000519434
70840.000 -0.000639136 0.00050073 -0.000656361 0.000527486
70860.000 -0.000614153 0.000496444 -0.000651721 0.000511503
70880.000 -0.000612554 0.000492411 -0.000637958 0.000512664
70900.000 -0.000616645 0.000484166 -0.000637133 0.000509659
70920.000 -0.000610115 0.000480392 -0.000642116 0.000501091
70940.000 -0.000617055 0.000490851 -0.000642883 0.000502317
70960.000 -0.000617131 0.000475048 -0.000642364 0.000503895
% Warning: sampling overrun detected
70980.000 -0.000614212 0.000473925 -0.000631617 0.000498704
71000.000 -0.000615228 0.000477419 -0.000639491 0.000493662
71020.000 -0.000611659 0.000477349 -0.00063969 0.000496123
71040.000 -0.000611031 0.000482644 -0.000644789 0.00050195
71060.000 -0.000611442 0.000473521 -0.000643572 0.000477706
71080.000 -0.000637131 0.00046927 -0.000651361 0.000485515
71100.000 -0.000636887 0.000468098 -0.000653972 0.000487275
71120.000 -0.000623676 0.000454452 -0.000652641 0.000466231
71140.000 -0.000640621 0.000445636 -0.000646895 0.000445601
71160.000 -0.000630719 0.000443775 -0.000646069 0.000461918
71180.000 -0.000624241 0.000429358 -0.000639925 0.000445751
71200.000 -0.00063353 0.000448389 -0.000656958 0.000470443
71220.000 -0.000611537 0.00045432 -0.000637883 0.000473589
71240.000 -0.000603652 0.000460675 -0.000630354 0.00048859
71260.000 -0.000591757 0.000497081 -0.000626123 0.000500692
71280.000 -0.000602559 0.000495206 -0.000631873 0.00051552
71300.000 -0.000600842 0.000513065 -0.000627131 0.000531762
71320.000 -0.000590533 0.000520783 -0.00063087 0.000542449
71340.000 -0.000586075 0.000525398 -0.000626439 0.000544719
71360.000 -0.000587448 0.000523736 -0.000614203 0.000541955
71380.000 -0.000596297 0.000517476 -0.000616186 0.000538763
71400.000 -0.000587479 0.00052729 -0.000614779 0.000551343
71420.000 -0.000590643 0.000534817 -0.000604099 0.000547165
71440.000 -0.000567173 0.000527283 -0.00059055 0.000548225
71460.000 -0.000579714 0.000521374 -0.000593742 0.000564416
71480.000 -0.000570746 0.000552743 -0.000611426 0.000564417
71500.000 -0.000584862 0.00055716 -0.000600418 0.000571526
71520.000 -0.000603397 0.000562499 -0.000606617 0.000579656
71540.000 -0.000589515 0.000565353 -0.00060692 0.000573325
71560.000 -0.000597476 0.000570909 -0.000605591 0.000576841
% Warning: sampling overrun detected
71580.000 -0.000598708 0.000559909 -0.000625994 0.000596041
71600.000 -0.000592982 0.000571128 -0.000617775 0.000580961
71620.000 -0.00059236 0.000569433 -0.000602431 0.000584708
71640.000 -0.000598277 0.000582842 -0.000612014 0.000602415
71660.000 -0.000601065 0.000582233 -0.000615304 0.00060428
71680.000 -0.000609926 0.000572271 -0.000641751 0.000596304
71700.000 -0.000620276 0.000580887 -0.000638624 0.000597584
71720.000 -0.000631025 0.00057313 -0.000652388 0.000586144
71740.000 -0.000641145 0.00057763 -0.00066575 0.000595153
71760.000 -0.00064088 0.000582343 -0.000661404 0.0006013
71780.000 -0.000649716 0.000573337 -0.000668124 0.000593305
71800.000 -0.000661522 0.000576833 -0.000679312 0.000585978
71820.000 -0.000675414 0.000573108 -0.000692394 0.000596296
71840.000 -0.000679803 0.000595376 -0.000696359 0.000602567
71860.000 -0.000690452 0.000581284 -0.000713307 0.000594343
71880.000 -0.000715516 0.000594271 -0.000726627 0.000602352
71900.000 -0.000728892 0.000590428 -0.00073989 0.000613412
71920.000 -0.000741121 0.000592452 -0.000763513 0.000611628
71940.000 -0.000745181 0.000592113 -0.00076332 0.00060091
71960.000 -0.000748186 0.000598037 -0.000758715 0.000613537
71980.000 -0.000751827 0.000609322 -0.000761131 0.000621418
72000.000 -0.000736537 0.000623776 -0.000757379 0.000636209
72020.000 -0.000738702 0.000633428 -0.000757238 0.000645601
72040.000 -0.000741667 0.000637671 -0.000751649 0.000657238
72060.000 -0.000745795 0.000655288 -0.000755177 0.000662919
72080.000 -0.000738696 0.000649277 -0.000760418 0.00067626
72100.000 -0.000719378 0.00066203 -0.000745071 0.000688572
72120.000 -0.00073202 0.000662299 -0.000750067 0.000677156
72140.000 -0.00073528 0.000660065 -0.000747383 0.000675587
72160.000 -0.000736793 0.000657808 -0.000749451 0.000670542
72180.000 -0.000723975 0.0006721 -0.000743684 0.000677128
72200.000 -0.000731867 0.00066462 -0.00073133 0.000691816
72220.000 -0.000722054 0.000687549 -0.000743155 0.000691242
72240.000 -0.00073438 0.000679256 -0.000751207 0.000688489
72260.000 -0.000751311 0.000684239 -0.000770423 0.000693974
72280.000 -0.000752507 0.000700251 -0.000777302 0.000694038
72300.000 -0.000795373 0.000682839 -0.00079767 0.000701721
72320.000 -0.000803969 0.0006884 -0.000812965 0.000707741
72340.000 -0.000829007 0.000690193 -0.000846714 0.000707833
72360.000 -0.000856575 0.000691206 -0.000872152 0.000696033
72380.000 -0.00087257 0.000689114 -0.000885565 0.000697303
72400.000 -0.000883648 0.000682245 -0.000903855 0.000677997
72420.000 -0.000908795 0.000681941 -0.000920581 0.000694049
72440.000 -0.000912345 0.000687263 -0.000927699 0.000698057
72460.000 -0.000914707 0.000682877 -0.000924773 0.000699413
72480.000 -0.000906799 0.000695219 -0.000933142 0.000695405
72500.000 -0.000927417 0.000681304 -0.000936716 0.000702533
72520.000 -0.000927423 0.000689756 -0.000934462 0.000693175
72540.000 -0.000933281 0.000691508 -0.000930541 0.000703257
72560.000 -0.000925055 0.000699964 -0.00092416 0.000693755
72580.000 -0.000906478 0.000691728 -0.000920784 0.000701071
72600.000 -0.00091439 0.000692146 -0.000912146 0.0006938
72620.000 -0.000895124 0.000683007 -0.000912615 0.000695255
72640.000 -0.000902817 0.000686743 -0.000912612 0.0006932
72660.000 -0.000891701 0.000687088 -0.000900602 0.000697658
72680.000 -0.000881319 0.000679576 -0.000893204 0.000686967
72700.000 -0.000876944 0.000675145 -0.000895859 0.000693983
72720.000 -0.000861346 0.000684887 -0.000885091 0.000704779
72740.000 -0.000859059 0.000679224 -0.000866419 0.000677553
72760.000 -0.000874713 0.000667176 -0.000878666 0.000677168
% Warning: sampling overrun detected
72780.000 -0.00087306 0.000681525 -0.000880186 0.000691755
72800.000 -0.000872323 0.00068621 -0.000886671 0.000690877
72820.000 -0.00087714 0.000680398 -0.000890614 0.000689405
72840.000 -0.000889862 0.000670736 -0.000913819 0.000691401
72860.000 -0.000900072 0.000681168 -0.000908191 0.00070254
72880.000 -0.000886075 0.000674838 -0.000908281 0.000692897
72900.000 -0.000895555 0.000671648 -0.000912736 0.00068566
72920.000 -0.000897733 0.000665511 -0.000924721 0.000686797
72940.000 -0.000908739 0.000664633 -0.00092442 0.000679199
72960.000 -0.000897538 0.00068162 -0.000924575 0.00067548
72980.000 -0.00090198 0.000676797 -0.000910471 0.000691852
73000.000 -0.000901272 0.000678523 -0.000906452 0.000701957
73020.000 -0.000902672 0.000697876 -0.000922538 0.000709286
73040.000 -0.000889266 0.000696583 -0.00090637 0.000727829
73060.000 -0.000912629 0.000723833 -0.000922644 0.000731501
73080.000 -0.000904618 0.000725714 -0.000918223 0.000731408
73100.000 -0.000905356 0.000744619 -0.000916498 0.000748844
73120.000 -0.000905976 0.00074473 -0.000916857 0.000758014
73140.000 -0.00091151 0.000759356 -0.000925283 0.000771148
73160.000 -0.000900207 0.000763807 -0.000920779 0.000763604
73180.000 -0.000894751 0.000772363 -0.000909918 0.000781678
73200.000 -0.000894979 0.000771211 -0.000907152 0.000777658
73220.000 -0.000881499 0.000776963 -0.00089379 0.000797138
73240.000 -0.000867488 0.000788057 -0.000892491 0.000798292
73260.000 -0.000872851 0.000786763 -0.000893727 0.000808891
73280.000 -0.000878563 0.000789682 -0.000891588 0.000795843
73300.000 -0.000893951 0.000789835 -0.000899995 0.00080833
73320.000 -0.000896677 0.000770382 -0.000914229 0.00078911
73340.000 -0.000902704 0.00078629 -0.000915967 0.000780989
73360.000 -0.000883976 0.00078162 -0.000909476 0.000799206
73380.000 -0.000876915 0.000793183 -0.000905345 0.000822662
73400.000 -0.000884041 0.000818968 -0.000903844 0.000830651
73420.000 -0.000885312 0.000809643 -0.000902785 0.000834144
73440.000 -0.000887754 0.000802324 -0.00090064 0.000806342
73460.000 -0.000868588 0.000792035 -0.000887695 0.000809048
73480.000 -0.000842802 0.000808085 -0.000863581 0.000807954
73500.000 -0.000840711 0.000802705 -0.000872208 0.000820577
73520.000 -0.00084018 0.000806887 -0.000869866 0.000834201
73540.000 -0.000852103 0.00080938 -0.000874 0.000839396
73560.000 -0.00085285 0.000813733 -0.000887427 0.000841958
73580.000 -0.000845101 0.000820075 -0.000865744 0.000833098
73600.000 -0.00086765 0.000826458 -0.000872376 0.000845288
73620.000 -0.000883617 0.000822039 -0.000903555 0.000840822
73640.000 -0.000905194 0.000839139 -0.00091605 0.000844546
73660.000 -0.000928902 0.000823069 -0.000935709 0.000829022
73680.000 -0.00095461 0.000811371 -0.000964476 0.000814241
73700.000 -0.000949297 0.000777082 -0.000947838 0.000793371
73720.000 -0.000935933 0.000772023 -0.00094848 0.000789724
73740.000 -0.000909273 0.000772206 -0.000922101 0.000785595
73760.000 -0.000916765 0.000780439 -0.00092987 0.000787532
73780.000 -0.000923295 0.000771786 -0.000927383 0.000791732
73800.000 -0.0009201 0.000776607 -0.000938322 0.000780606
73820.000 -0.000910037 0.000781627 -0.000934497 0.000790178
73840.000 -0.00090863 0.000789332 -0.000914651 0.000809641
73860.000 -0.000912242 0.000788843 -0.000920595 0.00081578
73880.000 -0.000895403 0.00081047 -0.000915904 0.00082518
73900.000 -0.000875951 0.000833634 -0.000911045 0.000856267
73920.000 -0.000873342 0.00085084 -0.000893644 0.000864531
73940.000 -0.000879094 0.000840286 -0.000888492 0.000864387
73960.000 -0.000884334 0.000863106 -0.000904039 0.000876832
73980.000 -0.000887803 0.000858382 -0.000915198 0.000880563
74000.000 -0.000910462 0.000854032 -0.000929842 0.000876094
74020.000 -0.000908786 0.000871845 -0.000935275 0.000890128
74040.000 -0.000911753 0.000874086 -0.000941696 0.000890201
74060.000 -0.000931436 0.000887582 -0.000958708 0.000905038
74080.000 -0.000943487 0.000891901 -0.000965278 0.000903185
74100.000 -0.000972537 0.00087642 -0.000986146 0.000902621
74120.000 -0.000981343 0.000870328 -0.00100401 0.000889834
74140.000 -0.00099577 0.000870392 -0.0010209 0.000889272
74160.000 -0.00100411 0.0008508 -0.00103117 0.000877359
74180.000 -0.00101212 0.000857126 -0.00103179 0.000872203
74200.000 -0.00102584 0.0008518 -0.00105463 0.00088112
74220.000 -0.00102895 0.000854473 -0.00106442 0.000881181
74240.000 -0.00105299 0.000867018 -0.00107551 0.000874578
74260.000 -0.00107024 0.000852152 -0.0010845 0.00086748
74280.000 -0.00108425 0.000826478 -0.00111083 0.000843636
74300.000 -0.00108863 0.000820561 -0.00111375 0.000848083
74320.000 -0.00109052 0.000823496 -0.00110145 0.000843468
74340.000 -0.00108442 0.000825782 -0.00110771 0.000833372
74360.000 -0.0011023 0.000823347 -0.00113102 0.000833535
74380.000 -0.00111215 0.000801612 -0.00113232 0.000820961
74400.000 -0.00109231 0.000810244 -0.001133 0.000823283
74420.000 -0.00111807 0.000808024 -0.00112491 0.000814824
74440.000 -0.001119 0.000806546 -0.00111775 0.00080642
74460.000 -0.00110329 0.000813871 -0.00112824 0.000810949
74480.000 -0.00110343 0.000824768 -0.00110553 0.000850405
74500.000 -0.00110581 0.000860865 -0.00110661 0.000861001
74520.000 -0.00110596 0.000844336 -0.00111781 0.000872687
74540.000 -0.00109423 0.000871747 -0.00109862 0.000870909
74560.000 -0.0011047 0.000854407 -0.00111182 0.000877646
% Warning: sampling overrun detected
74580.000 -0.00110468 0.000859836 -0.00111288 0.000867178
74600.000 -0.00110046 0.000871801 -0.00111321 0.000880077
74620.000 -0.0010949 0.000879452 -0.00110136 0.000880103
74640.000 -0.0010916 0.000894808 -0.00110911 0.000905156
74660.000 -0.00109151 0.000916237 -0.00111045 0.000926936
74680.000 -0.00107332 0.000916451 -0.00110133 0.000926482
74700.000 -0.00108161 0.000940054 -0.00110356 0.000947199
74720.000 -0.00108394 0.000943718 -0.00110563 0.000952174
74740.000 -0.00109659 0.000940864 -0.00112136 0.000952372
74760.000 -0.00111943 0.000932212 -0.00112671 0.000944444
74780.000 -0.00112208 0.000934795 -0.00113079 0.000939112
74800.000 -0.00112554 0.00092061 -0.00112326 0.000933614
74820.000 -0.00113783 0.000920131 -0.00113784 0.000931465
74840.000 -0.00112657 0.000938589 -0.00114368 0.000935137
74860.000 -0.00112596 0.00092463 -0.00112938 0.00093201
74880.000 -0.00111878 0.00093271 -0.00111825 0.000929267
74900.000 -0.00111326 0.000932494 -0.00112318 0.000940543
74920.000 -0.00112471 0.000926193 -0.00111807 0.000937325
74940.000 -0.00110506 0.000924425 -0.00112707 0.00093539
74960.000 -0.0010939 0.000919323 -0.00112059 0.000937709
74980.000 -0.00110922 0.000915619 -0.00112003 0.000916519
75000.000 -0.0011082 0.000921406 -0.00110704 0.000919531
75020.000 -0.00111632 0.000904057 -0.00112511 0.000924442
75040.000 -0.00110257 0.000898356 -0.00112432 0.000908203
75060.000 -0.00110808 0.000895099 -0.0011265 0.000906629
75080.000 -0.00111648 0.000900813 -0.00112407 0.000900962
75100.000 -0.00111992 0.000908064 -0.00111334 0.000926819
75120.000 -0.00112188 0.000918314 -0.00112614 0.000908825
75140.000 -0.00112821 0.000908775 -0.00114697 0.000925759
75160.000 -0.00114605 0.000928066 -0.00114895 0.000927307
% Warning: sampling overrun detected
75180.000 -0.0011447 0.000918371 -0.00114934 0.000904181
75200.000 -0.0011542 0.00091683 -0.00114592 0.000918429
75220.000 -0.00114188 0.000913089 -0.001151 0.000920507
% Warning: sampling overrun detected
75240.000 -0.00114884 0.000916497 -0.00114473 0.000930095
% Warning: sampling overrun detected
75260.000 -0.00112716 0.000906756 -0.00113293 0.000917513
% Warning: sampling overrun detected
75280.000 -0.00112683 0.000931059 -0.00114152 0.000933653
75300.000 -0.0011399 0.000922627 -0.00114445 0.000917674
75320.000 -0.00114424 0.000912927 -0.00114197 0.000929736
75340.000 -0.00114873 0.000909852 -0.00115365 0.000920326
% Warning: sampling overrun detected
75360.000 -0.0011695 0.00091021 -0.00117665 0.000909572
75380.000 -0.00117062 0.000913926 -0.0011835 0.000910457
75400.000 -0.00118126 0.000915084 -0.00118594 0.000907896
% Warning: sampling overrun detected
75420.000 -0.00118491 0.00091603 -0.00119536 0.000913208
% Warning: sampling overrun detected
75440.000 -0.00119121 0.000919415 -0.00118869 0.000908276
% Warning: sampling overrun detected
75460.000 -0.00120732 0.000905754 -0.001199 0.000914715
% Warning: sampling overrun detected
75480.000 -0.00119706 0.000904929 -0.00119841 0.000888889
75500.000 -0.00116216 0.000906047 -0.00116595 0.000909258
75520.000 -0.00114767 0.000924908 -0.00114365 0.000923824
% Warning: sampling overrun detected
75540.000 -0.00113885 0.000927763 -0.00113276 0.000930587
% Warning: sampling overrun detected
75560.000 -0.00113455 0.000920652 -0.00113277 0.000930456
% Warning: sampling overrun detected
75580.000 -0.00113559 0.000908441 -0.00113152 0.00090789
% Warning: sampling overrun detected
75600.000 -0.00112328 0.000901707 -0.00111191 0.000905708
% Warning: sampling overrun detected
75620.000 -0.00111571 0.000915937 -0.00111233 0.000905129
% Warning: sampling overrun detected
75640.000 -0.0010966 0.000939644 -0.00110435 0.000932969
75660.000 -0.00110814 0.000947184 -0.00111171 0.000942524
75680.000 -0.00110765 0.000942901 -0.0011047 0.000951286
75700.000 -0.00109425 0.000952698 -0.00111578 0.000961716
75720.000 -0.00108776 0.000961689 -0.00110771 0.000968026
75740.000 -0.00110674 0.000982662 -0.00109835 0.000993861
75760.000 -0.00110003 0.000981821 -0.00110702 0.000988131
75780.000 -0.00110717 0.000974016 -0.00113331 0.000987841
75800.000 -0.00111497 0.00096205 -0.00111429 0.000964697
75820.000 -0.00111471 0.000961227 -0.00112717 0.000971759
75840.000 -0.00110569 0.000962012 -0.00111774 0.000969196
75860.000 -0.00110665 0.000970027 -0.00112408 0.000981783
75880.000 -0.00112455 0.000974948 -0.00111378 0.000972942
75900.000 -0.00110799 0.00100427 -0.00111724 0.00101731
75920.000 -0.00115392 0.000999637 -0.0011522 0.000990986
75940.000 -0.00115011 0.000967456 -0.00114809 0.000971113
75960.000 -0.00114196 0.00098961 -0.00114828 0.000995522
75980.000 -0.00116503 0.000988639 -0.00117168 0.000986849
76000.000 -0.00116574 0.000961595 -0.00117322 0.000953332
76020.000 -0.00115403 0.000960926 -0.00115903 0.000970812
76040.000 -0.00118037 0.000985178 -0.00118255 0.000972521
76060.000 -0.00118964 0.000980069 -0.00119206 0.000979867
76080.000 -0.00122683 0.000951231 -0.00122812 0.000958291
76100.000 -0.00122824 0.000942225 -0.00122056 0.000941869
76120.000 -0.00123269 0.00092729 -0.00122511 0.000938667
76140.000 -0.00123477 0.000933936 -0.00122974 0.000951368
76160.000 -0.001221 0.000947058 -0.00123202 0.000958036
76180.000 -0.00122438 0.000958918 -0.00122881 0.000959437
76200.000 -0.001208 0.000961919 -0.00121922 0.000966251
76220.000 -0.00122368 0.000973052 -0.0012248 0.000974896
76240.000 -0.00120812 0.000972409 -0.00121345 0.000985013
76260.000 -0.00120279 0.000985447 -0.00121459 0.000986437
76280.000 -0.0012039 0.000987568 -0.00121628 0.000994452
76300.000 -0.00119308 0.000996614 -0.00120112 0.00098268
76320.000 -0.00120268 0.00100243 -0.00121446 0.00101044
76340.000 -0.0012119 0.00101013 -0.0012136 0.00100998
76360.000 -0.00120907 0.00102871 -0.00120665 0.00101223
% Warning: sampling overrun detected
76380.000 -0.00119414 0.00102561 -0.00119675 0.00103799
% Warning: sampling overrun detected
76400.000 -0.00118691 0.00103425 -0.00120063 0.00103531
% Warning: sampling overrun detected
76420.000 -0.0011679 0.00104182 -0.00119377 0.00105672
% Warning: sampling overrun detected
76440.000 -0.00118803 0.00104906 -0.00120061 0.001048
% Warning: sampling overrun detected
76460.000 -0.00118715 0.00104595 -0.00119716 0.00105839
% Warning: sampling overrun detected
76480.000 -0.00119167 0.00105039 -0.00119799 0.00105782
% Warning: sampling overrun detected
76500.000 -0.00120779 0.00106149 -0.00121388 0.00106602
% Warning: sampling overrun detected
76520.000 -0.00122798 0.00108594 -0.00124473 0.00108812
% Warning: sampling overrun detected
76540.000 -0.00122766 0.00109781 -0.0012462 0.0010938
% Warning: sampling overrun detected
76560.000 -0.0012337 0.00110695 -0.00125185 0.00112411
% Warning: sampling overrun detected
76580.000 -0.0012505 0.0010867 -0.00126628 0.00108807
% Warning: sampling overrun detected
76600.000 -0.0012471 0.0010658 -0.00125072 0.00106875
% Warning: sampling overrun detected
76620.000 -0.00124325 0.00107609 -0.00125377 0.00107679
% Warning: sampling overrun detected
76640.000 -0.00126011 0.00103679 -0.00127332 0.00104549
76660.000 -0.0012568 0.00103904 -0.00126292 0.00104017
% Warning: sampling overrun detected
76680.000 -0.00126934 0.00102948 -0.00127597 0.00102955
% Warning: sampling overrun detected
76700.000 -0.00126458 0.00103192 -0.00126414 0.00103804
% Warning: sampling overrun detected
76720.000 -0.00124354 0.0010514 -0.00123828 0.00105197
% Warning: sampling overrun detected
76740.000 -0.00123284 0.00105687 -0.00122952 0.00107414
% Warning: sampling overrun detected
76760.000 -0.00120171 0.00108016 -0.00120513 0.00107316
% Warning: sampling overrun detected
76780.000 -0.00121034 0.00107802 -0.00120391 0.00107482
% Warning: sampling overrun detected
76800.000 -0.00118766 0.00107781 -0.00118658 0.00107934
% Warning: sampling overrun detected
76820.000 -0.00116025 0.00107376 -0.00116552 0.00108401
% Warning: sampling overrun detected
76840.000 -0.0011561 0.00109755 -0.00115794 0.00109211
% Warning: sampling overrun detected
76860.000 -0.00116364 0.00109686 -0.00116527 0.00109701
% Warning: sampling overrun detected
76880.000 -0.00116489 0.0011034 -0.00116671 0.00112364
% Warning: sampling overrun detected
76900.000 -0.00116633 0.00110122 -0.00117956 0.00111583
% Warning: sampling overrun detected
76920.000 -0.00117233 0.00110227 -0.00117735 0.00110635
% Warning: sampling overrun detected
76940.000 -0.00116741 0.00110926 -0.00117865 0.00111246
% Warning: sampling overrun detected
76960.000 -0.001156 0.00111638 -0.00118132 0.00112778
% Warning: sampling overrun detected
76980.000 -0.00117303 0.00111874 -0.00117692 0.00111732
77000.000 -0.00115059 0.00110209 -0.00115803 0.00111351
77020.000 -0.00113479 0.00111705 -0.00112525 0.00111877
77040.000 -0.0011486 0.00111678 -0.00116899 0.00112212
77060.000 -0.00115249 0.00108479 -0.00115628 0.00109774
77080.000 -0.00114211 0.00107705 -0.00115395 0.00108702
77100.000 -0.00113563 0.00109231 -0.00113551 0.0010959
77120.000 -0.00113492 0.00111258 -0.00115259 0.00112913
77140.000 -0.00119048 0.00109974 -0.00119033 0.00110022
77160.000 -0.00118687 0.00108096 -0.00119252 0.00107954
77180.000 -0.00118361 0.00105308 -0.00118232 0.00106802
77200.000 -0.00115253 0.00104625 -0.00116991 0.00106851
77220.000 -0.00112944 0.00107992 -0.00115242 0.00108423
77240.000 -0.00113751 0.00107316 -0.00114206 0.00108985
77260.000 -0.00113167 0.00107792 -0.00113816 0.00108512
77280.000 -0.00110989 0.00107711 -0.00112905 0.0011041
77300.000 -0.00112202 0.00107905 -0.0011244 0.00109151
77320.000 -0.00110161 0.00106821 -0.00112092 0.00107502
77340.000 -0.00108154 0.0010566 -0.00108881 0.00107667
77360.000 -0.00106627 0.00106986 -0.00107497 0.00108354
77380.000 -0.00108485 0.00105034 -0.00110598 0.00107938
77400.000 -0.00108364 0.00104124 -0.00109876 0.00105624
77420.000 -0.00109862 0.00104395 -0.00110593 0.00106614
77440.000 -0.00109774 0.00108206 -0.00110993 0.00108886
77460.000 -0.00113141 0.00107224 -0.0011404 0.00109055
77480.000 -0.00110568 0.00105105 -0.0011338 0.00105915
77500.000 -0.00110267 0.00105454 -0.00111196 0.0010709
77520.000 -0.00108561 0.00107177 -0.00110857 0.00109368
77540.000 -0.00107196 0.00106177 -0.00109842 0.00105962
77560.000 -0.0010772 0.00102586 -0.00108619 0.00105268
77580.000 -0.00105316 0.00100997 -0.00106118 0.00102543
77600.000 -0.0010628 0.000999556 -0.00107646 0.00101834
77620.000 -0.00105951 0.000989316 -0.00107546 0.00101675
77640.000 -0.00106652 0.000981502 -0.00108112 0.00100172
77660.000 -0.00108322 0.000977508 -0.00109404 0.000992876
77680.000 -0.00106813 0.000949315 -0.0010868 0.000963333
77700.000 -0.00101581 0.000947779 -0.00104018 0.000958972
77720.000 -0.000996973 0.000960566 -0.00101171 0.00097645
77740.000 -0.000963212 0.000959172 -0.000974873 0.000974843
77760.000 -0.000969675 0.000969866 -0.000991843 0.000982974
77780.000 -0.00096611 0.000965156 -0.000982459 0.000977297
77800.000 -0.000974177 0.000980002 -0.00100014 0.00099425
77820.000 -0.000948365 0.000949704 -0.000961277 0.000966633
77840.000 -0.000910548 0.000952352 -0.000917063 0.000970795
77860.000 -0.000924539 0.000978757 -0.000944567 0.000993802
77880.000 -0.000942663 0.00098222 -0.000944677 0.000984293
77900.000 -0.000935192 0.000976075 -0.000951693 0.000988443
77920.000 -0.000935992 0.000995436 -0.000940197 0.000998002
77940.000 -0.000932745 0.000975225 -0.000936041 0.000982039
77960.000 -0.000889283 0.000985657 -0.000909984 0.00100267
77980.000 -0.000887032 0.000963578 -0.000904218 0.000969004
78000.000 -0.000870502 0.000955958 -0.000878709 0.000977367
78020.000 -0.000847581 0.00094615 -0.000870206 0.000967053
78040.000 -0.000855057 0.000937734 -0.000869139 0.00096735
78060.000 -0.00086428 0.000935526 -0.00089039 0.000948623
78080.000 -0.000887495 0.000918625 -0.000903663 0.000939523
78100.000 -0.000876992 0.000900011 -0.000895307 0.000909962
78120.000 -0.000874226 0.000884612 -0.000870656 0.000907748
78140.000 -0.000858864 0.000871142 -0.000878078 0.000887312
78160.000 -0.000872363 0.000848459 -0.000884238 0.000874411
78180.000 -0.000873304 0.000846349 -0.000884451 0.000847062
78200.000 -0.00088233 0.00083749 -0.00089406 0.000861999
78220.000 -0.000869895 0.000834741 -0.000872871 0.000839546
78240.000 -0.000865884 0.000824266 -0.000872491 0.00085087
78260.000 -0.000851527 0.000833378 -0.000861048 0.000844254
78280.000 -0.000848296 0.000832606 -0.000867739 0.000858419
78300.000 -0.0008811 0.000845367 -0.000895969 0.00084513
78320.000 -0.000883983 0.000829498 -0.000910733 0.000857699
78340.000 -0.000870765 0.000822358 -0.000882091 0.000830242
78360.000 -0.000858175 0.000831977 -0.000867673 0.000852918
78380.000 -0.000849154 0.00087881 -0.000859276 0.000888377
78400.000 -0.000906684 0.000876604 -0.000909787 0.000883244
78420.000 -0.000892828 0.000887979 -0.000907108 0.000881936
78440.000 -0.000907128 0.000888757 -0.00091313 0.000899716
78460.000 -0.000905746 0.000916228 -0.000911622 0.00091607
78480.000 -0.000905703 0.000937308 -0.000916957 0.000942705
78500.000 -0.000911258 0.000958211 -0.000937446 0.000969204
78520.000 -0.00095567 0.000960003 -0.000976889 0.000958488
78540.000 -0.000957071 0.000957969 -0.000972996 0.000971441
78560.000 -0.00097457 0.00100652 -0.00100367 0.00101421
78580.000 -0.000999549 0.00102275 -0.00101207 0.00104045
78600.000 -0.000996919 0.00104335 -0.00101056 0.00105085
78620.000 -0.000995839 0.00104603 -0.00101903 0.00106114
78640.000 -0.000990405 0.00104691 -0.000999016 0.00106313
78660.000 -0.000959289 0.00103264 -0.000985441 0.00105145
78680.000 -0.000931714 0.000999919 -0.000948054 0.00102081
78700.000 -0.000923864 0.00101187 -0.000943762 0.00103812
78720.000 -0.000929815 0.00097312 -0.000953258 0.0010005
78740.000 -0.000911751 0.000954578 -0.000920212 0.000979217
78760.000 -0.00089012 0.00094644 -0.000915105 0.000987842
% Warning: sampling overrun detected
78780.000 -0.000869269 0.000950759 -0.000896893 0.00097757
78800.000 -0.000878479 0.000936934 -0.000902865 0.000971683
78820.000 -0.000913086 0.00093249 -0.000934006 0.000944821
78840.000 -0.000894188 0.000906322 -0.000904917 0.000937139
78860.000 -0.000898752 0.000910177 -0.000911434 0.000925353
78880.000 -0.000896233 0.000903151 -0.000918763 0.000917115
78900.000 -0.000881652 0.000893152 -0.000900958 0.000915925
78920.000 -0.000887823 0.000899721 -0.000896691 0.000913015
78940.000 -0.000888367 0.000889645 -0.000902142 0.000905184
78960.000 -0.00090863 0.000882695 -0.000913953 0.000900007
78980.000 -0.000920874 0.000839496 -0.000935174 0.000857356
79000.000 -0.000928053 0.000825997 -0.000944032 0.000846635
79020.000 -0.000955622 0.000819434 -0.000950098 0.000828779
79040.000 -0.000930646 0.000796769 -0.000925109 0.00080413
79060.000 -0.000924414 0.000780762 -0.000931342 0.000787093
79080.000 -0.000925128 0.00078981 -0.000934493 0.000798894
79100.000 -0.000923843 0.00078734 -0.000938531 0.000790872
79120.000 -0.000909848 0.00077034 -0.000907162 0.00078833
79140.000 -0.000889888 0.000810833 -0.000887891 0.000812431
79160.000 -0.000877157 0.0008343 -0.000899046 0.00084001
79180.000 -0.000889674 0.000852912 -0.000901724 0.00085718
79200.000 -0.000878476 0.000866816 -0.000890162 0.000878671
79220.000 -0.000866424 0.000880693 -0.000888681 0.000885625
79240.000 -0.000862486 0.000895045 -0.00088631 0.000907656
79260.000 -0.000884918 0.000912974 -0.000906384 0.000925581
79280.000 -0.000904266 0.000928338 -0.000932457 0.000921701
79300.000 -0.000935195 0.000907678 -0.000952778 0.000915646
79320.000 -0.000951664 0.000901795 -0.000962823 0.000916104
79340.000 -0.000964551 0.000904073 -0.000978439 0.000925369
79360.000 -0.000969081 0.000923608 -0.000971676 0.000929726
79380.000 -0.000968718 0.000953951 -0.000972246 0.000951819
79400.000 -0.000958342 0.00096529 -0.000981307 0.00097553
79420.000 -0.000944973 0.000994122 -0.000957893 0.00100402
79440.000 -0.000974947 0.0010105 -0.000970436 0.00100998
79460.000 -0.000998154 0.00100311 -0.00100525 0.00101101
79480.000 -0.0010318 0.000984443 -0.00104931 0.000998572
79500.000 -0.00101771 0.000998794 -0.00102552 0.00101231
79520.000 -0.00099807 0.00100999 -0.00101237 0.00103655
79540.000 -0.000971899 0.00100653 -0.00098949 0.0010307
79560.000 -0.000976284 0.00102789 -0.000991863 0.00105048
79580.000 -0.000976319 0.00101358 -0.000994995 0.00103226
79600.000 -0.00096973 0.000996948 -0.00099156 0.00100382
79620.000 -0.000969949 0.000971994 -0.000980539 0.00098997
79640.000 -0.000977948 0.000953752 -0.000991494 0.000979203
79660.000 -0.000988504 0.000943128 -0.00100093 0.000957214
79680.000 -0.000982509 0.000924719 -0.000994923 0.000940236
79700.000 -0.00098435 0.000888425 -0.000984361 0.000903839
79720.000 -0.000975132 0.000882798 -0.000995579 0.000901491
79740.000 -0.000964294 0.000906026 -0.000991069 0.000913601
79760.000 -0.00099562 0.000915246 -0.00101551 0.000928006
79780.000 -0.00100178 0.00091102 -0.00101392 0.000932908
79800.000 -0.00100387 0.000910549 -0.00101659 0.000940635
79820.000 -0.000979095 0.000935011 -0.00100017 0.000946642
79840.000 -0.000997992 0.000947053 -0.00101253 0.000954893
79860.000 -0.000978304 0.000961037 -0.00100771 0.000963599
79880.000 -0.000990078 0.000957469 -0.00100512 0.000976088
79900.000 -0.000961002 0.000964359 -0.000988004 0.000992508
79920.000 -0.000952312 0.000974887 -0.00097274 0.000981739
79940.000 -0.000922563 0.000994583 -0.000939135 0.00100143
79960.000 -0.000885184 0.00100558 -0.000903655 0.00103357
79980.000 -0.000858946 0.0010456 -0.000899558 0.00106579
80000.000 -0.000862229 0.00106206 -0.000890684 0.00108058
80020.000 -0.000872484 0.00108716 -0.000894206 0.00110914
80040.000 -0.000879236 0.00106987 -0.000901988 0.00110232
80060.000 -0.000905803 0.00107144 -0.000928471 0.00110262
80080.000 -0.000928428 0.0010719 -0.000934835 0.00109295
80100.000 -0.000935705 0.00104748 -0.000959125 0.00108333
80120.000 -0.000963079 0.00105506 -0.000987829 0.00108634
80140.000 -0.00100057 0.00107009 -0.00101854 0.00108899
80160.000 -0.00103395 0.00109583 -0.00105706 0.00111705
80180.000 -0.00104247 0.00109308 -0.00106207 0.00111812
80200.000 -0.00104833 0.00109819 -0.00105836 0.00109907
80220.000 -0.00105683 0.00106747 -0.00107638 0.00108264
80240.000 -0.00104683 0.00105165 -0.00106721 0.00107841
80260.000 -0.00106078 0.00106164 -0.00108405 0.00107347
80280.000 -0.00105878 0.00105747 -0.00106897 0.00106893
80300.000 -0.00106239 0.0010341 -0.00106857 0.00105305
80320.000 -0.00106801 0.00103959 -0.00107207 0.00106064
80340.000 -0.00106171 0.00105837 -0.0010645 0.00106667
80360.000 -0.0010379 0.00104083 -0.00105825 0.00105159
80380.000 -0.00101047 0.00103917 -0.00101409 0.00105692
80400.000 -0.000989028 0.00101993 -0.00101389 0.00102259
80420.000 -0.000989046 0.000989473 -0.00099801 0.00100138
80440.000 -0.000976591 0.000983155 -0.000985872 0.000990963
80460.000 -0.000969616 0.000965965 -0.00097582 0.000981868
80480.000 -0.000965594 0.000931561 -0.000967088 0.000949449
80500.000 -0.000946938 0.000928014 -0.000953847 0.000938661
80520.000 -0.000958014 0.000907827 -0.000968471 0.000922193
80540.000 -0.000959067 0.00089996 -0.000968416 0.000900201
80560.000 -0.000970124 0.000874629 -0.000967664 0.000888209
% Warning: sampling overrun detected
80580.000 -0.000975388 0.000861228 -0.000962214 0.000867792
80600.000 -0.00097086 0.000831345 -0.000969312 0.000841974
80620.000 -0.000974341 0.000846666 -0.000971011 0.000849043
% Warning: sampling overrun detected
80640.000 -0.000967287 0.000833917 -0.000969652 0.000838086
80660.000 -0.000969864 0.000823039 -0.000972346 0.000823035
80680.000 -0.000974394 0.000814951 -0.000988306 0.000811887
% Warning: sampling overrun detected
80700.000 -0.000979491 0.000798855 -0.000990397 0.000810056
80720.000 -0.000975133 0.000796392 -0.000972641 0.0008018
80740.000 -0.000982593 0.000795025 -0.000991163 0.000786335
% Warning: sampling overrun detected
80760.000 -0.000996552 0.000801624 -0.00100113 0.000813757
% Warning: sampling overrun detected
80780.000 -0.000993045 0.000812944 -0.000997007 0.000821161
% Warning: sampling overrun detected
80800.000 -0.000979574 0.000812106 -0.000982069 0.000811285
80820.000 -0.000978702 0.000814687 -0.000977938 0.0008039
80840.000 -0.000986483 0.000814724 -0.000965088 0.000807013
80860.000 -0.000966752 0.000823279 -0.00096542 0.000821521
% Warning: sampling overrun detected
80880.000 -0.000968236 0.000806323 -0.000975454 0.000814033
% Warning: sampling overrun detected
80900.000 -0.000963611 0.000799857 -0.000969831 0.000805977
% Warning: sampling overrun detected
80920.000 -0.000960696 0.000796408 -0.000959931 0.000784704
% Warning: sampling overrun detected
80940.000 -0.000977535 0.000759104 -0.000966355 0.000760268
80960.000 -0.000971265 0.000750033 -0.000957723 0.000759202
80980.000 -0.000975283 0.000765897 -0.000961681 0.000741464
% Warning: sampling overrun detected
81000.000 -0.000969 0.000741338 -0.000974048 0.000726949
81020.000 -0.000987724 0.000720928 -0.000972008 0.000711045
81040.000 -0.000999949 0.000726931 -0.000982297 0.000708173
% Warning: sampling overrun detected
81060.000 -0.00100957 0.00073407 -0.00100974 0.000704592
81080.000 -0.00101288 0.000722075 -0.000999156 0.000720575
81100.000 -0.00100838 0.000733809 -0.000998966 0.00072169
% Warning: sampling overrun detected
81120.000 -0.00102073 0.000732607 -0.00101688 0.000717371
% Warning: sampling overrun detected
81140.000 -0.00103108 0.000735041 -0.00102071 0.000734928
% Warning: sampling overrun detected
81160.000 -0.00102838 0.000758861 -0.00102897 0.000735027
81180.000 -0.00102994 0.000751333 -0.00102417 0.000759575
81200.000 -0.00102509 0.000769659 -0.0010323 0.000759674
81220.000 -0.00105535 0.000778716 -0.00104184 0.000775732
81240.000 -0.00104892 0.000782001 -0.0010506 0.000776943
81260.000 -0.0010444 0.000782076 -0.00104659 0.000768234
81280.000 -0.00102873 0.000781064 -0.00103222 0.000783454
81300.000 -0.0010252 0.000779059 -0.00102585 0.00076726
81320.000 -0.00100813 0.000769757 -0.00101618 0.00076787
81340.000 -0.00102135 0.000768155 -0.00101083 0.000769415
81360.000 -0.00100327 0.000783582 -0.00100347 0.000772747
81380.000 -0.00101483 0.000786961 -0.00100724 0.000789442
81400.000 -0.00100892 0.000811844 -0.00101942 0.000813674
81420.000 -0.00101557 0.000824011 -0.00101581 0.000816356
81440.000 -0.00100926 0.000840918 -0.00101136 0.000823141
81460.000 -0.00100435 0.000834204 -0.00100459 0.000832358
81480.000 -0.000979822 0.00085111 -0.000997366 0.000851835
81500.000 -0.000973496 0.000854073 -0.000979763 0.000861067
81520.000 -0.000969168 0.000865794 -0.000957279 0.000878023
81540.000 -0.000937302 0.000846652 -0.000941126 0.000837205
81560.000 -0.000921824 0.000853353 -0.000925408 0.000857672
81580.000 -0.000923103 0.000851786 -0.000928993 0.000863254
81600.000 -0.000902877 0.00086076 -0.00091306 0.00086452
81620.000 -0.000905953 0.000862963 -0.000906144 0.000868736
81640.000 -0.000912449 0.000863831 -0.000906491 0.000866434
81660.000 -0.000914263 0.000880162 -0.000907529 0.000873762
81680.000 -0.000912988 0.000879105 -0.000908741 0.000888205
81700.000 -0.000906593 0.000888596 -0.000913395 0.000882501
81720.000 -0.00089692 0.000893484 -0.000898981 0.000892765
81740.000 -0.000890628 0.000914517 -0.000901986 0.000920488
81760.000 -0.00089784 0.000939539 -0.000913847 0.000931807
% Warning: sampling overrun detected
81780.000 -0.00090226 0.000911108 -0.000908511 0.00090845
81800.000 -0.000915694 0.000911325 -0.000919357 0.000912979
81820.000 -0.000920299 0.000889336 -0.000930121 0.000904921
81840.000 -0.00091611 0.000893897 -0.00091527 0.000903583
81860.000 -0.000905364 0.000880962 -0.000911103 0.000889942
81880.000 -0.000885532 0.000897853 -0.000887339 0.000893219
81900.000 -0.000895845 0.000906059 -0.000900869 0.000910405
81920.000 -0.000897841 0.000912701 -0.000908038 0.000914535
81940.000 -0.000911928 0.000908626 -0.000905305 0.000907852
81960.000 -0.00090822 0.000910471 -0.000901444 0.00090556
81980.000 -0.000889274 0.000926076 -0.000910963 0.000924281
82000.000 -0.000891188 0.00095231 -0.000898391 0.000938872
82020.000 -0.000914342 0.000955886 -0.000902338 0.000944436
82040.000 -0.000907598 0.000951784 -0.000913731 0.00094956
82060.000 -0.000895626 0.000964908 -0.000887698 0.000960522
82080.000 -0.000893359 0.00097156 -0.000892137 0.000976675
82100.000 -0.000880002 0.000985191 -0.000898966 0.000994828
82120.000 -0.000879948 0.00100398 -0.000892851 0.00101405
82140.000 -0.000871342 0.00101003 -0.000874792 0.00101528
82160.000 -0.000869003 0.00100231 -0.000870891 0.00102356
82180.000 -0.000850769 0.000990938 -0.000852235 0.000985
82200.000 -0.000829979 0.000958427 -0.000834198 0.000958783
82220.000 -0.000846239 0.000944416 -0.000844588 0.000934513
82240.000 -0.000831354 0.000925495 -0.00085331 0.000948684
82260.000 -0.000816397 0.000937928 -0.000827516 0.000946203
82280.000 -0.000807198 0.000946966 -0.000822586 0.000956022
82300.000 -0.000819148 0.000938575 -0.000821811 0.00093316
82320.000 -0.000840569 0.000934728 -0.000827896 0.000937074
82340.000 -0.000828031 0.000946852 -0.000835521 0.000933704
82360.000 -0.000836298 0.000927701 -0.000825311 0.00093862
82380.000 -0.000839274 0.000931461 -0.000825848 0.000932628
82400.000 -0.000821588 0.000918697 -0.000817456 0.000942131
82420.000 -0.000803579 0.000935354 -0.000825607 0.000939668
82440.000 -0.000793929 0.000932058 -0.000814476 0.000947224
82460.000 -0.000774497 0.000944739 -0.000789761 0.000939163
82480.000 -0.000745226 0.000962773 -0.000763388 0.000957838
82500.000 -0.000731803 0.000917454 -0.000732227 0.000943757
82520.000 -0.000704923 0.000924725 -0.000709214 0.000942536
82540.000 -0.00069561 0.000910795 -0.000709396 0.000933356
82560.000 -0.000700438 0.000922961 -0.000717964 0.000925305
82580.000 -0.000715616 0.000924454 -0.000713665 0.000936367
82600.000 -0.000710524 0.000929576 -0.000717408 0.000944956
82620.000 -0.000721978 0.000904599 -0.000715463 0.000920493
82640.000 -0.000697598 0.000901079 -0.000721555 0.00090671
82660.000 -0.000707629 0.000906173 -0.000712461 0.000917707
82680.000 -0.000714568 0.000897979 -0.000713186 0.000920608
82700.000 -0.000728327 0.000910195 -0.000739643 0.000924151
82720.000 -0.000747481 0.000920748 -0.000766036 0.000921592
82740.000 -0.000767017 0.000919172 -0.000776406 0.000929209
82760.000 -0.000784053 0.000911847 -0.000804087 0.000914824
82780.000 -0.000811555 0.000914315 -0.000816078 0.000920838
82800.000 -0.000804505 0.000908582 -0.000809402 0.000899907
82820.000 -0.000812058 0.000912347 -0.000804783 0.000909645
82840.000 -0.000803345 0.000912719 -0.000798488 0.000910899
82860.000 -0.000806067 0.000905023 -0.000807573 0.000914971
82880.000 -0.000794838 0.000911697 -0.000795781 0.000909453
82900.000 -0.000787738 0.000925983 -0.000786613 0.000916661
82920.000 -0.000773374 0.00094636 -0.000780874 0.000942927
82940.000 -0.000756366 0.000939121 -0.000755209 0.000941908
82960.000 -0.000732629 0.00095889 -0.000737101 0.000962135
82980.000 -0.000706824 0.000954471 -0.000713044 0.000966915
83000.000 -0.000678372 0.000975308 -0.000676746 0.000981586
83020.000 -0.000676851 0.000971526 -0.000694226 0.000990514
83040.000 -0.000669719 0.000992411 -0.000677664 0.00100113
83060.000 -0.00069596 0.000986583 -0.000702127 0.00100464
83080.000 -0.00070044 0.00100207 -0.000697522 0.0010105
83100.000 -0.000697596 0.00100576 -0.000699844 0.00102687
83120.000 -0.000698132 0.0010099 -0.000712024 0.00101918
83140.000 -0.000698605 0.00103798 -0.000698949 0.00104767
83160.000 -0.000699337 0.00104949 -0.000701337 0.00105607
83180.000 -0.000707008 0.00106879 -0.000718591 0.00106301
83200.000 -0.000727345 0.00105295 -0.000728256 0.00106669
83220.000 -0.000709246 0.00108206 -0.000716885 0.00108851
83240.000 -0.000721793 0.00108578 -0.00072788 0.00110265
83260.000 -0.000716779 0.00110114 -0.000727996 0.00110585
83280.000 -0.000696418 0.00109689 -0.000701274 0.00111048
83300.000 -0.000672017 0.00110458 -0.000677841 0.00112957
83320.000 -0.000661155 0.00110796 -0.00067241 0.00111998
83340.000 -0.000653731 0.00110307 -0.000664778 0.0011142
83360.000 -0.000641558 0.0011156 -0.000642796 0.00112372
83380.000 -0.000634214 0.00111965 -0.000642501 0.00112102
83400.000 -0.0006518 0.00110432 -0.000656553 0.00112353
83420.000 -0.000644474 0.00108692 -0.000648875 0.00110505
83440.000 -0.000619897 0.00108819 -0.000637636 0.00109968
83460.000 -0.000636662 0.00107123 -0.000652005 0.00110864
83480.000 -0.000640747 0.0010874 -0.00065142 0.00109811
83500.000 -0.000624428 0.00105216 -0.000651875 0.0010636
83520.000 -0.000626106 0.00100914 -0.000644306 0.00103484
83540.000 -0.000629215 0.00101219 -0.000638167 0.00101573
83560.000 -0.000643866 0.00099002 -0.000638331 0.00101991
% Warning: sampling overrun detected
83580.000 -0.000636226 0.00099166 -0.000648136 0.000993814
83600.000 -0.000635736 0.00098432 -0.00063664 0.00100352
83620.000 -0.000624597 0.00100498 -0.00063752 0.00101609
83640.000 -0.000627635 0.000983317 -0.000648648 0.0010005
83660.000 -0.000628603 0.000960847 -0.000630221 0.000965971
83680.000 -0.000621944 0.000948935 -0.000618401 0.000961917
83700.000 -0.000611772 0.000942612 -0.000615841 0.000947805
83720.000 -0.000608505 0.00093206 -0.000609769 0.000939083
83740.000 -0.000592566 0.000925776 -0.000608352 0.000934513
83760.000 -0.000598623 0.000924607 -0.000606593 0.000939553
83780.000 -0.000611539 0.000937446 -0.000620717 0.000948062
83800.000 -0.000618153 0.000923173 -0.000622213 0.00093302
83820.000 -0.000646038 0.0009166 -0.000642886 0.000926094
83840.000 -0.000653344 0.000907523 -0.000646845 0.000906188
83860.000 -0.00067142 0.000899067 -0.000664423 0.000899759
83880.000 -0.000666351 0.000888257 -0.000672146 0.000897588
83900.000 -0.000670136 0.000889828 -0.000680396 0.000903221
83920.000 -0.000703675 0.000912605 -0.000705421 0.000914645
83940.000 -0.000729068 0.000907287 -0.000737133 0.000903641
83960.000 -0.000741592 0.00090124 -0.000748291 0.000904197
83980.000 -0.000749347 0.000919953 -0.000758504 0.000919001
84000.000 -0.000773851 0.000933552 -0.000765139 0.000909759
84020.000 -0.000744578 0.000925206 -0.000750201 0.000920247
84040.000 -0.000742221 0.000906275 -0.000742638 0.000923856
84060.000 -0.000725945 0.000897155 -0.000720553 0.0009159
84080.000 -0.000705027 0.000883874 -0.00071731 0.000895378
84100.000 -0.000707202 0.000872548 -0.000713357 0.000877827
84120.000 -0.000721665 0.000863374 -0.000727591 0.000871756
84140.000 -0.00074246 0.000866315 -0.000751496 0.000874042
84160.000 -0.000740358 0.000861353 -0.000750465 0.000861582
84180.000 -0.000753565 0.00085762 -0.000753969 0.000853219
84200.000 -0.000772169 0.000847044 -0.000770219 0.000838056
84220.000 -0.000765731 0.00083576 -0.00076819 0.000849678
84240.000 -0.000771205 0.00084519 -0.000759162 0.000853274
84260.000 -0.000764894 0.00086905 -0.000764587 0.000854658
84280.000 -0.000763814 0.000871068 -0.000775831 0.000870632
84300.000 -0.00077263 0.0008605 -0.000777292 0.000875061
% Warning: sampling overrun detected
84320.000 -0.000772437 0.000872015 -0.000778557 0.000871599
84340.000 -0.000768324 0.00085164 -0.000787492 0.000863968
84360.000 -0.000782926 0.000858294 -0.000787065 0.000878231
84380.000 -0.000788216 0.000870458 -0.000788616 0.000889155
84400.000 -0.000778276 0.000878627 -0.000802527 0.00089351
84420.000 -0.000787373 0.000882473 -0.000788242 0.000890629
84440.000 -0.000797227 0.000891789 -0.000804249 0.000890873
84460.000 -0.00079959 0.000872859 -0.000785405 0.000869391
84480.000 -0.00079688 0.000856611 -0.000803971 0.000848573
84500.000 -0.000796417 0.000826004 -0.000802921 0.000829925
84520.000 -0.000798825 0.000800335 -0.000803263 0.00081347
84540.000 -0.000807675 0.000808713 -0.000815923 0.000813102
84560.000 -0.000808777 0.000805968 -0.000823767 0.000822249
84580.000 -0.000809533 0.000806058 -0.000823499 0.000821215
84600.000 -0.000798412 0.000806642 -0.000808049 0.000807645
% Warning: sampling overrun detected
84620.000 -0.000804731 0.000798044 -0.000819842 0.000807688
% Warning: sampling overrun detected
84640.000 -0.000818428 0.000800519 -0.000814331 0.00080903
84660.000 -0.000813123 0.000816911 -0.000822045 0.000815011
84680.000 -0.000801944 0.000797922 -0.000824023 0.000801981
84700.000 -0.000804089 0.000811373 -0.000810078 0.00082863
84720.000 -0.000796193 0.000830686 -0.000803693 0.00083912
84740.000 -0.000804624 0.000844743 -0.00080454 0.000835181
84760.000 -0.000798462 0.000845497 -0.000788345 0.00085346
84780.000 -0.000787725 0.000859602 -0.000796817 0.000881968
84800.000 -0.000781728 0.000888987 -0.000796406 0.000899375
84820.000 -0.000775387 0.000894018 -0.000800428 0.000906095
84840.000 -0.000757194 0.000910516 -0.000764211 0.00089971
84860.000 -0.000753844 0.000901154 -0.000750059 0.000910429
84880.000 -0.000729054 0.000888772 -0.000732969 0.000911828
84900.000 -0.000707819 0.000888826 -0.000722291 0.000900059
84920.000 -0.000710872 0.00086268 -0.000713346 0.0008818
84940.000 -0.000707237 0.000845017 -0.000717207 0.000861263
84960.000 -0.000701302 0.000841882 -0.000718852 0.000849987
84980.000 -0.000710449 0.000834468 -0.00071902 0.000845348
85000.000 -0.000708497 0.000824188 -0.000708791 0.000835082
85020.000 -0.000703602 0.000809781 -0.000718491 0.000831433
85040.000 -0.000714772 0.000807667 -0.00071639 0.000811892
85060.000 -0.000714209 0.000799404 -0.000724167 0.000816117
85080.000 -0.00069277 0.000794638 -0.000705958 0.000796612
85100.000 -0.000691069 0.000786612 -0.000696379 0.000805309
85120.000 -0.000699413 0.0008118 -0.000702264 0.00082663
85140.000 -0.000692124 0.00081059 -0.000713931 0.000811146
85160.000 -0.000717936 0.000807833 -0.00071147 0.000813377
85180.000 -0.000696939 0.000812665 -0.000710358 0.000809054
85200.000 -0.000703002 0.000797509 -0.000709905 0.000816978
85220.000 -0.000685516 0.000809876 -0.000694047 0.00081392
85240.000 -0.000671363 0.000792471 -0.000675578 0.000801174
85260.000 -0.000661791 0.000788677 -0.00066833 0.000791946
85280.000 -0.000667603 0.000767056 -0.00067195 0.000789
85300.000 -0.00067202 0.000751735 -0.000683012 0.000773269
85320.000 -0.000674606 0.000752153 -0.000697415 0.00077034
85340.000 -0.00067745 0.000756248 -0.000692087 0.000768074
85360.000 -0.000683988 0.000747539 -0.000695041 0.000765494
85380.000 -0.000664023 0.000737541 -0.000685758 0.000759597
85400.000 -0.000663803 0.000760019 -0.000686311 0.000769287
85420.000 -0.000667737 0.000751037 -0.00066811 0.000761975
85440.000 -0.000665135 0.000746125 -0.000675916 0.000765016
85460.000 -0.000658821 0.000742606 -0.000669282 0.000755868
85480.000 -0.000644703 0.000725868 -0.000653617 0.000747732
85500.000 -0.000623692 0.000736755 -0.000648918 0.000754138
85520.000 -0.000628846 0.000725978 -0.000645073 0.000743023
85540.000 -0.000616303 0.000727641 -0.000634477 0.000752464
85560.000 -0.000610764 0.000729255 -0.00062339 0.000738114
85580.000 -0.000609824 0.000716827 -0.000613448 0.000735196
85600.000 -0.00060851 0.000700677 -0.000621365 0.000721944
85620.000 -0.000599127 0.000692524 -0.000602708 0.000709683
85640.000 -0.000607471 0.00069488 -0.00060793 0.000688158
85660.000 -0.000626138 0.000681058 -0.000617818 0.000687909
85680.000 -0.000630344 0.000679406 -0.000633173 0.000679861
85700.000 -0.00064068 0.000667361 -0.000651951 0.000678286
85720.000 -0.000655603 0.000677871 -0.00067161 0.000685997
85740.000 -0.000672766 0.000672732 -0.000671212 0.000676413
85760.000 -0.000677603 0.000664328 -0.000689581 0.000670507
85780.000 -0.000667153 0.000664105 -0.000684766 0.000678533
85800.000 -0.00065717 0.000664624 -0.0006837 0.000679524
85820.000 -0.000658477 0.000664617 -0.00066205 0.0006721
85840.000 -0.000658692 0.000671343 -0.000665389 0.000686757
85860.000 -0.000653577 0.000695793 -0.000658487 0.000700662
85880.000 -0.00064146 0.000707932 -0.00066143 0.000727038
85900.000 -0.000631504 0.000734974 -0.000639258 0.000743566
85920.000 -0.0006207 0.000755398 -0.000652768 0.000780194
85940.000 -0.000594632 0.000774008 -0.00061836 0.000777036
85960.000 -0.000569487 0.000776415 -0.000579923 0.000789717
85980.000 -0.00053606 0.000761678 -0.000547095 0.000786182
86000.000 -0.000483334 0.000738052 -0.000514079 0.00076705
86020.000 -0.00048078 0.000721897 -0.000502686 0.000745617
86040.000 -0.000466474 0.000701429 -0.000485197 0.000736416
86060.000 -0.000460639 0.000674556 -0.000487871 0.000714638
86080.000 -0.000458955 0.000692856 -0.000478006 0.000716284
86100.000 -0.000434011 0.000672359 -0.000426798 0.000719204
86120.000 -0.000403101 0.000697534 -0.000419668 0.000722556
86140.000 -0.000384434 0.000679294 -0.00042046 0.000712067
86160.000 -0.000383267 0.000689277 -0.00038091 0.00072132
86180.000 -0.000365858 0.000705604 -0.000395588 0.000716592
86200.000 -0.000370332 0.000707194 -0.000379661 0.000717441
86220.000 -0.000363463 0.000711474 -0.000373508 0.000737645
86240.000 -0.000363841 0.000714374 -0.000377822 0.000755217
86260.000 -0.000360388 0.000710365 -0.000371272 0.00074564
86280.000 -0.000361743 0.000719001 -0.000381666 0.00076715
86300.000 -0.000363368 0.000723082 -0.00037089 0.000764774
86320.000 -0.000354142 0.000718187 -0.000381392 0.000744165
86340.000 -0.000368 0.000688559 -0.000380018 0.000718263
86360.000 -0.000379338 0.000664168 -0.000397251 0.000685529
86380.000 -0.000418285 0.000638913 -0.000417607 0.000664769
