% UltraMSK: version 1.0 beta 16
% Site: localhost.localdomain
% Date: 2015-01-22
% Frequency: 24000.000000 Hz
% Baud Rate: 200 Hz
% VLF Channel: 3
% PPS Channel: 4
% Jack Server: default
% Output Format: Cartesian
% End
68560.000 0.000241484 -0.00022068 0.00025432 -0.000209102
68580.000 0.000315849 -0.000124621 0.000314234 -4.69768e-05
68600.000 0.000319913 -7.30139e-05 0.000342117 -3.85323e-05
68620.000 0.000314196 3.07659e-05 0.000326153 6.48311e-05
68640.000 0.000317919 -8.96346e-05 0.000315837 -5.61746e-05
68660.000 0.000326708 -6.90809e-05 0.000324556 -4.23681e-05
68680.000 0.000320902 -3.72565e-05 0.000330901 -8.11205e-06
68700.000 0.000309596 -0.00010632 0.000329218 -5.70099e-05
68720.000 0.000306194 -9.74977e-05 0.000332933 -6.88741e-05
68740.000 0.000301514 -7.87813e-05 0.000332235 -4.98467e-05
68760.000 0.000294929 -0.000138474 0.000292446 -0.000109897
68780.000 0.000305811 -0.000142689 0.000292815 -0.000124367
68800.000 0.000300415 -0.000145897 0.000316156 -0.000126523
68820.000 0.000321215 -0.000117915 0.00031662 -9.86919e-05
68840.000 0.000299953 -0.000145396 0.000319041 -0.000127405
68860.000 0.00027726 -0.000166856 0.000285279 -0.00014889
68880.000 0.000264869 -0.000183475 0.000275962 -0.00017827
68900.000 0.000251049 -0.000205849 0.000241581 -0.000181872
68920.000 0.00031138 -9.63555e-05 0.000321772 -9.14323e-05
68940.000 0.00030638 -0.00013746 0.000298176 -0.000129742
68960.000 0.000261836 -0.000214004 0.000257291 -0.000207635
68980.000 0.000276798 -0.000151522 0.000295406 -0.000135655
69000.000 0.00032047 -7.88027e-05 0.000327357 -8.78645e-05
69020.000 0.00031199 -0.000135078 0.000317736 -0.000118394
69040.000 0.000284486 -0.000186464 0.000281249 -0.000174317
69060.000 0.000237849 -0.000234771 0.000251827 -0.00021182
69080.000 0.000280199 -0.000173456 0.000289574 -0.000172535
69100.000 0.000292833 -0.000163787 0.000301785 -0.000160739
69120.000 0.000265269 -0.000198684 0.000283661 -0.000193838
69140.000 0.000275626 -0.0001865 0.000285212 -0.000180616
69160.000 0.000264994 -0.000195111 0.00026414 -0.000191884
69180.000 0.000254619 -0.000208169 0.000253168 -0.000205383
69200.000 0.000208319 -0.000257205 0.000222113 -0.000259095
% Warning: sampling overrun detected
69220.000 0.000159577 -0.000299808 0.000156232 -0.000303199
69240.000 0.000228355 -0.000268108 0.000226313 -0.000236086
69260.000 0.000289471 -0.00018786 0.000263975 -0.000183841
69280.000 0.000232562 -0.000244724 0.0002374 -0.000233336
69300.000 0.000245266 -0.000213141 0.000258304 -0.000211616
69320.000 0.000248989 -0.000234895 0.000242697 -0.000239706
69340.000 0.000290272 -0.000168042 0.000290885 -0.000147402
69360.000 0.000253181 -0.000227313 0.000271879 -0.000220638
69380.000 0.000280528 -0.000188949 0.000280763 -0.000191373
69400.000 0.000272128 -0.000204227 0.000281778 -0.000215724
69420.000 0.000276611 -0.000195381 0.000290627 -0.000199947
69440.000 0.000268912 -0.000228965 0.000264432 -0.000213837
69460.000 0.000295273 -0.000221818 0.000303675 -0.000228654
69480.000 0.000264538 -0.000238317 0.0002537 -0.000249279
69500.000 0.00027279 -0.000254208 0.000278371 -0.000255197
69520.000 0.000303867 -0.000200069 0.00029208 -0.000223706
69540.000 0.000292105 -0.000234377 0.000295427 -0.000210619
69560.000 0.000187543 -0.00033819 0.000191193 -0.000325607
69580.000 0.000281169 -0.000272985 0.000290932 -0.000250995
69600.000 0.000252755 -0.000311886 0.000232213 -0.000306417
69620.000 0.000279296 -0.000277103 0.000290969 -0.000278418
69640.000 0.000299493 -0.000245326 0.000302093 -0.000251988
69660.000 0.000254847 -0.000289108 0.000257225 -0.000272014
69680.000 0.000268547 -0.000271897 0.000263305 -0.000272037
69700.000 0.000255902 -0.000256767 0.000259752 -0.000264928
69720.000 0.000208509 -0.000311077 0.00020447 -0.000320045
69740.000 0.000221901 -0.000284883 0.000209724 -0.000292887
69760.000 0.000214981 -0.000277855 0.00021582 -0.000298163
69780.000 0.000154195 -0.000323636 0.000160677 -0.000320391
69800.000 0.000183574 -0.000317558 0.000173347 -0.000301674
69820.000 0.000261778 -0.000238132 0.000257022 -0.000216492
69840.000 0.000282283 -0.000219434 0.000285616 -0.000223624
69860.000 0.000280369 -0.000208647 0.000275084 -0.000221982
69880.000 0.000222004 -0.000279941 0.00021108 -0.000273331
69900.000 0.000189804 -0.000286369 0.000198004 -0.000285545
69920.000 0.000250578 -0.000228829 0.000251107 -0.000219777
69940.000 0.000208695 -0.000238881 0.000211427 -0.000243069
69960.000 0.000177049 -0.000288273 0.000175604 -0.000287581
69980.000 0.000219097 -0.000264571 0.000231062 -0.000264934
70000.000 0.000220613 -0.000261309 0.000222676 -0.000257707
70020.000 0.00022361 -0.000241867 0.000217737 -0.000241377
70040.000 0.000247271 -0.000232417 0.0002461 -0.00023082
70060.000 0.000219142 -0.000270291 0.000220346 -0.000247208
70080.000 0.000176974 -0.000286023 0.000182308 -0.000300052
70100.000 0.000139066 -0.000309717 0.000155726 -0.000310404
70120.000 0.000237895 -0.000237956 0.000225931 -0.000255424
70140.000 0.000217756 -0.000263443 0.000208902 -0.00025654
70160.000 0.000209077 -0.000264428 0.000214744 -0.000255956
70180.000 0.00016595 -0.000297231 0.000149535 -0.000286043
70200.000 0.000105848 -0.000313472 0.000115494 -0.000313408
70220.000 0.000157872 -0.000298727 0.000158664 -0.000287603
70240.000 0.000193017 -0.000271778 0.000215523 -0.000259303
70260.000 0.000213246 -0.000255702 0.000207607 -0.000255162
70280.000 0.000193508 -0.000271045 0.000199955 -0.000270593
70300.000 0.000222152 -0.00024154 0.000213592 -0.000247084
70320.000 0.000227569 -0.000246206 0.000222018 -0.00025154
70340.000 0.000150461 -0.000292439 0.000156044 -0.000296394
70360.000 0.00017333 -0.000276325 0.000170052 -0.000272924
70380.000 0.000214829 -0.000249345 0.000214926 -0.000253721
70400.000 0.000178457 -0.000286897 0.000184237 -0.00028389
70420.000 0.000204281 -0.000267303 0.000206258 -0.000268836
70440.000 0.000165171 -0.000284414 0.000171835 -0.000293831
70460.000 0.000196943 -0.000277398 0.000191913 -0.000274994
70480.000 0.000144478 -0.000314682 0.000145082 -0.000302757
70500.000 0.000140109 -0.000316114 0.000132651 -0.000310687
70520.000 0.000177816 -0.000272652 0.000174846 -0.00028644
70540.000 0.000236127 -0.000239053 0.00025209 -0.000234409
70560.000 0.000195709 -0.00028118 0.000190534 -0.00027321
70580.000 0.000189939 -0.000272586 0.000185974 -0.000269798
70600.000 0.000194217 -0.000267996 0.000205011 -0.000282299
70620.000 0.000230252 -0.000250616 0.000221736 -0.000245239
70640.000 0.000200331 -0.000273256 0.000207251 -0.000262443
70660.000 0.000199838 -0.000261334 0.000219167 -0.000259412
70680.000 0.000202849 -0.000262106 0.000228782 -0.000246958
70700.000 0.00020105 -0.000280963 0.00017856 -0.000281585
70720.000 0.000177384 -0.000292332 0.000162814 -0.00030022
70740.000 0.000149395 -0.000300692 0.00013234 -0.000318272
70760.000 0.000142957 -0.000306434 0.000136461 -0.00030197
70780.000 0.000152389 -0.000303104 0.000145227 -0.000295447
70800.000 0.000182974 -0.000285172 0.000171974 -0.000295338
70820.000 0.000106193 -0.000323609 0.000112837 -0.000312865
70840.000 0.000168474 -0.000290283 0.00015863 -0.000298368
70860.000 0.000129067 -0.000313849 0.000137405 -0.000308551
70880.000 0.000147955 -0.000311875 0.00015757 -0.000304682
70900.000 0.000143692 -0.000312179 0.000140904 -0.000305932
70920.000 0.000153396 -0.000321563 0.000143974 -0.000301786
70940.000 0.000151519 -0.000303261 0.000149935 -0.000307702
70960.000 0.000197911 -0.000280332 0.000206645 -0.00028563
% Warning: sampling overrun detected
70980.000 0.000141743 -0.000311102 0.000148983 -0.000319505
71000.000 0.000129261 -0.000322512 0.000115942 -0.000340071
71020.000 0.000151202 -0.000312918 0.000160639 -0.000310388
71040.000 0.000163492 -0.000315242 0.000153529 -0.000301734
71060.000 0.000175581 -0.00029337 0.000163324 -0.000297357
71080.000 0.000115762 -0.000315513 0.000131248 -0.000320256
71100.000 0.000102476 -0.000339502 0.000108697 -0.000320842
71120.000 0.000143556 -0.000322498 0.00014147 -0.000317103
71140.000 0.000106546 -0.000332745 0.000110388 -0.000336659
71160.000 0.000128321 -0.000340826 9.44663e-05 -0.00033311
71180.000 0.000112852 -0.000316616 0.000117959 -0.000321329
71200.000 4.64045e-05 -0.000349973 5.78388e-05 -0.000326992
71220.000 0.000116546 -0.000335021 0.000105668 -0.000324698
71240.000 0.000119317 -0.000321306 0.000136231 -0.000339071
71260.000 0.000130095 -0.000334535 0.00013013 -0.000320727
71280.000 0.000134502 -0.0003381 0.000120254 -0.000324934
71300.000 0.000153426 -0.000318026 0.000149342 -0.000319298
71320.000 0.000125377 -0.000350478 0.000133937 -0.000319137
71340.000 0.000151927 -0.000320363 0.000152388 -0.00031465
71360.000 0.000166554 -0.000314909 0.000161937 -0.00032232
71380.000 0.000146207 -0.000332376 0.000151176 -0.000326106
71400.000 0.00012563 -0.000333899 0.000139451 -0.000336302
71420.000 0.000138699 -0.000327434 0.000123072 -0.000322817
71440.000 8.23831e-05 -0.0003441 8.44611e-05 -0.00032292
71460.000 8.3362e-05 -0.000345852 8.32145e-05 -0.000329731
71480.000 8.92471e-05 -0.000338727 7.89063e-05 -0.000338354
71500.000 6.61325e-05 -0.000339022 7.65253e-05 -0.000347626
71520.000 0.000109713 -0.000338621 0.000103556 -0.000324474
71540.000 0.00013844 -0.000307672 0.000120461 -0.000303988
71560.000 0.000140218 -0.000314168 0.000141464 -0.000322439
% Warning: sampling overrun detected
71580.000 9.77062e-05 -0.000336879 0.000101835 -0.000342721
71600.000 0.000133003 -0.000323177 0.000137782 -0.000330588
71620.000 8.54121e-05 -0.000335262 7.30787e-05 -0.000325256
71640.000 0.000123983 -0.000337261 0.000127588 -0.00032475
71660.000 0.000122617 -0.00033901 0.00011792 -0.000341757
71680.000 0.000123574 -0.000340939 0.000115319 -0.000324229
71700.000 5.78887e-05 -0.000347727 5.69418e-05 -0.00035184
71720.000 8.61251e-05 -0.000332063 9.20346e-05 -0.000329116
71740.000 0.000128895 -0.000332229 0.000135836 -0.000310693
71760.000 0.000152 -0.000317095 0.0001665 -0.000328729
71780.000 0.000161645 -0.000317683 0.000187132 -0.000313197
71800.000 0.000169601 -0.000321525 0.000181341 -0.00031778
71820.000 0.000169551 -0.00030901 0.000159299 -0.000316249
71840.000 0.000191355 -0.000336777 0.000160865 -0.000329026
71860.000 0.000144807 -0.000333032 0.000149657 -0.000352589
71880.000 0.000183398 -0.000306483 0.000177872 -0.000319173
71900.000 0.000116573 -0.000330065 0.000104284 -0.00034901
71920.000 0.000119898 -0.000341886 0.000127029 -0.000328436
71940.000 8.93406e-05 -0.00035137 0.0001016 -0.000340739
71960.000 5.18258e-05 -0.000360737 5.62457e-05 -0.000344862
71980.000 0.000118795 -0.000345821 0.000130084 -0.000333137
72000.000 0.000112618 -0.000357366 0.000118447 -0.000351998
72020.000 0.000111245 -0.000345284 0.000103952 -0.000342124
72040.000 9.423e-05 -0.000367825 0.000103614 -0.000349325
72060.000 9.6209e-05 -0.000355759 7.83233e-05 -0.00035767
72080.000 6.36245e-05 -0.000350432 7.15216e-05 -0.000360903
72100.000 9.87895e-05 -0.000361059 8.73018e-05 -0.000365327
72120.000 7.15087e-05 -0.000374039 7.56034e-05 -0.000366987
72140.000 9.64024e-05 -0.000341291 9.21743e-05 -0.000364053
72160.000 6.06409e-05 -0.000356974 6.78099e-05 -0.000369111
72180.000 0.000120007 -0.000385643 0.000110733 -0.000358387
72200.000 0.000163452 -0.000327433 0.000172105 -0.00031554
72220.000 0.000133999 -0.000353704 0.00013951 -0.000352462
72240.000 0.000114321 -0.000362139 0.000100878 -0.000350592
72260.000 9.91974e-05 -0.00036945 8.17689e-05 -0.000367292
72280.000 0.000151646 -0.000355739 0.000151363 -0.000337108
72300.000 0.000100205 -0.000361057 9.44454e-05 -0.000350431
72320.000 0.000111916 -0.00034761 0.000108563 -0.000354418
72340.000 0.000138465 -0.000345711 0.000127038 -0.000346335
72360.000 4.88924e-05 -0.000371185 4.69176e-05 -0.000370538
72380.000 0.000101306 -0.000365192 0.0001065 -0.000358143
72400.000 9.95194e-05 -0.000350936 0.000112046 -0.0003713
72420.000 8.45677e-05 -0.000369058 9.49162e-05 -0.000355929
72440.000 5.50102e-05 -0.000357458 6.22119e-05 -0.000367393
72460.000 0.000128847 -0.0003583 0.000111122 -0.000355965
72480.000 6.68628e-05 -0.000381112 6.36486e-05 -0.000369187
72500.000 0.000109376 -0.000353233 0.00010025 -0.000355485
72520.000 0.000124951 -0.000359706 0.000120964 -0.000365307
72540.000 8.4693e-05 -0.000369212 9.27889e-05 -0.000373187
72560.000 6.52061e-05 -0.000365146 6.66109e-05 -0.00036772
72580.000 4.85402e-05 -0.000386738 5.42883e-05 -0.000374451
72600.000 4.39156e-05 -0.000383471 4.11807e-05 -0.000373641
72620.000 7.45597e-05 -0.000394298 7.72415e-05 -0.00037581
72640.000 4.40555e-05 -0.000382134 3.99068e-05 -0.000388693
72660.000 5.7478e-05 -0.000390648 5.34684e-05 -0.000379692
72680.000 7.24944e-05 -0.000386697 6.55578e-05 -0.00037235
72700.000 6.46351e-05 -0.000386065 6.65677e-05 -0.00038159
72720.000 3.71325e-05 -0.0003858 4.17786e-05 -0.000389892
72740.000 4.72384e-05 -0.000389933 4.78734e-05 -0.000378444
72760.000 4.37422e-05 -0.000390821 8.17218e-05 -0.000375383
% Warning: sampling overrun detected
72780.000 4.41001e-05 -0.000394543 4.27225e-05 -0.000376844
72800.000 6.63697e-05 -0.000386511 5.54665e-05 -0.000383301
72820.000 5.18217e-05 -0.000386818 6.44938e-05 -0.000388556
72840.000 3.0175e-05 -0.00039366 2.32025e-05 -0.000391797
72860.000 2.52367e-05 -0.000391844 2.95976e-05 -0.00039222
72880.000 2.87605e-05 -0.000397915 1.65863e-05 -0.000388654
72900.000 4.38643e-05 -0.000398508 4.46768e-05 -0.000395463
72920.000 5.81766e-05 -0.000397282 3.58011e-05 -0.000393577
72940.000 4.39772e-05 -0.00039166 4.64002e-05 -0.000400598
72960.000 4.20092e-05 -0.000394056 4.48035e-05 -0.000411337
72980.000 6.88519e-05 -0.000414968 5.56272e-05 -0.000387982
73000.000 5.77652e-05 -0.000401702 7.46004e-05 -0.000395936
73020.000 7.06013e-05 -0.000401325 5.85102e-05 -0.000399047
73040.000 2.24979e-05 -0.000414401 2.19805e-05 -0.000407052
73060.000 9.08216e-05 -0.000420796 8.64743e-05 -0.000405072
73080.000 5.30464e-05 -0.000429218 5.79941e-05 -0.00042408
73100.000 5.2216e-06 -0.000427349 1.8881e-05 -0.00041375
73120.000 2.17949e-05 -0.000411738 2.12253e-05 -0.000408856
73140.000 4.74904e-05 -0.000426525 3.56473e-05 -0.000400083
73160.000 4.64277e-05 -0.000414576 2.98615e-05 -0.000401268
73180.000 4.73096e-05 -0.000428599 2.86905e-05 -0.000423178
73200.000 3.58615e-05 -0.000424929 4.10992e-05 -0.000424545
73220.000 3.79925e-05 -0.000428127 3.40083e-05 -0.00041729
73240.000 4.07185e-05 -0.000446714 3.28558e-05 -0.000416662
73260.000 1.76978e-05 -0.000430119 3.062e-05 -0.000433101
73280.000 2.59172e-05 -0.000424046 2.60636e-05 -0.000427487
73300.000 2.15691e-05 -0.000432312 3.09779e-05 -0.000418424
73320.000 6.886e-06 -0.000444908 2.42321e-06 -0.000442054
73340.000 1.87842e-05 -0.000434949 1.24167e-05 -0.000431738
73360.000 -3.02359e-06 -0.000430245 1.93327e-05 -0.000429719
73380.000 3.97881e-06 -0.000436578 1.28669e-05 -0.000436571
73400.000 1.07905e-05 -0.000443674 1.50124e-05 -0.000442541
73420.000 -1.73726e-06 -0.00043052 -7.81621e-06 -0.000450311
73440.000 2.65008e-06 -0.000448484 2.32332e-05 -0.000442846
73460.000 -3.68408e-06 -0.000456044 -5.88996e-06 -0.000460813
73480.000 8.68409e-06 -0.000455179 8.56936e-06 -0.000446474
73500.000 5.69912e-07 -0.000462089 2.2292e-06 -0.000440169
73520.000 1.68415e-06 -0.000444583 7.26583e-06 -0.000460125
73540.000 -1.91869e-05 -0.000462124 -2.21359e-05 -0.000432839
73560.000 -7.67317e-06 -0.000450458 -4.28278e-06 -0.000459828
73580.000 9.49704e-06 -0.000456586 6.90252e-06 -0.000454171
73600.000 8.11019e-06 -0.00046601 9.91499e-06 -0.000453922
73620.000 3.85026e-05 -0.000452197 2.73716e-05 -0.000452335
73640.000 5.17815e-06 -0.000456928 1.42973e-05 -0.000455265
73660.000 1.0431e-05 -0.000461041 -8.781e-06 -0.000453502
73680.000 -8.66887e-06 -0.000458452 -1.82075e-05 -0.000455494
73700.000 -2.56609e-05 -0.000484783 -1.808e-05 -0.000463097
73720.000 2.26173e-06 -0.00047291 -2.05074e-06 -0.000470622
73740.000 6.11635e-06 -0.000477245 1.17421e-05 -0.000480969
73760.000 -7.47306e-06 -0.000476311 -6.23814e-06 -0.000468949
73780.000 3.69142e-06 -0.000452133 6.62783e-06 -0.00047001
73800.000 -1.24534e-05 -0.000469028 -3.0649e-05 -0.000470989
73820.000 -1.83427e-05 -0.000468678 -2.02232e-05 -0.000467275
73840.000 -1.59772e-05 -0.000471758 -9.83106e-06 -0.000477087
73860.000 -2.06995e-05 -0.000466749 -3.16912e-05 -0.000473382
73880.000 -2.87978e-05 -0.000485401 -3.57726e-05 -0.000475883
73900.000 -1.44712e-05 -0.000473481 -2.85174e-05 -0.000470414
73920.000 -9.22817e-06 -0.000483185 7.76401e-06 -0.000469499
73940.000 -2.51947e-05 -0.000493742 -1.04954e-05 -0.000469148
73960.000 -3.84411e-05 -0.000483272 -2.52024e-05 -0.000474728
73980.000 -4.29024e-05 -0.000485329 -3.2553e-05 -0.000489951
74000.000 -2.25294e-05 -0.000482267 -2.50141e-05 -0.000493066
74020.000 -2.66225e-05 -0.000489538 -2.16099e-05 -0.000473746
74040.000 -4.7469e-05 -0.000481785 -4.31347e-05 -0.000499162
74060.000 -1.7461e-05 -0.000494384 -2.39611e-05 -0.000491845
74080.000 -4.09859e-05 -0.000486615 -5.20837e-05 -0.000485284
74100.000 -2.57194e-05 -0.000496209 -3.29067e-05 -0.000478681
74120.000 -2.27337e-05 -0.000507576 -2.0794e-05 -0.00047666
74140.000 -3.61721e-05 -0.000502734 -3.85149e-05 -0.000494827
74160.000 -4.04291e-05 -0.000491503 -5.1111e-05 -0.00049509
74180.000 -4.76704e-05 -0.000499088 -3.08096e-05 -0.000489661
74200.000 -2.02758e-05 -0.000489526 -1.10451e-05 -0.000497106
74220.000 -1.03868e-05 -0.000500494 -1.04802e-05 -0.000494027
74240.000 -5.31067e-05 -0.000493864 -4.87576e-05 -0.000493673
74260.000 -3.2051e-05 -0.0004965 -3.38115e-05 -0.00049254
74280.000 -5.45723e-05 -0.000504334 -6.42922e-05 -0.000500377
74300.000 -4.24053e-05 -0.000501434 -3.59146e-05 -0.000504961
74320.000 -6.99838e-06 -0.000503174 -1.72623e-05 -0.000488828
74340.000 -1.87838e-05 -0.0005215 -2.592e-05 -0.000511488
74360.000 -3.0792e-05 -0.000505959 -2.72108e-05 -0.000498273
74380.000 -4.23256e-05 -0.000504686 -3.40483e-05 -0.000502265
74400.000 -3.07145e-05 -0.000518969 -2.47494e-05 -0.000523937
74420.000 -2.54701e-05 -0.000521918 -1.00864e-05 -0.000517178
74440.000 -4.88358e-05 -0.000510956 -5.98729e-05 -0.000510432
74460.000 -4.32005e-05 -0.000505467 -3.1019e-05 -0.000502129
74480.000 -5.41465e-05 -0.000516257 -5.5058e-05 -0.000520921
74500.000 -5.19415e-05 -0.000509949 -4.75443e-05 -0.000499467
74520.000 -4.06338e-05 -0.000510129 -3.808e-05 -0.000499438
74540.000 -5.35837e-05 -0.000521283 -5.9478e-05 -0.000511878
74560.000 -6.88556e-05 -0.000526727 -6.82355e-05 -0.000516383
% Warning: sampling overrun detected
74580.000 -2.69061e-05 -0.000522597 -3.20334e-05 -0.000501246
74600.000 -6.29077e-05 -0.000525157 -5.21203e-05 -0.000509846
74620.000 -6.71375e-05 -0.000521294 -7.04629e-05 -0.000508943
74640.000 -7.8217e-05 -0.000527491 -7.04951e-05 -0.000516096
74660.000 -8.99817e-05 -0.000524676 -7.49408e-05 -0.000513574
74680.000 -6.84706e-05 -0.000521585 -9.10352e-05 -0.00052693
74700.000 -8.26289e-05 -0.000526267 -9.18569e-05 -0.000523622
74720.000 -9.30037e-05 -0.000527885 -7.61057e-05 -0.000521503
74740.000 -8.63717e-05 -0.000535813 -9.0898e-05 -0.00052378
74760.000 -8.91521e-05 -0.000538243 -9.55252e-05 -0.000519381
74780.000 -9.15147e-05 -0.000521454 -8.37376e-05 -0.000518668
74800.000 -6.98315e-05 -0.000532431 -6.89915e-05 -0.000531569
74820.000 -7.26835e-05 -0.000535471 -8.14554e-05 -0.000527496
74840.000 -0.000103078 -0.000533533 -0.00010428 -0.000523274
74860.000 -8.60408e-05 -0.000531921 -8.09789e-05 -0.00052756
74880.000 -8.16865e-05 -0.000544895 -6.24331e-05 -0.000528518
74900.000 -8.79549e-05 -0.000526933 -9.30358e-05 -0.000529005
74920.000 -7.73784e-05 -0.000542027 -8.7359e-05 -0.00053422
74940.000 -9.77921e-05 -0.000543807 -8.58234e-05 -0.000533631
74960.000 -7.56489e-05 -0.000554607 -9.26158e-05 -0.000537975
74980.000 -0.000101273 -0.000541122 -8.63551e-05 -0.000540425
75000.000 -9.97933e-05 -0.000539838 -0.000109222 -0.000516711
75020.000 -9.05371e-05 -0.000557378 -7.91998e-05 -0.000538889
75040.000 -9.72211e-05 -0.000541656 -9.26354e-05 -0.000537874
75060.000 -0.000105914 -0.000541318 -9.88234e-05 -0.000537182
75080.000 -9.83913e-05 -0.000550971 -8.19025e-05 -0.000526634
75100.000 -9.91205e-05 -0.000543909 -0.000103683 -0.00055215
75120.000 -0.000115547 -0.000548492 -0.00010406 -0.000554778
75140.000 -0.000117245 -0.000556054 -0.000113993 -0.000539226
75160.000 -9.77811e-05 -0.000556779 -9.66273e-05 -0.000543507
% Warning: sampling overrun detected
75180.000 -7.22884e-05 -0.000557428 -8.06761e-05 -0.000548755
75200.000 -0.000108044 -0.000566341 -0.000110478 -0.00052747
75220.000 -0.000103372 -0.000541218 -0.000104129 -0.000544942
% Warning: sampling overrun detected
75240.000 -0.000113266 -0.000550646 -0.000116325 -0.000534765
% Warning: sampling overrun detected
75260.000 -0.000133568 -0.000549475 -0.000126313 -0.000539051
% Warning: sampling overrun detected
75280.000 -0.00010417 -0.000545783 -0.000117433 -0.000547531
75300.000 -0.000107468 -0.000558969 -0.000104493 -0.000538231
75320.000 -0.00012241 -0.000561135 -0.000104756 -0.000538893
75340.000 -0.00011233 -0.000550046 -0.000102312 -0.000544568
% Warning: sampling overrun detected
75360.000 -9.89182e-05 -0.000558847 -0.000106547 -0.000558569
75380.000 -0.000116182 -0.000558911 -0.000117802 -0.000546849
75400.000 -0.000119131 -0.000552281 -0.000117247 -0.000546402
% Warning: sampling overrun detected
75420.000 -0.000133733 -0.000549266 -0.000138698 -0.000537142
% Warning: sampling overrun detected
75440.000 -0.000131933 -0.000540066 -0.000128021 -0.000537102
% Warning: sampling overrun detected
75460.000 -0.000127725 -0.00055558 -0.000115893 -0.000534533
% Warning: sampling overrun detected
75480.000 -0.000138875 -0.000551445 -0.00012975 -0.000531704
75500.000 -0.000113745 -0.000549737 -0.000114107 -0.000551019
75520.000 -0.000100795 -0.000563252 -0.000106101 -0.000532759
% Warning: sampling overrun detected
75540.000 -0.000108292 -0.000557351 -0.000119595 -0.000536487
% Warning: sampling overrun detected
75560.000 -0.000115113 -0.000543426 -0.000118491 -0.00053506
% Warning: sampling overrun detected
75580.000 -0.000107616 -0.000536578 -0.00011973 -0.000527845
% Warning: sampling overrun detected
75600.000 -0.000137758 -0.000547146 -0.000115333 -0.000533595
% Warning: sampling overrun detected
75620.000 -0.000129936 -0.000543691 -0.000128284 -0.000535073
% Warning: sampling overrun detected
75640.000 -0.000140613 -0.000544317 -0.000158532 -0.000529602
75660.000 -0.000127023 -0.000544765 -0.000130881 -0.00053306
75680.000 -0.000145277 -0.000557902 -0.000123653 -0.000554881
75700.000 -0.000130559 -0.000559077 -0.000113467 -0.000555678
75720.000 -0.000129819 -0.000556094 -0.000112907 -0.000555146
75740.000 -0.000144434 -0.000559406 -0.000140185 -0.000553895
75760.000 -0.000131938 -0.000562066 -0.000141102 -0.000549361
75780.000 -0.000136161 -0.000554238 -0.000130091 -0.000541236
75800.000 -0.000151307 -0.000548422 -0.000136995 -0.000544872
75820.000 -0.000140824 -0.000563173 -0.000136861 -0.000544945
75840.000 -0.000146935 -0.000563987 -0.000142436 -0.000544058
75860.000 -0.00015536 -0.000564286 -0.00014494 -0.000559974
75880.000 -0.000137167 -0.000578432 -0.00014988 -0.000560321
75900.000 -0.000126095 -0.000586251 -0.000124811 -0.000567842
75920.000 -0.000164715 -0.000582719 -0.000143739 -0.000557252
75940.000 -0.000134643 -0.000579719 -0.000130114 -0.000568576
75960.000 -0.000150429 -0.00058379 -0.000152462 -0.000571577
75980.000 -0.000150839 -0.000582066 -0.000159779 -0.000577071
76000.000 -0.000150476 -0.00058284 -0.000132566 -0.000566956
76020.000 -0.000149166 -0.000576367 -0.000135635 -0.000573729
76040.000 -0.000145358 -0.000570469 -0.000138753 -0.000578367
76060.000 -0.000123276 -0.000587342 -0.000143089 -0.000573554
76080.000 -0.000175505 -0.000574926 -0.000174604 -0.000566961
76100.000 -0.000158548 -0.0005965 -0.000162026 -0.000580912
76120.000 -0.00017219 -0.000583947 -0.000172203 -0.000577008
76140.000 -0.000171508 -0.000587956 -0.000148676 -0.000579043
76160.000 -0.000165542 -0.000594922 -0.000176421 -0.000582891
76180.000 -0.000155193 -0.000592336 -0.000164114 -0.000591153
76200.000 -0.000171793 -0.000586356 -0.000145365 -0.000593601
76220.000 -0.000161918 -0.000602868 -0.000149003 -0.000585193
76240.000 -0.000150807 -0.000596971 -0.000161345 -0.000578961
76260.000 -0.000163261 -0.000594538 -0.00016064 -0.0005826
76280.000 -0.000155387 -0.000590909 -0.000149965 -0.00057144
76300.000 -0.000163535 -0.000593159 -0.000147276 -0.00057741
76320.000 -0.000171148 -0.000605755 -0.00016098 -0.000591771
76340.000 -0.000166889 -0.000607474 -0.000168678 -0.000583413
76360.000 -0.000152595 -0.000621898 -0.000165619 -0.000599338
% Warning: sampling overrun detected
76380.000 -0.000161115 -0.000635842 -0.000159804 -0.000612223
% Warning: sampling overrun detected
76400.000 -0.000171945 -0.000609977 -0.000158991 -0.000598688
% Warning: sampling overrun detected
76420.000 -0.000161677 -0.000616293 -0.000167954 -0.000604522
% Warning: sampling overrun detected
76440.000 -0.000173996 -0.000617845 -0.000162561 -0.000601341
% Warning: sampling overrun detected
76460.000 -0.000187814 -0.000598585 -0.000153954 -0.000598922
% Warning: sampling overrun detected
76480.000 -0.000165168 -0.000617995 -0.000167228 -0.000598884
% Warning: sampling overrun detected
76500.000 -0.000172163 -0.000614639 -0.000172282 -0.000603268
% Warning: sampling overrun detected
76520.000 -0.00017727 -0.000629342 -0.000173786 -0.000600165
% Warning: sampling overrun detected
76540.000 -0.000181269 -0.000620611 -0.000185182 -0.000602618
% Warning: sampling overrun detected
76560.000 -0.000184697 -0.000631747 -0.000174639 -0.000623558
% Warning: sampling overrun detected
76580.000 -0.000178129 -0.000639653 -0.000168114 -0.000603811
% Warning: sampling overrun detected
76600.000 -0.000164548 -0.000631012 -0.000166272 -0.000628569
% Warning: sampling overrun detected
76620.000 -0.000178282 -0.000614466 -0.000178091 -0.000611423
% Warning: sampling overrun detected
76640.000 -0.000172273 -0.000632476 -0.000164459 -0.00061106
76660.000 -0.000192814 -0.000645733 -0.000180899 -0.000629338
% Warning: sampling overrun detected
76680.000 -0.000178244 -0.000653159 -0.000168639 -0.000612141
% Warning: sampling overrun detected
76700.000 -0.000186327 -0.000631479 -0.000169863 -0.000617741
% Warning: sampling overrun detected
76720.000 -0.000176733 -0.000656281 -0.000164337 -0.000640366
% Warning: sampling overrun detected
76740.000 -0.000165621 -0.00063812 -0.000183516 -0.000633539
% Warning: sampling overrun detected
76760.000 -0.000191684 -0.00064924 -0.000188943 -0.000634442
% Warning: sampling overrun detected
76780.000 -0.000191187 -0.000647279 -0.000182817 -0.000628297
% Warning: sampling overrun detected
76800.000 -0.000197985 -0.000647783 -0.000199614 -0.000630355
% Warning: sampling overrun detected
76820.000 -0.000183009 -0.000648748 -0.000198249 -0.000631927
% Warning: sampling overrun detected
76840.000 -0.000209226 -0.000657573 -0.000202351 -0.000640111
% Warning: sampling overrun detected
76860.000 -0.000191788 -0.000657266 -0.000194716 -0.000630766
% Warning: sampling overrun detected
76880.000 -0.000187705 -0.000667309 -0.000188582 -0.000644626
% Warning: sampling overrun detected
76900.000 -0.000189432 -0.00066146 -0.00019375 -0.000636184
% Warning: sampling overrun detected
76920.000 -0.000215126 -0.000658749 -0.000201803 -0.000636525
% Warning: sampling overrun detected
76940.000 -0.00023275 -0.000655136 -0.000210554 -0.000623515
% Warning: sampling overrun detected
76960.000 -0.000221347 -0.000656492 -0.00021006 -0.000636055
% Warning: sampling overrun detected
76980.000 -0.000213488 -0.000647319 -0.00019764 -0.000638049
77000.000 -0.000222751 -0.000647249 -0.000209994 -0.000627637
77020.000 -0.000209128 -0.000650117 -0.000222599 -0.000631065
77040.000 -0.000220974 -0.000646769 -0.000214887 -0.000627839
77060.000 -0.000246578 -0.000645105 -0.000220155 -0.000635982
77080.000 -0.000227959 -0.000645208 -0.00021635 -0.000628895
77100.000 -0.00022137 -0.00065673 -0.000229283 -0.000631879
77120.000 -0.000239394 -0.000649495 -0.000237565 -0.00062147
77140.000 -0.000246584 -0.000669128 -0.000232146 -0.000635831
77160.000 -0.000249118 -0.00066637 -0.000233477 -0.00062149
77180.000 -0.000235696 -0.000666646 -0.000242248 -0.000637137
77200.000 -0.000262448 -0.000659195 -0.000248546 -0.000633007
77220.000 -0.000261857 -0.000646673 -0.000247832 -0.000643739
77240.000 -0.000269698 -0.00067055 -0.000229687 -0.000653824
77260.000 -0.00025672 -0.000652301 -0.000238757 -0.000636383
77280.000 -0.000276873 -0.000661732 -0.000262807 -0.000644792
77300.000 -0.000283837 -0.000651308 -0.000273155 -0.000638407
77320.000 -0.000274176 -0.000682766 -0.000254961 -0.000654922
77340.000 -0.000276496 -0.000670301 -0.0002809 -0.000641017
77360.000 -0.000272587 -0.000676229 -0.000267864 -0.000643297
77380.000 -0.000299425 -0.000680318 -0.000277367 -0.000634385
77400.000 -0.000291216 -0.000662021 -0.000287757 -0.000636241
77420.000 -0.000290522 -0.000662683 -0.000298144 -0.000652728
77440.000 -0.000313277 -0.00064758 -0.000303813 -0.000646423
77460.000 -0.000299866 -0.000645123 -0.000312641 -0.000642996
77480.000 -0.000310476 -0.000654362 -0.000310869 -0.000643469
77500.000 -0.000318905 -0.000652454 -0.000296017 -0.000643954
77520.000 -0.000321327 -0.000653262 -0.000309399 -0.000640428
77540.000 -0.000307344 -0.000663163 -0.000319734 -0.00063736
77560.000 -0.000320572 -0.000677044 -0.000304052 -0.000647839
77580.000 -0.00030465 -0.000662875 -0.000291391 -0.000655682
77600.000 -0.00030196 -0.000677265 -0.00028388 -0.000657368
77620.000 -0.000294014 -0.00067903 -0.000270911 -0.000660922
77640.000 -0.000293442 -0.00067347 -0.000290182 -0.000646303
77660.000 -0.000305218 -0.000686136 -0.00028294 -0.000652233
77680.000 -0.000302954 -0.000685099 -0.000300673 -0.000672305
77700.000 -0.000314986 -0.000692011 -0.000308164 -0.000651352
77720.000 -0.000311605 -0.0006899 -0.000304257 -0.000657763
77740.000 -0.000316603 -0.00067527 -0.000305225 -0.000656786
77760.000 -0.00031962 -0.000687347 -0.000308805 -0.000655154
77780.000 -0.000335655 -0.000688824 -0.000304789 -0.000657251
77800.000 -0.000328377 -0.000687579 -0.00031129 -0.000657081
77820.000 -0.000322116 -0.000691564 -0.00031613 -0.000671246
77840.000 -0.00033121 -0.000694427 -0.000314919 -0.000653149
77860.000 -0.000324001 -0.000671464 -0.000329299 -0.000660471
77880.000 -0.000316406 -0.000676279 -0.00030734 -0.00066597
77900.000 -0.000343004 -0.000682114 -0.000333805 -0.000660059
77920.000 -0.000325503 -0.000687452 -0.000321995 -0.000651035
77940.000 -0.000324499 -0.00068485 -0.000307635 -0.000676419
77960.000 -0.000338264 -0.00069429 -0.000333919 -0.000654284
77980.000 -0.000351532 -0.000664052 -0.000326775 -0.000645954
78000.000 -0.000327718 -0.000680471 -0.000324376 -0.00065084
78020.000 -0.000332028 -0.000679064 -0.000322181 -0.000648029
78040.000 -0.000334637 -0.000675999 -0.000324751 -0.000659197
78060.000 -0.000338837 -0.000654609 -0.000329391 -0.0006433
78080.000 -0.000353378 -0.00068294 -0.000339004 -0.000661071
78100.000 -0.000357214 -0.000661087 -0.00034546 -0.000638598
78120.000 -0.000344342 -0.000648688 -0.000348514 -0.000652007
78140.000 -0.000347818 -0.000667298 -0.000328832 -0.000636746
78160.000 -0.000337463 -0.000666582 -0.000338615 -0.000672461
78180.000 -0.00036791 -0.000658873 -0.000346447 -0.000647962
78200.000 -0.000352065 -0.000679093 -0.000359111 -0.000659935
78220.000 -0.000342267 -0.000668598 -0.000353339 -0.000650914
78240.000 -0.000373328 -0.000672227 -0.000357539 -0.000627756
78260.000 -0.000364148 -0.000659132 -0.000347756 -0.00063787
78280.000 -0.000343885 -0.000667493 -0.000343796 -0.000638885
78300.000 -0.000350836 -0.000644084 -0.000349395 -0.000625686
78320.000 -0.000358501 -0.000661835 -0.000344526 -0.000640176
78340.000 -0.000378252 -0.000637987 -0.00035979 -0.000626397
78360.000 -0.000375095 -0.000646376 -0.000357564 -0.000631336
78380.000 -0.000377651 -0.00063635 -0.000354672 -0.000607196
78400.000 -0.000362865 -0.000635496 -0.000363236 -0.000629952
78420.000 -0.000377032 -0.000641765 -0.000352676 -0.000624638
78440.000 -0.000381845 -0.000636796 -0.000363846 -0.000610054
78460.000 -0.000363351 -0.000637796 -0.0003713 -0.000610707
78480.000 -0.0003718 -0.000639186 -0.00036387 -0.000618022
78500.000 -0.000382222 -0.000638836 -0.000367249 -0.00062771
78520.000 -0.000394421 -0.000639017 -0.000375955 -0.000611152
78540.000 -0.000390015 -0.000643181 -0.000365021 -0.000624043
78560.000 -0.000391505 -0.000635145 -0.000389472 -0.000616381
78580.000 -0.000361308 -0.000640805 -0.000364609 -0.000632134
78600.000 -0.000376626 -0.000645366 -0.000353853 -0.000617991
78620.000 -0.000376648 -0.0006562 -0.000362797 -0.000621918
78640.000 -0.000380336 -0.00064799 -0.000374512 -0.000611094
78660.000 -0.000383651 -0.000631567 -0.000364905 -0.000620958
78680.000 -0.000366553 -0.000627375 -0.000364714 -0.000614626
78700.000 -0.000388086 -0.000650314 -0.00035591 -0.000610566
78720.000 -0.000366896 -0.000642518 -0.000381679 -0.000618159
78740.000 -0.000377331 -0.000626272 -0.0003583 -0.0006236
78760.000 -0.000378299 -0.000654096 -0.000349238 -0.000641912
% Warning: sampling overrun detected
78780.000 -0.000379461 -0.000657262 -0.000359622 -0.000634599
78800.000 -0.00037086 -0.000647619 -0.000365891 -0.000632305
78820.000 -0.000374119 -0.000632229 -0.000360496 -0.000619865
78840.000 -0.000386188 -0.000647559 -0.000371774 -0.000622769
78860.000 -0.000385152 -0.000650913 -0.000382735 -0.000636546
78880.000 -0.000391823 -0.000653345 -0.000369796 -0.000626765
78900.000 -0.000389096 -0.00065685 -0.000384725 -0.000634129
78920.000 -0.000397389 -0.000662198 -0.000361752 -0.000612705
78940.000 -0.000369661 -0.000640755 -0.000355017 -0.000637375
78960.000 -0.000383744 -0.000653261 -0.000397501 -0.00063905
78980.000 -0.000374845 -0.000670623 -0.000362254 -0.000639999
79000.000 -0.00037986 -0.000655333 -0.000379319 -0.000639057
79020.000 -0.000396961 -0.000670167 -0.000380342 -0.000660775
79040.000 -0.000393909 -0.000662088 -0.000378543 -0.000653516
79060.000 -0.000398573 -0.000673067 -0.000391149 -0.000652224
79080.000 -0.000393542 -0.000670576 -0.000378212 -0.000649242
79100.000 -0.000393032 -0.000671645 -0.000374427 -0.000646328
79120.000 -0.000396783 -0.000670434 -0.00039375 -0.000642138
79140.000 -0.000392445 -0.000666476 -0.00036962 -0.000653444
79160.000 -0.000390448 -0.000661957 -0.000404616 -0.000645816
79180.000 -0.000409225 -0.000639009 -0.000382835 -0.000640839
79200.000 -0.000400397 -0.000674401 -0.000389964 -0.000644275
79220.000 -0.000391288 -0.000653114 -0.00038443 -0.00064219
79240.000 -0.000396136 -0.000672851 -0.000382454 -0.000641141
79260.000 -0.000397138 -0.00066722 -0.000391955 -0.000641815
79280.000 -0.000395932 -0.000659386 -0.000388552 -0.000646411
79300.000 -0.000411326 -0.000656471 -0.000394909 -0.000650233
79320.000 -0.000412929 -0.000655709 -0.000402052 -0.000640648
79340.000 -0.000406643 -0.000650309 -0.000402525 -0.000637992
79360.000 -0.000406167 -0.000655265 -0.000399126 -0.000633455
79380.000 -0.00041381 -0.000667388 -0.000389706 -0.000644858
79400.000 -0.000405298 -0.000643064 -0.000397125 -0.000643131
79420.000 -0.00040747 -0.000655659 -0.000396986 -0.000634274
79440.000 -0.000398137 -0.000663557 -0.000380833 -0.000642226
79460.000 -0.00039837 -0.000652429 -0.000388792 -0.000646587
79480.000 -0.000398748 -0.000666299 -0.000393185 -0.000632105
79500.000 -0.000411706 -0.000652819 -0.000394115 -0.000640593
79520.000 -0.000417594 -0.000641509 -0.000413315 -0.00063889
79540.000 -0.00039836 -0.00065323 -0.000403283 -0.000638129
79560.000 -0.000417844 -0.000652297 -0.00041018 -0.000645297
79580.000 -0.000426628 -0.000644555 -0.000419995 -0.000646768
79600.000 -0.000414915 -0.000667165 -0.000416949 -0.000644144
79620.000 -0.000426164 -0.000659113 -0.000402523 -0.000642328
79640.000 -0.000418635 -0.000670685 -0.000399139 -0.000634259
79660.000 -0.000434312 -0.000660614 -0.000406447 -0.000632729
79680.000 -0.000427868 -0.000656027 -0.000417858 -0.000627395
79700.000 -0.000425565 -0.000664044 -0.000401872 -0.000638149
79720.000 -0.000430275 -0.000678145 -0.000415343 -0.000644566
79740.000 -0.000444981 -0.000667771 -0.000424315 -0.000642334
79760.000 -0.000433329 -0.000659324 -0.000416082 -0.000641873
79780.000 -0.000444422 -0.000668376 -0.000408437 -0.000649747
79800.000 -0.00043747 -0.000679593 -0.000442505 -0.000642702
79820.000 -0.000435811 -0.000676549 -0.00043878 -0.000649392
79840.000 -0.000442807 -0.000667553 -0.000433456 -0.000658931
79860.000 -0.000438961 -0.000691711 -0.000417584 -0.000654725
79880.000 -0.000427399 -0.00067908 -0.0004042 -0.000655604
79900.000 -0.00045024 -0.000672193 -0.000418084 -0.000636073
79920.000 -0.000448461 -0.000664748 -0.000420204 -0.000637971
79940.000 -0.000433016 -0.000672405 -0.000432341 -0.00063804
79960.000 -0.000448111 -0.000656888 -0.000427418 -0.000660892
79980.000 -0.000455058 -0.000677151 -0.00043638 -0.000640543
80000.000 -0.000451431 -0.00066197 -0.000431059 -0.000645522
80020.000 -0.000441261 -0.00066441 -0.0004346 -0.000641302
80040.000 -0.000454496 -0.000674576 -0.000431609 -0.000631696
80060.000 -0.000446135 -0.000654683 -0.000438691 -0.000652827
80080.000 -0.000453964 -0.000653452 -0.000450081 -0.000644149
80100.000 -0.000475803 -0.000650045 -0.00044266 -0.000624935
80120.000 -0.000477701 -0.00064591 -0.000461261 -0.00063242
80140.000 -0.000480464 -0.000648027 -0.000466021 -0.000611192
80160.000 -0.000485441 -0.000637042 -0.00046795 -0.000612991
80180.000 -0.000479465 -0.000665001 -0.000446584 -0.000636158
80200.000 -0.000468771 -0.000656348 -0.000450786 -0.000637178
80220.000 -0.000465663 -0.000657573 -0.000445919 -0.000620967
80240.000 -0.000474924 -0.000653152 -0.000446219 -0.000629296
80260.000 -0.000464415 -0.000650731 -0.000455554 -0.000611791
80280.000 -0.000463667 -0.000660029 -0.000443543 -0.000640221
80300.000 -0.000471628 -0.000678803 -0.000454017 -0.000630194
80320.000 -0.000483693 -0.00065275 -0.000476182 -0.000647492
80340.000 -0.000457091 -0.00065416 -0.000443924 -0.000633853
80360.000 -0.000479328 -0.000675105 -0.000444192 -0.000651625
80380.000 -0.000486041 -0.00066579 -0.000481733 -0.000627236
80400.000 -0.000503064 -0.000657932 -0.000475094 -0.000639807
80420.000 -0.000480368 -0.00065989 -0.000456582 -0.000644889
80440.000 -0.000478895 -0.000652784 -0.000470501 -0.000615659
80460.000 -0.000489698 -0.000639867 -0.000480517 -0.000636908
80480.000 -0.000488114 -0.000660245 -0.000476226 -0.000619617
80500.000 -0.000500471 -0.000658606 -0.000486516 -0.000633754
80520.000 -0.000506623 -0.000635948 -0.000484938 -0.00062971
80540.000 -0.00051552 -0.0006361 -0.000487193 -0.000622489
80560.000 -0.000511922 -0.000646917 -0.000493405 -0.000620775
% Warning: sampling overrun detected
80580.000 -0.000487675 -0.000651522 -0.000478436 -0.00063057
80600.000 -0.000510533 -0.000653926 -0.000486209 -0.000625083
80620.000 -0.000507322 -0.000652843 -0.000492441 -0.000631995
% Warning: sampling overrun detected
80640.000 -0.000509935 -0.000644264 -0.000508086 -0.000620057
80660.000 -0.000512193 -0.000653963 -0.000488292 -0.00063129
80680.000 -0.00051379 -0.000664357 -0.000502326 -0.000623118
% Warning: sampling overrun detected
80700.000 -0.000532588 -0.000646519 -0.000498616 -0.000633956
80720.000 -0.00051552 -0.000663765 -0.000493012 -0.000630457
80740.000 -0.000532753 -0.00065575 -0.000513919 -0.000634093
% Warning: sampling overrun detected
80760.000 -0.000526797 -0.000652682 -0.000496422 -0.000626202
% Warning: sampling overrun detected
80780.000 -0.000537571 -0.000665584 -0.000507586 -0.000639563
% Warning: sampling overrun detected
80800.000 -0.00054248 -0.000660426 -0.000531693 -0.000627975
80820.000 -0.000539967 -0.000651886 -0.000512385 -0.000637072
80840.000 -0.000548356 -0.000659079 -0.000524437 -0.000642221
80860.000 -0.000545548 -0.000659001 -0.000532454 -0.000625376
% Warning: sampling overrun detected
80880.000 -0.000554743 -0.000654503 -0.000530642 -0.000626596
% Warning: sampling overrun detected
80900.000 -0.00054885 -0.000654231 -0.000535837 -0.000629837
% Warning: sampling overrun detected
80920.000 -0.000560763 -0.000656686 -0.000538233 -0.000621769
% Warning: sampling overrun detected
80940.000 -0.0005491 -0.000653957 -0.000530847 -0.00062392
80960.000 -0.000574786 -0.000642401 -0.000524665 -0.000624509
80980.000 -0.000558869 -0.000654242 -0.000529407 -0.000616482
% Warning: sampling overrun detected
81000.000 -0.000577382 -0.000665044 -0.000542063 -0.000611911
81020.000 -0.000562259 -0.000657884 -0.000544399 -0.0006364
81040.000 -0.000586351 -0.000666007 -0.000538595 -0.000630505
% Warning: sampling overrun detected
81060.000 -0.00056913 -0.000649747 -0.000531464 -0.000630331
81080.000 -0.000591803 -0.000669071 -0.000572774 -0.000618959
81100.000 -0.000593196 -0.000651392 -0.000552935 -0.000622584
% Warning: sampling overrun detected
81120.000 -0.000582722 -0.000660279 -0.000556188 -0.000618854
% Warning: sampling overrun detected
81140.000 -0.00060151 -0.000652687 -0.00057237 -0.00062253
% Warning: sampling overrun detected
81160.000 -0.000591297 -0.00065912 -0.000560791 -0.000633583
81180.000 -0.00059893 -0.000636091 -0.000582034 -0.00062244
81200.000 -0.00062424 -0.000651681 -0.000579649 -0.000625452
81220.000 -0.000610775 -0.000664392 -0.00057464 -0.000628665
81240.000 -0.000613262 -0.000654991 -0.000586748 -0.000621178
81260.000 -0.00061031 -0.000662623 -0.000582403 -0.000617327
81280.000 -0.000609774 -0.000653643 -0.000581446 -0.000601857
81300.000 -0.000623528 -0.000655505 -0.000592475 -0.000616186
81320.000 -0.000600186 -0.000658242 -0.000566012 -0.000600994
81340.000 -0.000615667 -0.00064057 -0.000569395 -0.000617493
81360.000 -0.000606837 -0.000648121 -0.000585153 -0.000614811
81380.000 -0.000623649 -0.000632159 -0.000602671 -0.000609481
81400.000 -0.0006277 -0.000627321 -0.00059792 -0.000600435
81420.000 -0.000638262 -0.000614146 -0.000610945 -0.000594396
81440.000 -0.000632766 -0.000630664 -0.000605743 -0.000615158
81460.000 -0.000641988 -0.000625204 -0.000598798 -0.0005976
81480.000 -0.000631708 -0.00061054 -0.000615639 -0.000586037
81500.000 -0.000642511 -0.000614988 -0.000628852 -0.000591982
81520.000 -0.00063964 -0.000621975 -0.000613501 -0.000611512
81540.000 -0.000642864 -0.00063684 -0.00061341 -0.000599767
81560.000 -0.000645826 -0.000620732 -0.000637361 -0.000616767
81580.000 -0.000645771 -0.000613218 -0.000628461 -0.000610368
81600.000 -0.000673301 -0.000614689 -0.000651834 -0.000599543
81620.000 -0.000670746 -0.000619 -0.000624084 -0.000586372
81640.000 -0.00066907 -0.000632583 -0.00062261 -0.000589253
81660.000 -0.000662788 -0.000619203 -0.000626661 -0.000593074
81680.000 -0.000660837 -0.000618346 -0.000639841 -0.000594633
81700.000 -0.000642293 -0.000608825 -0.000634433 -0.000583057
81720.000 -0.000689157 -0.000620454 -0.000654056 -0.000575943
81740.000 -0.000663952 -0.000612645 -0.000652625 -0.000592187
81760.000 -0.000664855 -0.000606405 -0.000635385 -0.000581618
% Warning: sampling overrun detected
81780.000 -0.000676168 -0.000603777 -0.00064698 -0.000589347
81800.000 -0.000672624 -0.000604318 -0.00065834 -0.000591057
81820.000 -0.000669726 -0.000597307 -0.00066017 -0.000578628
81840.000 -0.000700851 -0.000594161 -0.000667359 -0.00056011
81860.000 -0.000687981 -0.000597466 -0.000665312 -0.000569213
81880.000 -0.000697234 -0.000612424 -0.000662742 -0.000584763
81900.000 -0.000694844 -0.000599537 -0.000658687 -0.000580855
81920.000 -0.000716727 -0.000610432 -0.000676458 -0.000587173
81940.000 -0.000697327 -0.000614309 -0.000664696 -0.000585672
81960.000 -0.000703093 -0.000610554 -0.000669076 -0.000579467
81980.000 -0.000725972 -0.000611951 -0.000680343 -0.000575605
82000.000 -0.000699291 -0.000604136 -0.000675106 -0.000572687
82020.000 -0.0007317 -0.000599947 -0.000681287 -0.000597693
82040.000 -0.000708384 -0.000609578 -0.00069379 -0.000580704
82060.000 -0.000718389 -0.000588838 -0.000703453 -0.00057504
82080.000 -0.000732441 -0.000606158 -0.000685305 -0.000565392
82100.000 -0.000736298 -0.00060155 -0.000693581 -0.000571692
82120.000 -0.000703158 -0.00060332 -0.000697139 -0.000576178
82140.000 -0.000735424 -0.000596799 -0.000684657 -0.000577204
82160.000 -0.000736837 -0.000582803 -0.000702881 -0.000576708
82180.000 -0.000733775 -0.000599036 -0.000714082 -0.000573602
82200.000 -0.000723858 -0.000607101 -0.000703415 -0.000571581
82220.000 -0.0007305 -0.000582915 -0.000688002 -0.000570591
82240.000 -0.000739828 -0.000586172 -0.000712188 -0.000552579
82260.000 -0.00073719 -0.000576106 -0.000716632 -0.000573451
82280.000 -0.000727948 -0.000575026 -0.000711041 -0.000543044
82300.000 -0.000748483 -0.000581804 -0.000718671 -0.000564997
82320.000 -0.000748633 -0.000586599 -0.000727326 -0.000559786
82340.000 -0.000745528 -0.000576887 -0.000721575 -0.000553524
82360.000 -0.000742329 -0.000591669 -0.000721146 -0.000568165
82380.000 -0.000765552 -0.000591561 -0.000736323 -0.000568311
82400.000 -0.000749546 -0.000581368 -0.000734701 -0.000561353
82420.000 -0.000753374 -0.000596201 -0.000735647 -0.000587601
82440.000 -0.000757814 -0.00058091 -0.000734818 -0.00057179
82460.000 -0.000781575 -0.000602336 -0.000741378 -0.000578682
82480.000 -0.000766629 -0.000612396 -0.000721564 -0.000594057
82500.000 -0.000753554 -0.000614248 -0.000751489 -0.000588165
82520.000 -0.000760059 -0.000597992 -0.000727059 -0.00058971
82540.000 -0.00073498 -0.000617519 -0.000718148 -0.00058572
82560.000 -0.000739929 -0.00059456 -0.000725902 -0.000571632
82580.000 -0.000769036 -0.000590666 -0.000732608 -0.00054839
82600.000 -0.000751183 -0.000620547 -0.000708147 -0.000574805
82620.000 -0.000758404 -0.000571891 -0.000705264 -0.000565823
82640.000 -0.000764242 -0.000592766 -0.000751064 -0.000571428
82660.000 -0.000757097 -0.000591378 -0.00073066 -0.000571404
82680.000 -0.000751981 -0.000568383 -0.000733774 -0.000556646
82700.000 -0.000753275 -0.000575744 -0.000717922 -0.000562686
82720.000 -0.000740081 -0.000569133 -0.000718916 -0.000559546
82740.000 -0.000752683 -0.000578449 -0.000760695 -0.000567816
82760.000 -0.000760088 -0.000574341 -0.000740519 -0.000551991
82780.000 -0.000767444 -0.000582426 -0.000738272 -0.00057567
82800.000 -0.000778827 -0.000606724 -0.000741765 -0.000585112
82820.000 -0.000766763 -0.000602404 -0.000737997 -0.000592995
82840.000 -0.000774623 -0.000615192 -0.000722118 -0.000584382
82860.000 -0.000764266 -0.000618758 -0.000738587 -0.000589026
82880.000 -0.000753246 -0.000594916 -0.000742625 -0.000583984
82900.000 -0.000748461 -0.000613647 -0.000715783 -0.000597964
82920.000 -0.000763168 -0.000605192 -0.000728443 -0.000600028
82940.000 -0.000749632 -0.000624577 -0.000735917 -0.000588328
82960.000 -0.000758611 -0.000628867 -0.000737022 -0.000614228
82980.000 -0.000763861 -0.000610962 -0.000736584 -0.000591793
83000.000 -0.00074445 -0.000630033 -0.000716416 -0.000606607
83020.000 -0.000771495 -0.00061536 -0.000735265 -0.000602233
83040.000 -0.000750128 -0.000641832 -0.000725975 -0.000606514
83060.000 -0.000738624 -0.000624013 -0.000710003 -0.000583844
83080.000 -0.000750937 -0.000614781 -0.000711361 -0.000574814
83100.000 -0.000760173 -0.000612048 -0.000731871 -0.000577382
83120.000 -0.000737919 -0.00059603 -0.000720207 -0.000586531
83140.000 -0.000770999 -0.000600124 -0.000725122 -0.000566432
83160.000 -0.000777067 -0.000612547 -0.000724895 -0.000584505
83180.000 -0.000766465 -0.000603984 -0.000741349 -0.000582416
83200.000 -0.000783374 -0.000597356 -0.000741823 -0.000594999
83220.000 -0.000782372 -0.000596766 -0.00074909 -0.000578062
83240.000 -0.000776956 -0.000615994 -0.000750987 -0.000581102
83260.000 -0.000801809 -0.00059535 -0.000759683 -0.000566673
83280.000 -0.000767419 -0.000599175 -0.000756608 -0.000587276
83300.000 -0.000787297 -0.000583144 -0.000763893 -0.00055436
83320.000 -0.000794762 -0.000595975 -0.000759648 -0.000582496
83340.000 -0.000773811 -0.0005799 -0.000765942 -0.000572107
83360.000 -0.000786759 -0.000590153 -0.000754816 -0.000575904
83380.000 -0.000795878 -0.000605721 -0.00077513 -0.000562586
83400.000 -0.000814198 -0.000591695 -0.000762461 -0.000558799
83420.000 -0.000814652 -0.000575161 -0.000765688 -0.000549624
83440.000 -0.000797612 -0.000599955 -0.000753891 -0.00057279
83460.000 -0.00080128 -0.000594527 -0.000761775 -0.000577249
83480.000 -0.000810427 -0.000623726 -0.000758061 -0.00060296
83500.000 -0.000796255 -0.000643142 -0.00073802 -0.000587111
83520.000 -0.000810762 -0.000618761 -0.000779229 -0.000583565
83540.000 -0.000811444 -0.000615557 -0.000758591 -0.000591288
83560.000 -0.000800701 -0.000613488 -0.000768486 -0.000582439
% Warning: sampling overrun detected
83580.000 -0.000819813 -0.000613041 -0.000769388 -0.000586198
83600.000 -0.000824624 -0.000619403 -0.000776981 -0.00058499
83620.000 -0.000805908 -0.000595415 -0.000777089 -0.000568406
83640.000 -0.00081753 -0.000607364 -0.000788655 -0.000593134
83660.000 -0.000821866 -0.000596911 -0.000788597 -0.000564344
83680.000 -0.000832087 -0.000605982 -0.000773647 -0.000565689
83700.000 -0.000828049 -0.000590707 -0.00079011 -0.000569424
83720.000 -0.000814819 -0.000581988 -0.000798735 -0.000565919
83740.000 -0.000833279 -0.000602205 -0.000804743 -0.000584259
83760.000 -0.000826928 -0.000585476 -0.000801589 -0.000555265
83780.000 -0.000821372 -0.000578404 -0.00080241 -0.000557461
83800.000 -0.000837463 -0.000566731 -0.000802962 -0.000545166
83820.000 -0.000824399 -0.00057306 -0.000801583 -0.000558
83840.000 -0.000828234 -0.000566857 -0.000793395 -0.00054539
83860.000 -0.000832252 -0.000586343 -0.00082138 -0.000558995
83880.000 -0.000841168 -0.000554254 -0.000798574 -0.000541321
83900.000 -0.000835717 -0.000567874 -0.000803913 -0.000544596
83920.000 -0.000848723 -0.000558401 -0.00079751 -0.00055385
83940.000 -0.000828839 -0.000552459 -0.000805846 -0.00052554
83960.000 -0.000840622 -0.000565664 -0.000806285 -0.000532271
83980.000 -0.000847888 -0.000567609 -0.00082048 -0.000532898
84000.000 -0.000850452 -0.000551525 -0.000819107 -0.000533995
84020.000 -0.00086591 -0.000558738 -0.000828751 -0.000529836
84040.000 -0.000864018 -0.000519242 -0.0008415 -0.000507065
84060.000 -0.0008714 -0.00051065 -0.000840517 -0.000499222
84080.000 -0.00087106 -0.000519847 -0.000829384 -0.000500578
84100.000 -0.00087721 -0.000529579 -0.000845642 -0.000520414
84120.000 -0.000865627 -0.000535277 -0.000850636 -0.000523324
84140.000 -0.000891102 -0.000521363 -0.00085643 -0.000509601
84160.000 -0.000886828 -0.000521455 -0.000839569 -0.000495439
84180.000 -0.000888058 -0.00053455 -0.000836706 -0.000512293
84200.000 -0.000872167 -0.000524906 -0.000844812 -0.000519194
84220.000 -0.000892322 -0.000512943 -0.000866647 -0.000492592
84240.000 -0.000884411 -0.000539768 -0.000845192 -0.000506037
84260.000 -0.000887362 -0.000505906 -0.000867525 -0.00050919
84280.000 -0.000883001 -0.000536568 -0.000865427 -0.000510285
84300.000 -0.00089649 -0.000513798 -0.000871344 -0.000505521
% Warning: sampling overrun detected
84320.000 -0.00088638 -0.000518545 -0.000847138 -0.000515406
84340.000 -0.000887513 -0.000533622 -0.000857554 -0.000502981
84360.000 -0.000879424 -0.000525949 -0.000845817 -0.000502346
84380.000 -0.000897616 -0.000531168 -0.000874605 -0.000504987
84400.000 -0.000895329 -0.000522686 -0.000867361 -0.000503066
84420.000 -0.000897775 -0.000527411 -0.000868239 -0.000485358
84440.000 -0.000906947 -0.000513596 -0.000880721 -0.000488888
84460.000 -0.000885289 -0.000504283 -0.000884513 -0.00049991
84480.000 -0.000917615 -0.00048892 -0.000896799 -0.000494523
84500.000 -0.000913399 -0.000491438 -0.000885508 -0.000498236
84520.000 -0.00092843 -0.000500703 -0.0008839 -0.000479773
84540.000 -0.000914023 -0.000494471 -0.000911125 -0.000471632
84560.000 -0.000923333 -0.000510899 -0.00089098 -0.000481747
84580.000 -0.000923858 -0.000498206 -0.000891918 -0.000492396
84600.000 -0.000928366 -0.000510587 -0.000883341 -0.000496494
% Warning: sampling overrun detected
84620.000 -0.00092189 -0.00049405 -0.000894876 -0.000473288
% Warning: sampling overrun detected
84640.000 -0.000926803 -0.000506265 -0.000901576 -0.000482759
84660.000 -0.000938361 -0.000490646 -0.000903091 -0.000478737
84680.000 -0.000924129 -0.000505725 -0.000888181 -0.00048353
84700.000 -0.000948117 -0.000490964 -0.000902148 -0.000481984
84720.000 -0.000926539 -0.000494529 -0.000901082 -0.000490411
84740.000 -0.000944533 -0.000500013 -0.000921027 -0.000482598
84760.000 -0.000933451 -0.000497937 -0.000905258 -0.000466393
84780.000 -0.000951783 -0.000476032 -0.000912784 -0.000452025
84800.000 -0.000947375 -0.000484205 -0.000916522 -0.000464576
84820.000 -0.00094924 -0.000481073 -0.000910702 -0.000467173
84840.000 -0.000961871 -0.000477326 -0.000911972 -0.000456091
84860.000 -0.000953872 -0.000467232 -0.000922763 -0.000461221
84880.000 -0.000976426 -0.000474343 -0.000923741 -0.000463381
84900.000 -0.000979653 -0.00047255 -0.000916145 -0.000462723
84920.000 -0.000958606 -0.000475959 -0.000924154 -0.000457807
84940.000 -0.00096959 -0.000470376 -0.000934816 -0.000467923
84960.000 -0.000970114 -0.000460974 -0.000955271 -0.000443795
84980.000 -0.000967394 -0.000465096 -0.000940041 -0.000452238
85000.000 -0.000985781 -0.000462216 -0.000944454 -0.00044893
85020.000 -0.000972293 -0.000449876 -0.000946436 -0.000433125
85040.000 -0.000980864 -0.000464319 -0.000942285 -0.000433809
85060.000 -0.000992447 -0.000452292 -0.000953685 -0.000423231
85080.000 -0.000989301 -0.000436794 -0.000954155 -0.000410925
85100.000 -0.000993985 -0.000421899 -0.000951454 -0.000432906
85120.000 -0.0010095 -0.000443269 -0.00095686 -0.000407886
85140.000 -0.00100708 -0.000434769 -0.000982543 -0.000421097
85160.000 -0.0010002 -0.000441992 -0.000970726 -0.000421948
85180.000 -0.0010067 -0.000442516 -0.000969491 -0.000419863
85200.000 -0.00100078 -0.000428739 -0.0009822 -0.000412716
85220.000 -0.00102171 -0.000415717 -0.000978964 -0.000408467
85240.000 -0.00103624 -0.000427076 -0.000985568 -0.000392279
85260.000 -0.00103246 -0.000417695 -0.000985911 -0.000411834
85280.000 -0.00102632 -0.000407729 -0.000992257 -0.000401066
85300.000 -0.00102264 -0.000404007 -0.000991034 -0.000408422
85320.000 -0.001039 -0.000420675 -0.000991413 -0.000415381
85340.000 -0.00101753 -0.000422234 -0.00098562 -0.000403419
85360.000 -0.00102524 -0.000427758 -0.000990022 -0.000405442
85380.000 -0.00102272 -0.000432336 -0.00098399 -0.000402499
85400.000 -0.00102749 -0.00041803 -0.00100526 -0.000411881
85420.000 -0.00103388 -0.000426716 -0.00100024 -0.000427319
85440.000 -0.00103064 -0.000425307 -0.00101067 -0.000411102
85460.000 -0.00103983 -0.000431213 -0.000989236 -0.000424726
85480.000 -0.00102406 -0.00042961 -0.00101901 -0.000407028
85500.000 -0.00102862 -0.00041444 -0.00101062 -0.000423524
85520.000 -0.00102433 -0.000426532 -0.000991502 -0.000415573
85540.000 -0.00100656 -0.000433151 -0.00100534 -0.000417582
85560.000 -0.00103789 -0.000430278 -0.000996781 -0.000421848
85580.000 -0.00102451 -0.000440165 -0.000982568 -0.000421973
85600.000 -0.00103566 -0.000398123 -0.00100642 -0.000404441
85620.000 -0.00103423 -0.000408971 -0.000981215 -0.000380147
85640.000 -0.00101805 -0.000424384 -0.0010079 -0.000416091
85660.000 -0.00102683 -0.000420114 -0.000978905 -0.000421498
85680.000 -0.00102025 -0.000436536 -0.000976633 -0.000407166
85700.000 -0.00105187 -0.000414865 -0.000998377 -0.00040761
85720.000 -0.00103124 -0.000430697 -0.000978872 -0.000401115
85740.000 -0.00101903 -0.000404263 -0.000997012 -0.000394112
85760.000 -0.00104086 -0.000420273 -0.000999481 -0.00040963
85780.000 -0.00103237 -0.000418453 -0.00099461 -0.000402494
85800.000 -0.00102839 -0.000404754 -0.000996228 -0.00040004
85820.000 -0.00104471 -0.000401963 -0.0010014 -0.000394112
85840.000 -0.00102284 -0.000404968 -0.001012 -0.00038784
85860.000 -0.00102783 -0.000390416 -0.000990548 -0.000383141
85880.000 -0.00104278 -0.000389489 -0.00101548 -0.0003769
85900.000 -0.00103281 -0.000395618 -0.00102133 -0.000364387
85920.000 -0.00103273 -0.000388621 -0.00101917 -0.000374272
85940.000 -0.00104999 -0.000361974 -0.00100655 -0.000365323
85960.000 -0.00103677 -0.000385146 -0.0010233 -0.000357319
85980.000 -0.00102741 -0.000386105 -0.00101847 -0.00037279
86000.000 -0.00105821 -0.000366636 -0.00102164 -0.000362684
86020.000 -0.00104784 -0.000360701 -0.00102528 -0.000349994
86040.000 -0.00105053 -0.000350807 -0.00102206 -0.000350224
86060.000 -0.00105712 -0.000361608 -0.0010164 -0.000346655
86080.000 -0.00105249 -0.000351145 -0.00103282 -0.000348494
86100.000 -0.00107043 -0.00035019 -0.00103914 -0.000341486
86120.000 -0.00104063 -0.000335926 -0.0010405 -0.000334889
86140.000 -0.00107872 -0.000336272 -0.00104936 -0.000339524
86160.000 -0.00107006 -0.000333525 -0.00104072 -0.00032639
86180.000 -0.00107045 -0.000347554 -0.00104904 -0.000340788
86200.000 -0.00108842 -0.000331318 -0.00105001 -0.000318563
86220.000 -0.00109987 -0.000317995 -0.0010529 -0.000303848
86240.000 -0.00110086 -0.000314057 -0.00106772 -0.00031278
86260.000 -0.00110511 -0.000315327 -0.00106374 -0.000315013
86280.000 -0.00108796 -0.000295343 -0.00108193 -0.000301195
86300.000 -0.00109212 -0.000301084 -0.00107553 -0.000296646
86320.000 -0.00108648 -0.000316465 -0.00107261 -0.000304785
86340.000 -0.00110025 -0.000307559 -0.00108489 -0.000296294
86360.000 -0.00110994 -0.000301153 -0.00109242 -0.000299494
86380.000 -0.00111078 -0.000290881 -0.00108268 -0.000281635
