% UltraMSK: version 1.0 beta 16
% Site: localhost.localdomain
% Date: 2015-01-22
% Frequency: 25200.000000 Hz
% Baud Rate: 200 Hz
% VLF Channel: 3
% PPS Channel: 4
% Jack Server: default
% Output Format: Cartesian
% End
68560.000 -0.000150921 -0.00028163 -0.000124417 -0.000276714
68580.000 -0.000131334 -0.000281519 -0.000129177 -0.000288239
68600.000 -0.000192795 -0.000255224 -0.000191317 -0.000249159
68620.000 -0.000213593 -0.000216732 -0.000209706 -0.00022256
68640.000 -0.000260412 -0.000148767 -0.000267668 -0.000157694
68660.000 -0.000293239 -1.96562e-05 -0.000300337 -1.08363e-06
68680.000 -0.000287157 5.35425e-05 -0.000278536 5.87177e-05
68700.000 -0.000273685 7.78645e-05 -0.000276471 8.66057e-05
68720.000 -0.000288214 3.69186e-06 -0.000273352 -1.40595e-05
68740.000 -0.00028434 -5.09993e-05 -0.000278652 -5.43574e-05
68760.000 -0.0002753 -0.000119473 -0.000271253 -0.000118692
68780.000 -0.000183909 -0.000237297 -0.000186138 -0.000226291
68800.000 -9.7218e-05 -0.000277478 -9.11377e-05 -0.00027406
68820.000 -0.000191472 -0.000211624 -0.000180252 -0.00022287
68840.000 -0.00026074 -0.00015234 -0.000248673 -0.000164237
68860.000 -0.000260053 -0.000140066 -0.000240001 -0.000138666
68880.000 -0.000233829 -0.000177915 -0.000229984 -0.000178853
68900.000 -0.000121161 -0.000260894 -0.000128895 -0.000262095
68920.000 -0.000153671 -0.000244111 -0.000168849 -0.000230869
68940.000 -0.000204034 -0.000216085 -0.000195969 -0.000211987
68960.000 -0.000169061 -0.000241234 -0.000139163 -0.000257196
68980.000 -0.000123581 -0.000249332 -0.000128478 -0.000263807
69000.000 -7.94744e-05 -0.000285721 -8.27937e-05 -0.000279056
69020.000 -0.000103929 -0.000256631 -0.00011253 -0.000264988
69040.000 -0.000234056 -0.000207464 -0.000224473 -0.000202235
69060.000 -0.000303774 -6.19118e-05 -0.000286536 -6.33611e-05
69080.000 -0.000302328 -2.13274e-05 -0.000293124 -3.49156e-05
69100.000 -0.000284989 -6.18991e-05 -0.000288427 -6.67409e-05
69120.000 -0.000290737 3.91042e-05 -0.000302472 3.08792e-05
69140.000 -0.000279248 -0.000110426 -0.000293343 -0.00010479
69160.000 -0.000270722 -0.000111412 -0.000279268 -0.000132163
69180.000 -0.000272892 -0.000109684 -0.000279507 -0.000103169
69200.000 -0.000281045 -0.000116984 -0.000283459 -0.000100162
% Warning: sampling overrun detected
69220.000 -0.000291724 -8.04629e-05 -0.000283666 -7.73215e-05
69240.000 -0.00027509 -0.000137522 -0.00027278 -0.000139227
69260.000 -0.000242768 -0.000183137 -0.000237969 -0.000179296
69280.000 -0.000135164 -0.000247409 -0.000128545 -0.000243435
69300.000 -0.000173619 -0.000237229 -0.000181222 -0.000230736
69320.000 -0.000134423 -0.000262093 -0.000153793 -0.00025455
69340.000 -0.000155038 -0.000259322 -0.000151118 -0.000251475
69360.000 -0.000243419 -0.000175263 -0.000241046 -0.000185572
69380.000 -0.000276357 -8.9928e-05 -0.000283936 -0.00010822
69400.000 -0.000289996 -4.11709e-05 -0.000308935 -2.55589e-05
69420.000 -0.000309859 5.48699e-06 -0.000303172 1.30112e-05
69440.000 -0.000292567 9.60666e-05 -0.000293372 9.1423e-05
69460.000 -0.000302113 -8.21376e-05 -0.000306097 -8.27044e-05
69480.000 -0.000296118 -6.27095e-05 -0.000310529 -7.238e-05
69500.000 -0.00030611 -5.22659e-05 -0.000307379 -4.63759e-05
69520.000 -0.000286146 -0.000132459 -0.00027841 -0.000122797
69540.000 -0.00028892 -0.000105959 -0.000300626 -0.000110996
69560.000 -0.000288113 -0.000128118 -0.000282239 -0.000142213
69580.000 -0.000269416 -0.000165837 -0.000277712 -0.000160114
69600.000 -0.000208343 -0.000243434 -0.000221027 -0.000247871
69620.000 -0.000257809 -0.000182533 -0.000255447 -0.000204656
69640.000 -0.000283619 -0.000168862 -0.000286531 -0.000178495
69660.000 -0.000295801 -0.000152881 -0.000305897 -0.000159667
69680.000 -0.000196774 -0.000256393 -0.000199355 -0.000261524
69700.000 -8.21264e-05 -0.000377363 -0.000109413 -0.000364068
69720.000 -0.000144947 -0.0003183 -0.000147247 -0.000324092
69740.000 -0.000141227 -0.000323023 -0.000136983 -0.000322892
69760.000 -0.000105948 -0.00034751 -0.000111063 -0.00034678
69780.000 -0.000166799 -0.000314301 -0.000162532 -0.000315257
69800.000 -1.65439e-05 -0.000362775 -1.07347e-05 -0.00034448
69820.000 0.000154326 -0.000319639 0.00015591 -0.000308339
69840.000 0.000270812 -0.000231419 0.000267162 -0.000210946
69860.000 0.000352016 -4.44443e-05 0.000332093 -1.59373e-05
69880.000 0.000334835 6.3629e-06 0.000344045 -1.905e-06
69900.000 0.000339238 -3.36716e-05 0.000360307 -2.41709e-05
69920.000 0.000332399 -7.29181e-05 0.000330051 -5.61901e-05
69940.000 0.000316881 4.1127e-05 0.000333268 4.57794e-05
69960.000 0.000314297 8.13054e-05 0.000304951 8.84925e-05
69980.000 0.000326202 -1.05506e-06 0.000335411 3.37504e-06
70000.000 0.000320715 -3.81881e-05 0.000333468 -5.25187e-05
70020.000 0.000299948 -2.99705e-05 0.000304924 -2.39851e-05
70040.000 0.000281709 0.000106199 0.00028514 0.000103077
70060.000 0.0003076 -2.18023e-05 0.000313626 -2.00924e-05
70080.000 0.000309131 -2.93433e-05 0.000300607 -2.22355e-05
70100.000 0.000300368 -0.000109373 0.000276182 -0.000105986
70120.000 0.000262238 -0.000137995 0.000282102 -0.000137693
70140.000 0.000259866 -0.000135146 0.000267896 -0.000135285
70160.000 0.000283727 -3.14458e-05 0.000299149 -3.44365e-05
70180.000 0.000293732 -5.61855e-05 0.000295479 -4.17076e-05
70200.000 0.00027968 -2.24223e-05 0.000289041 -1.42039e-05
70220.000 0.000282838 5.97099e-05 0.000287638 7.12897e-05
70240.000 0.000297198 -3.79852e-05 0.000287413 -2.50891e-05
70260.000 0.000268843 -0.000107518 0.000277566 -9.80006e-05
70280.000 0.00025749 -0.000121055 0.000263055 -0.000142592
70300.000 0.000216163 -0.000181699 0.000224024 -0.000175444
70320.000 0.0001709 -0.000228163 0.00017711 -0.0002253
70340.000 0.000215598 -0.000182687 0.000220218 -0.000176823
70360.000 0.000218897 -0.000193217 0.000207459 -0.000191416
70380.000 0.000218003 -0.000179256 0.000224042 -0.000191242
70400.000 0.000300281 -0.000108709 0.000293938 -0.000104925
70420.000 0.00029225 -0.000107262 0.000279105 -0.000108884
70440.000 0.00027746 -0.000113577 0.000293145 -0.000102643
70460.000 0.000282285 -9.31962e-05 0.0002817 -8.64303e-05
70480.000 0.000278863 -0.000108188 0.000277011 -0.000117828
70500.000 0.000286482 -3.92218e-05 0.000294393 -2.97585e-05
70520.000 0.000274904 -0.000116595 0.000266024 -0.000113078
70540.000 0.000259834 -0.000154079 0.000248907 -0.000149904
70560.000 0.000264493 -0.000115362 0.000270686 -0.000112537
70580.000 0.000288265 -3.31519e-05 0.000282319 -5.12102e-05
70600.000 0.000287777 4.93195e-06 0.000291047 9.69881e-06
70620.000 0.000268641 6.77722e-05 0.00028126 7.53019e-05
70640.000 0.000250853 0.000142055 0.00026871 0.000132493
70660.000 0.000260561 0.000136029 0.000258832 0.000133483
70680.000 0.000258886 0.000126191 0.000273046 0.000130222
70700.000 0.000253419 0.000120231 0.000271751 0.000132772
70720.000 0.000248681 0.000161761 0.000260343 0.000161535
70740.000 0.000223367 0.000178049 0.000228135 0.000181473
70760.000 0.000243065 0.000145474 0.000255178 0.000148959
70780.000 0.000249365 0.000143348 0.000254643 0.000143286
70800.000 0.000275906 9.97721e-05 0.000280967 0.000104349
70820.000 0.000160016 0.000223294 0.000173135 0.000239291
70840.000 8.32402e-05 0.000278523 8.77474e-05 0.000285636
70860.000 9.69075e-05 0.000271022 0.000104258 0.000284336
70880.000 0.000221677 0.000189096 0.000211403 0.000189655
70900.000 0.000282536 4.15396e-05 0.000290585 4.04629e-05
70920.000 0.000275456 8.2025e-05 0.000280696 7.60316e-05
70940.000 0.000281238 5.9914e-05 0.000285225 6.61962e-05
70960.000 0.000271289 3.92215e-05 0.000288138 5.45038e-05
% Warning: sampling overrun detected
70980.000 0.000286033 1.22007e-06 0.000295998 3.72729e-06
71000.000 0.000268967 -9.58939e-05 0.000262465 -9.96907e-05
71020.000 0.000261346 -0.000106682 0.000268352 -0.000114062
71040.000 0.000276787 -5.40205e-05 0.000285573 -5.82602e-05
71060.000 0.000246948 -0.000109858 0.000262776 -0.000108433
71080.000 0.000263636 -0.000124776 0.000247036 -0.000128102
71100.000 0.000241802 -0.000158587 0.00023871 -0.000149195
71120.000 0.000224457 -0.000152544 0.000234368 -0.000142134
71140.000 0.000229684 -0.000164175 0.00023736 -0.000154138
71160.000 0.000270148 -4.76717e-05 0.000283204 -4.34334e-05
71180.000 0.00027277 4.90213e-06 0.000288554 2.08261e-05
71200.000 0.000283762 7.37455e-06 0.000286172 2.20082e-05
71220.000 0.000261311 -6.88915e-05 0.000270298 -6.95542e-05
71240.000 0.000201893 -0.000204227 0.000216855 -0.000208253
71260.000 0.000199103 -0.000198316 0.000194638 -0.000205342
71280.000 0.000245678 -0.0001591 0.000240702 -0.000146943
71300.000 0.000214252 -0.000188045 0.000201409 -0.000200723
71320.000 0.000233332 -0.000175021 0.000217508 -0.000173994
71340.000 0.000196981 -0.000212248 0.000183936 -0.000206463
71360.000 0.000174232 -0.000235071 0.000167795 -0.000215326
71380.000 0.00018605 -0.000230138 0.000183341 -0.000214149
71400.000 0.000220567 -0.000183835 0.000221435 -0.000173321
71420.000 0.000224341 -0.000158493 0.000239307 -0.00015981
71440.000 0.000264806 -0.000111955 0.000271386 -9.69787e-05
71460.000 0.000281761 -6.67399e-05 0.000283889 -6.44485e-05
71480.000 0.000293599 -7.46869e-05 0.000290409 -6.86717e-05
71500.000 0.000288381 -2.01291e-05 0.000268871 -1.65586e-05
71520.000 0.000280881 -4.55704e-05 0.000309449 -2.86783e-05
71540.000 0.000273874 2.49277e-05 0.00026898 4.72766e-05
71560.000 0.000263364 6.25449e-05 0.000262931 7.22427e-05
% Warning: sampling overrun detected
71580.000 0.000280424 7.54371e-05 0.000281015 6.57826e-05
71600.000 0.000311243 4.42874e-05 0.000294906 6.05713e-05
71620.000 0.000278208 3.98023e-05 0.000288399 6.21717e-05
71640.000 0.000286099 -6.23288e-06 0.000292964 -7.37796e-06
71660.000 0.00029674 -1.77988e-07 0.000291767 3.1979e-05
71680.000 0.000300292 1.8256e-05 0.00029212 5.47232e-06
71700.000 0.000299564 -1.14626e-05 0.000299292 -1.06771e-05
71720.000 0.000278449 -1.23692e-05 0.000271483 9.08613e-06
71740.000 0.000293496 7.69888e-05 0.00029493 7.32749e-05
71760.000 0.000281345 5.20683e-05 0.000282273 6.15522e-05
71780.000 0.000297797 -5.11599e-05 0.000287138 -3.79778e-05
71800.000 0.000287874 -1.50637e-05 0.000282674 -1.37059e-05
71820.000 0.000288137 4.54397e-06 0.000296802 2.39666e-07
71840.000 0.000298591 1.14815e-05 0.00030172 2.19262e-05
71860.000 0.000228434 0.000167757 0.000228209 0.000184243
71880.000 0.000150215 0.000253628 0.000162077 0.00023329
71900.000 0.000217795 0.000172369 0.000232885 0.000181975
71920.000 0.00024794 0.000142883 0.000233321 0.000159855
71940.000 0.000256967 0.000122896 0.00025958 0.000139736
71960.000 0.000267034 0.000119136 0.00026733 0.000123412
71980.000 0.000262394 0.000146766 0.000249019 0.000151129
72000.000 0.000242434 0.000159585 0.000235757 0.000173757
72020.000 0.000254819 0.000166775 0.00023904 0.000162028
72040.000 0.000198529 0.000197497 0.000210858 0.000196994
72060.000 0.000263277 0.00013971 0.000271652 0.000120945
72080.000 0.000279172 8.93208e-05 0.000268225 0.000104493
72100.000 0.000260097 0.000125221 0.00025984 0.000135028
72120.000 0.000261495 0.000120382 0.000262601 0.000134085
72140.000 0.000250736 0.000123008 0.000258063 0.000124097
72160.000 0.000205723 0.000189569 0.000191995 0.000199189
72180.000 0.000206448 0.000220315 0.000189931 0.00023284
72200.000 0.000219176 0.000164691 0.000217093 0.000163656
72220.000 0.000251602 0.000130102 0.000259296 0.000140332
72240.000 0.000280007 5.29807e-05 0.000280549 6.59847e-05
72260.000 0.000296406 8.42426e-05 0.00027299 7.91447e-05
72280.000 0.000255273 0.000114382 0.000253942 0.000124007
72300.000 0.000272833 8.37194e-05 0.000263482 0.000100214
72320.000 0.000247975 0.00016352 0.000217094 0.000162811
72340.000 0.000244494 0.000155843 0.000231176 0.000155472
72360.000 0.000241148 0.000130316 0.000247826 0.000139581
72380.000 0.00022025 0.000180633 0.000226066 0.000178119
72400.000 0.000202892 0.00019005 0.000206308 0.000213305
72420.000 0.000195613 0.000218672 0.000181456 0.000212588
72440.000 0.000183283 0.000222221 0.000170117 0.000209294
72460.000 0.000235796 0.000163494 0.000221124 0.000171133
72480.000 0.000263484 0.000158866 0.000251353 0.000159279
72500.000 0.000233367 0.000153783 0.000240149 0.000165257
72520.000 0.000224194 0.000179484 0.000218189 0.000192596
72540.000 0.000214463 0.000175546 0.000224616 0.000173304
72560.000 0.000234508 0.000118761 0.000245011 0.000127595
72580.000 0.000216452 0.000183476 0.000203194 0.000183287
72600.000 0.000199705 0.000200843 0.000185294 0.000215193
72620.000 0.000196802 0.000211584 0.000190807 0.0002101
72640.000 0.000203564 0.000193021 0.000216919 0.000207553
72660.000 0.000160786 0.000235621 0.000164484 0.000233488
72680.000 0.000255554 0.000141707 0.000251512 0.000130438
72700.000 0.000227397 0.000161309 0.000219681 0.000171651
72720.000 0.000184457 0.000232323 0.000184681 0.000212647
72740.000 0.000202088 0.000206729 0.000196644 0.000213454
72760.000 0.000200404 0.000194289 0.000217291 0.000195533
% Warning: sampling overrun detected
72780.000 0.000181952 0.000206459 0.000184155 0.000209536
72800.000 0.000220101 0.000192793 0.000227218 0.000187282
72820.000 0.000215505 0.000180683 0.000238486 0.000177591
72840.000 0.000178127 0.000223694 0.000170653 0.000236529
72860.000 0.000209355 0.000198947 0.000190985 0.000201522
72880.000 0.000240811 0.000151603 0.000234283 0.000152345
72900.000 0.000177833 0.000220622 0.000172078 0.000228636
72920.000 0.000197896 0.000218607 0.000178666 0.000211617
72940.000 0.000165197 0.000244352 0.000158962 0.000248711
72960.000 0.000187923 0.00022598 0.000180732 0.00022968
72980.000 0.000142687 0.000264303 0.00013731 0.000254225
73000.000 0.000147239 0.000245643 0.000167417 0.000239687
73020.000 0.000166037 0.000245686 0.000153701 0.000243522
73040.000 0.000140025 0.000239468 0.000145454 0.000258168
73060.000 0.000105572 0.000272506 9.94486e-05 0.000267761
73080.000 7.9468e-05 0.000272891 7.04373e-05 0.000288966
73100.000 8.58799e-05 0.000268514 9.87645e-05 0.00028438
73120.000 0.000189972 0.000189995 0.000193627 0.000191004
73140.000 0.000213252 0.00018571 0.000210026 0.000198219
73160.000 0.000274141 8.35259e-05 0.000279385 8.65412e-05
73180.000 0.000275389 9.95005e-05 0.000256388 0.00011382
73200.000 0.000279948 6.26467e-05 0.00028153 7.71328e-05
73220.000 0.000291336 2.097e-05 0.000273567 1.16179e-05
73240.000 0.000299094 -1.0906e-05 0.000284804 -1.40858e-06
73260.000 0.000283968 -1.58585e-06 0.000299957 9.74512e-06
73280.000 0.000277202 7.19674e-05 0.000276279 8.93068e-05
73300.000 0.00023912 0.000165593 0.000230452 0.000168497
73320.000 0.000257416 0.000129421 0.000248563 0.000144497
73340.000 0.000185358 0.000220002 0.000192324 0.000206309
73360.000 0.000123877 0.000255997 0.000140673 0.000252349
73380.000 0.000143836 0.00026152 0.00014011 0.000240705
73400.000 0.000133914 0.000251179 0.000127917 0.000243781
73420.000 0.000185339 0.000222029 0.000176742 0.000219934
73440.000 0.000188313 0.000208419 0.000189598 0.000219946
73460.000 0.000127089 0.000261206 0.000134572 0.000248332
73480.000 0.000195197 0.00021836 0.000203142 0.00020974
73500.000 0.000223175 0.000203838 0.000224766 0.000203132
73520.000 0.000199195 0.000198226 0.000218686 0.000191135
73540.000 0.000182553 0.00022945 0.000181036 0.000222876
73560.000 0.000137991 0.000258064 0.000127364 0.000261407
73580.000 0.000148552 0.000253385 0.000159422 0.000242854
73600.000 0.000182098 0.000225653 0.000182954 0.000244594
73620.000 0.000188418 0.000226784 0.000180176 0.000221378
73640.000 0.000216008 0.000178239 0.000233218 0.000177866
73660.000 0.000219575 0.000188556 0.000221196 0.00018696
73680.000 0.000192525 0.000209258 0.000195183 0.000220223
73700.000 0.000229152 0.000204961 0.000213637 0.000197781
73720.000 0.000262727 0.000160537 0.000280258 0.000144123
73740.000 0.000213274 0.00020744 0.000230525 0.000200562
73760.000 0.000234169 0.000151712 0.000228687 0.000160723
73780.000 0.000233051 0.000158432 0.00023675 0.00017291
73800.000 0.000198639 0.000213537 0.000187701 0.000222539
73820.000 7.99617e-05 0.000267069 0.00010207 0.000275557
73840.000 0.000126296 0.00025173 0.000145389 0.000260152
73860.000 0.000116305 0.000256886 9.76882e-05 0.000277257
73880.000 6.66657e-05 0.000277609 6.52521e-05 0.000289356
73900.000 0.000113547 0.000260136 0.000117628 0.000262012
73920.000 9.1984e-05 0.000277312 9.81297e-05 0.000283242
73940.000 9.69599e-05 0.000260788 8.77352e-05 0.000270523
73960.000 0.000163701 0.000218493 0.000167551 0.000233624
73980.000 0.000218269 0.000211966 0.000208615 0.000208847
74000.000 0.000153378 0.000248591 0.000147613 0.000243192
74020.000 0.000188761 0.000225585 0.000182959 0.000231331
74040.000 0.000199135 0.000197496 0.000216213 0.000212697
74060.000 0.000215527 0.000182155 0.000213312 0.000182392
74080.000 0.00017145 0.000235665 0.000164422 0.00024576
74100.000 0.000160075 0.000238602 0.000151517 0.00024358
74120.000 0.000198575 0.0002102 0.000204546 0.000211498
74140.000 0.000199524 0.000208894 0.000199453 0.000215773
74160.000 0.000139605 0.000257022 0.000129344 0.000263674
74180.000 0.000155668 0.000258521 0.000158378 0.00024557
74200.000 0.000246109 0.000179547 0.000248532 0.000160741
74220.000 0.000233933 0.000188495 0.000221458 0.000188315
74240.000 0.000156012 0.000233226 0.000154493 0.000235792
74260.000 0.000112003 0.000263892 0.000122385 0.000268584
74280.000 0.000124703 0.000275388 0.000121586 0.000266056
74300.000 0.00012935 0.000260169 0.000146997 0.000256716
74320.000 0.000138685 0.000263738 0.00012814 0.000265526
74340.000 0.000156848 0.000278289 0.000153387 0.000269926
74360.000 0.00011172 0.000254243 0.000125085 0.000258528
74380.000 0.000114059 0.000264865 0.000125323 0.000269997
74400.000 0.000179151 0.000251132 0.000162927 0.000248378
74420.000 0.000162419 0.000260646 0.000167078 0.000277638
74440.000 0.000145475 0.000256286 0.000134367 0.000265754
74460.000 0.000203827 0.000207772 0.00019121 0.000210161
74480.000 0.000156145 0.00024311 0.000159067 0.000227522
74500.000 8.37819e-05 0.000290972 7.56246e-05 0.000281657
74520.000 0.000167894 0.000233128 0.00017504 0.000234916
74540.000 0.00020611 0.000212521 0.000210271 0.000221691
74560.000 0.000153809 0.000259004 0.000164005 0.000266399
% Warning: sampling overrun detected
74580.000 0.000191252 0.000215899 0.000218867 0.000210545
74600.000 0.000263004 0.000152165 0.00026231 0.000160411
74620.000 0.000279299 9.88982e-05 0.000291019 9.41488e-05
74640.000 0.000295374 6.79268e-05 0.000294047 6.44891e-05
74660.000 0.000255866 0.000149551 0.00026292 0.000131845
74680.000 0.000236611 0.000181118 0.000235126 0.000171549
74700.000 0.000225636 0.00020612 0.000225211 0.000193045
74720.000 0.000213419 0.000200584 0.000216682 0.000192231
74740.000 0.000257079 0.000165707 0.000252694 0.000152064
74760.000 0.000229151 0.000197398 0.000224138 0.000199113
74780.000 0.000207392 0.000211537 0.000200002 0.000216775
74800.000 0.000232426 0.000198562 0.000237783 0.000190721
74820.000 0.000212668 0.00020291 0.000215556 0.000197906
74840.000 0.000164292 0.000245515 0.000164913 0.000236023
74860.000 0.000216158 0.000213394 0.000208859 0.000209244
74880.000 0.000221721 0.000214464 0.000212089 0.00021511
74900.000 0.000238543 0.000161301 0.000235259 0.000170872
74920.000 0.000262004 0.000136231 0.000264574 0.000134876
74940.000 0.000229751 0.000184558 0.000222889 0.000200953
74960.000 0.000210684 0.000239741 0.000216399 0.000242583
74980.000 0.000223062 0.000186869 0.000228097 0.000188111
75000.000 0.000163877 0.00023327 0.000173266 0.000246282
75020.000 0.000201293 0.000234822 0.00017802 0.000237412
75040.000 0.000253796 0.000148067 0.000260659 0.00014576
75060.000 0.000239182 0.000153462 0.000250194 0.000155582
75080.000 0.000166586 0.000237845 0.000164015 0.000236247
75100.000 0.00016553 0.000254746 0.000171306 0.00024546
75120.000 0.000155778 0.000250275 0.00016039 0.000236979
75140.000 0.000172757 0.000244342 0.000166644 0.00023232
75160.000 0.000202651 0.000201798 0.000200485 0.000207706
% Warning: sampling overrun detected
75180.000 0.000159265 0.000231978 0.000148338 0.000260613
75200.000 0.00022181 0.000183672 0.000215745 0.000190336
75220.000 0.00024052 0.000144975 0.000236614 0.000149743
% Warning: sampling overrun detected
75240.000 0.000197426 0.000204649 0.000218035 0.000207007
% Warning: sampling overrun detected
75260.000 0.000209465 0.000201278 0.000215161 0.000200292
% Warning: sampling overrun detected
75280.000 0.000174538 0.000240793 0.000146078 0.000230357
75300.000 0.000183488 0.000216906 0.000174284 0.000236589
75320.000 0.00022629 0.000193745 0.000212646 0.000193754
75340.000 0.000214301 0.000188157 0.000204031 0.000210248
% Warning: sampling overrun detected
75360.000 0.000205113 0.000216697 0.000195126 0.000207724
75380.000 0.000225799 0.000184658 0.000214433 0.00018445
75400.000 0.00024093 0.000150995 0.000240581 0.00014087
% Warning: sampling overrun detected
75420.000 0.000199071 0.000198443 0.000201331 0.000192321
% Warning: sampling overrun detected
75440.000 0.000222268 0.000187331 0.000220895 0.000197281
% Warning: sampling overrun detected
75460.000 0.000230669 0.000191981 0.000214569 0.000180953
% Warning: sampling overrun detected
75480.000 0.00024061 0.000164206 0.000233163 0.000152016
75500.000 0.000249776 0.000140323 0.000254878 0.000140887
75520.000 0.000262659 0.000146837 0.000246799 0.000147124
% Warning: sampling overrun detected
75540.000 0.000250651 0.000134365 0.000261727 0.000142144
% Warning: sampling overrun detected
75560.000 0.000272504 8.97089e-05 0.000276146 7.85602e-05
% Warning: sampling overrun detected
75580.000 0.000282673 6.45135e-05 0.000286088 6.30097e-05
% Warning: sampling overrun detected
75600.000 0.000277421 0.000114853 0.00026876 0.000113448
% Warning: sampling overrun detected
75620.000 0.000250857 0.000140837 0.000241119 0.000158042
% Warning: sampling overrun detected
75640.000 0.000218177 0.000184678 0.000230679 0.000183571
75660.000 0.000232278 0.000160918 0.000228621 0.000164742
75680.000 0.000239953 0.000161377 0.000241999 0.000151051
75700.000 0.000212511 0.000182903 0.000223793 0.00018901
75720.000 0.000245856 0.000155051 0.000254755 0.000136377
75740.000 0.000250554 0.000148449 0.000252515 0.000151165
75760.000 0.000251707 0.000122141 0.000258807 0.000132839
75780.000 0.00024304 0.000142748 0.000253678 0.000129417
75800.000 0.000267377 7.23461e-05 0.000278787 7.5727e-05
75820.000 0.000274297 9.64147e-05 0.000270647 9.90608e-05
75840.000 0.000219844 0.000183303 0.000213024 0.000192382
75860.000 0.00024024 0.000156405 0.000233207 0.00015367
75880.000 0.000271687 0.000106547 0.000273955 0.00011189
75900.000 0.00027539 8.81665e-05 0.000278749 8.17352e-05
75920.000 0.000281979 4.72394e-05 0.000292063 6.04894e-05
75940.000 0.00023524 0.000143317 0.00024833 0.00014886
75960.000 0.000237251 0.000177572 0.000236801 0.000163254
75980.000 0.000252519 0.000154497 0.000248821 0.00014028
76000.000 0.000260261 0.000125519 0.000256349 0.000118025
76020.000 0.00028175 -3.13761e-06 0.000286542 1.22595e-05
76040.000 0.000285597 3.1629e-05 0.000288458 3.05759e-05
76060.000 0.000262323 0.000101067 0.000265818 0.000117371
76080.000 0.000259158 0.00011905 0.000260639 0.000104736
76100.000 0.000290677 6.06366e-05 0.000286152 6.68018e-05
76120.000 0.000256517 0.000123888 0.000249697 0.000121083
76140.000 0.000271181 0.000116587 0.000268631 0.000113203
76160.000 0.000284557 1.93686e-05 0.000286263 5.31123e-07
76180.000 0.000288796 5.29831e-05 0.000285653 3.4695e-05
76200.000 0.000283503 5.11582e-05 0.000284842 5.16187e-05
76220.000 0.000278521 5.67928e-05 0.000286612 4.49555e-05
76240.000 0.00028682 3.46713e-06 0.000290517 4.36062e-07
76260.000 0.000259956 0.000112136 0.00026032 0.000102521
76280.000 0.000191911 0.00021097 0.000206517 0.000196217
76300.000 0.000275577 9.37645e-05 0.000255817 9.18452e-05
76320.000 0.000297257 4.06503e-05 0.000284618 4.21332e-05
76340.000 0.000292833 3.46014e-05 0.000291071 2.35493e-05
76360.000 0.000282414 6.54054e-05 0.000279201 7.49314e-05
% Warning: sampling overrun detected
76380.000 0.00026137 0.000104987 0.000261219 0.000112617
% Warning: sampling overrun detected
76400.000 0.000278171 4.49033e-05 0.000278994 5.7126e-05
% Warning: sampling overrun detected
76420.000 0.000289126 7.75358e-06 0.000295089 1.87454e-05
% Warning: sampling overrun detected
76440.000 0.00027137 9.41753e-06 0.000297344 2.00437e-05
% Warning: sampling overrun detected
76460.000 0.000284804 2.00145e-05 0.000287459 1.41313e-05
% Warning: sampling overrun detected
76480.000 0.000265916 9.56034e-05 0.000272537 9.35259e-05
% Warning: sampling overrun detected
76500.000 0.000283978 1.41957e-05 0.000286871 2.26335e-05
% Warning: sampling overrun detected
76520.000 0.000276667 5.27293e-05 0.000275499 4.82757e-05
% Warning: sampling overrun detected
76540.000 0.000271379 4.05023e-05 0.000281588 4.04493e-05
% Warning: sampling overrun detected
76560.000 0.000278543 4.67196e-05 0.000279742 4.20813e-05
% Warning: sampling overrun detected
76580.000 0.000263366 0.000107242 0.000274245 0.000116755
% Warning: sampling overrun detected
76600.000 0.000272492 0.000124623 0.000266318 0.000103829
% Warning: sampling overrun detected
76620.000 0.000275539 8.45552e-05 0.000277141 7.63192e-05
% Warning: sampling overrun detected
76640.000 0.000284338 5.2229e-05 0.000284973 4.99826e-05
76660.000 0.000272795 6.29936e-05 0.000281345 6.40281e-05
% Warning: sampling overrun detected
76680.000 0.000280073 9.70543e-06 0.000285181 4.57336e-06
% Warning: sampling overrun detected
76700.000 0.000278368 7.30954e-05 0.000279214 7.77335e-05
% Warning: sampling overrun detected
76720.000 0.000278953 6.57718e-05 0.00028219 6.48061e-05
% Warning: sampling overrun detected
76740.000 0.000285005 6.32529e-05 0.000294563 7.05952e-05
% Warning: sampling overrun detected
76760.000 0.000284877 4.97726e-05 0.000287102 6.04324e-05
% Warning: sampling overrun detected
76780.000 0.000283784 6.48534e-05 0.00028235 6.25683e-05
% Warning: sampling overrun detected
76800.000 0.000287516 5.18367e-05 0.000295072 5.46439e-05
% Warning: sampling overrun detected
76820.000 0.000290473 -4.55956e-06 0.000288297 -1.03449e-05
% Warning: sampling overrun detected
76840.000 0.000279352 -1.78275e-05 0.000290911 -2.20323e-05
% Warning: sampling overrun detected
76860.000 0.000293916 -4.15777e-05 0.00027726 -4.72826e-05
% Warning: sampling overrun detected
76880.000 0.000295491 -3.53471e-06 0.000283779 4.89992e-06
% Warning: sampling overrun detected
76900.000 0.000277123 -3.24791e-05 0.00028187 -3.11385e-05
% Warning: sampling overrun detected
76920.000 0.000266528 -0.000101359 0.000259826 -0.000110443
% Warning: sampling overrun detected
76940.000 0.000238128 -0.000152157 0.000238652 -0.000154741
% Warning: sampling overrun detected
76960.000 0.000188947 -0.000212353 0.00018743 -0.000200279
% Warning: sampling overrun detected
76980.000 0.000275655 -8.34522e-05 0.00026673 -7.7207e-05
77000.000 0.000292373 -3.062e-05 0.000279528 -4.46885e-05
77020.000 0.000258358 -0.000137932 0.000249859 -0.000133173
77040.000 0.000252302 -0.000155443 0.00025657 -0.000142573
77060.000 0.000214999 -0.000195185 0.000220629 -0.000190234
77080.000 0.000247122 -0.000150155 0.000237443 -0.000136426
77100.000 0.000229718 -0.000175802 0.000241525 -0.000160071
77120.000 0.000267228 -0.00014103 0.000275451 -0.000147897
77140.000 0.000241912 -0.000154771 0.000257145 -0.000136803
77160.000 0.000249952 -0.000168077 0.00026179 -0.000159766
77180.000 0.000287075 -4.16275e-05 0.000303535 -4.85927e-05
77200.000 0.000289032 5.05244e-05 0.000282039 4.2042e-05
77220.000 0.000311684 8.31285e-06 0.000312807 2.33101e-05
77240.000 0.000292358 -2.23461e-05 0.000292284 -2.59029e-05
77260.000 0.00027773 -9.47778e-05 0.000270201 -0.000104832
77280.000 0.000251945 -0.000158238 0.000247485 -0.000149217
77300.000 0.000242328 -0.000157375 0.000236261 -0.0001485
77320.000 0.000268816 -0.000107596 0.000275359 -0.00012041
77340.000 0.000277728 -9.94221e-05 0.000276029 -9.78583e-05
77360.000 0.00021831 -0.000197162 0.00025028 -0.00019763
77380.000 0.000236213 -0.000180691 0.000245002 -0.000166428
77400.000 0.00025413 -0.000136116 0.000246279 -0.000129191
77420.000 0.000269848 -0.000112367 0.000269796 -0.00010708
77440.000 0.000257832 -0.000143436 0.000247655 -0.00014335
77460.000 0.000283416 -8.70175e-05 0.000276714 -8.00197e-05
77480.000 0.000245165 -0.000164316 0.000233837 -0.000157893
77500.000 0.000226218 -0.000173361 0.000232855 -0.00018459
77520.000 0.000277817 -8.13513e-05 0.000268129 -9.70216e-05
77540.000 0.000235939 -0.00016759 0.000242113 -0.000157766
77560.000 0.000202835 -0.000201847 0.000209735 -0.000196957
77580.000 0.000240551 -0.000160633 0.000243512 -0.000144077
77600.000 0.000198794 -0.000192982 0.000201047 -0.000190818
77620.000 0.0002628 -9.93364e-05 0.00027432 -9.81206e-05
77640.000 0.00027152 -6.9088e-05 0.000271978 -7.20672e-05
77660.000 0.000279529 -9.33439e-05 0.000272689 -9.47701e-05
77680.000 0.000184835 -0.000214905 0.000194346 -0.000210872
77700.000 8.33954e-05 -0.000288607 0.000100336 -0.000279534
77720.000 0.000193316 -0.000200694 0.000196272 -0.000215055
77740.000 0.000252027 -0.000115839 0.000239691 -0.00012336
77760.000 0.000253996 -0.000100854 0.000260522 -0.000108206
77780.000 0.000222895 -0.000195707 0.00021423 -0.000189236
77800.000 0.000214787 -0.000208117 0.000217689 -0.000201369
77820.000 0.000163166 -0.000234312 0.000161828 -0.000237073
77840.000 0.000177866 -0.000223695 0.000168315 -0.000237315
77860.000 0.000168511 -0.000231776 0.000180119 -0.00022981
77880.000 0.000241868 -0.000155769 0.000246209 -0.000153901
77900.000 0.000239932 -0.000168006 0.000230872 -0.000159735
77920.000 0.000243314 -0.000165034 0.000241837 -0.000170719
77940.000 0.000237895 -0.000170372 0.000225809 -0.000182565
77960.000 0.000228679 -0.000165673 0.000240299 -0.000161277
77980.000 0.000228885 -0.000164307 0.000222686 -0.000172986
78000.000 0.000178811 -0.000224421 0.000180115 -0.000228365
78020.000 0.000232419 -0.000181886 0.000227749 -0.000192619
78040.000 0.000221326 -0.000181745 0.000220778 -0.000185646
78060.000 0.000221812 -0.000178438 0.000240966 -0.000153298
78080.000 0.000236844 -0.000173308 0.000235699 -0.000170359
78100.000 0.000260272 -0.000163596 0.000241163 -0.000161137
78120.000 0.000261791 -9.7737e-05 0.000273161 -0.000104641
78140.000 0.000268454 -8.88349e-05 0.000281408 -7.23619e-05
78160.000 0.000265401 -0.00010596 0.000267412 -0.000114412
78180.000 0.00021814 -0.00017329 0.000240382 -0.000157173
78200.000 0.000219858 -0.000179198 0.000214055 -0.000195768
78220.000 0.000210486 -0.000196119 0.000215778 -0.000194302
78240.000 0.000237758 -0.00018027 0.000225422 -0.000161805
78260.000 0.000237814 -0.000147796 0.000238609 -0.000141264
78280.000 0.000206475 -0.000202874 0.000207878 -0.000217669
78300.000 0.000158924 -0.000237969 0.000160588 -0.000250577
78320.000 0.000158642 -0.000211368 0.000162805 -0.000208933
78340.000 0.000146873 -0.000242546 0.00014255 -0.000253826
78360.000 0.000186088 -0.000220582 0.000179772 -0.000221709
78380.000 0.000198901 -0.000210831 0.000180561 -0.000218274
78400.000 0.000211385 -0.000167963 0.000210752 -0.000176443
78420.000 0.000219878 -0.000170101 0.000213574 -0.00017611
78440.000 0.000244278 -0.00013587 0.000252737 -0.000142748
78460.000 0.000179953 -0.000221532 0.000177047 -0.000213704
78480.000 0.000178239 -0.000217702 0.000180906 -0.000221543
78500.000 0.000210739 -0.000177443 0.000219884 -0.000174087
78520.000 0.000225089 -0.000170823 0.000228626 -0.000157223
78540.000 0.000227199 -0.000161558 0.000245017 -0.000153545
78560.000 0.000253801 -0.000129274 0.000258634 -0.000138419
78580.000 0.000195435 -0.000200826 0.000195739 -0.000194671
78600.000 0.000118207 -0.000261029 0.000132618 -0.000270233
78620.000 0.00012329 -0.000261493 0.000114481 -0.000260088
78640.000 0.000222239 -0.00018308 0.000213369 -0.00020017
78660.000 0.000188665 -0.000214531 0.000183437 -0.000219565
78680.000 0.000157397 -0.000240797 0.000165821 -0.00023722
78700.000 0.000258979 -0.000114398 0.000265073 -0.000124091
78720.000 0.000261294 -0.000106481 0.000261922 -0.000112449
78740.000 0.000277149 -6.46305e-05 0.000264565 -6.96453e-05
78760.000 0.000231097 -0.000139055 0.000223213 -0.000150962
% Warning: sampling overrun detected
78780.000 0.000128276 -0.000244551 0.000137472 -0.000238423
78800.000 0.000170384 -0.000215358 0.000158034 -0.000235015
78820.000 0.000121228 -0.000248706 0.000126755 -0.000247056
78840.000 0.000186248 -0.000189751 0.000188253 -0.000197197
78860.000 0.000217457 -0.000168785 0.000216449 -0.000173192
78880.000 0.000241398 -0.000154403 0.000229037 -0.000154941
78900.000 0.000242276 -0.000157081 0.000223548 -0.000163359
78920.000 0.000200649 -0.000193494 0.000184984 -0.000209607
78940.000 0.000151061 -0.000234444 0.000143798 -0.000239846
78960.000 0.000173291 -0.000232669 0.000179399 -0.000231562
78980.000 0.000171795 -0.00022539 0.000160921 -0.0002251
79000.000 0.000193389 -0.000204653 0.000195785 -0.000216627
79020.000 0.000163603 -0.000238798 0.000163919 -0.00023563
79040.000 0.000246818 -0.000183175 0.00023031 -0.000210001
79060.000 0.00023323 -0.000158374 0.000236091 -0.0001634
79080.000 0.000206834 -0.000211895 0.000206573 -0.000205287
79100.000 0.000194962 -0.000212683 0.000188215 -0.000221358
79120.000 0.000195397 -0.000210017 0.000183657 -0.000218511
79140.000 0.000179208 -0.000222782 0.000184401 -0.000222228
79160.000 0.000228648 -0.000184173 0.000223067 -0.000168602
79180.000 0.000277508 -0.000109589 0.000264416 -0.000115183
79200.000 0.00022369 -0.000144095 0.000220399 -0.000169038
79220.000 0.000216193 -0.000130953 0.000223657 -0.000138409
79240.000 0.000170986 -0.000202815 0.000171937 -0.000206734
79260.000 0.000208442 -0.000185312 0.000204133 -0.000187969
79280.000 0.000162863 -0.000228265 0.000196194 -0.000212771
79300.000 0.000126638 -0.000235502 0.000119493 -0.000238729
79320.000 9.90124e-05 -0.00026449 8.52473e-05 -0.000262806
79340.000 0.000167054 -0.000209419 0.000185118 -0.000212042
79360.000 0.00022644 -0.000163165 0.000221459 -0.000171169
79380.000 0.000158817 -0.000192915 0.000165854 -0.000197999
79400.000 0.000128873 -0.000253466 0.000118032 -0.000235379
79420.000 0.000154964 -0.000224095 0.000138482 -0.000217427
79440.000 0.000166148 -0.000212614 0.000176739 -0.000227977
79460.000 0.000215651 -0.00016516 0.000220192 -0.000161303
79480.000 0.000116581 -0.000250353 0.000126868 -0.00024756
79500.000 3.306e-05 -0.000274432 3.96095e-05 -0.000275843
79520.000 4.70124e-05 -0.000279569 6.51552e-05 -0.000268135
79540.000 7.49363e-05 -0.000275682 5.31872e-05 -0.000267409
79560.000 0.000108841 -0.000255762 9.30884e-05 -0.000259284
79580.000 8.5297e-05 -0.000265387 8.77614e-05 -0.000246699
79600.000 0.000139217 -0.000233111 0.000145601 -0.000236308
79620.000 0.000138556 -0.000239407 0.000145702 -0.000236829
79640.000 0.000193823 -0.000199655 0.000188576 -0.000200929
79660.000 0.000213678 -0.00018314 0.000196691 -0.000184538
79680.000 0.000176063 -0.000229239 0.000169494 -0.000223033
79700.000 0.000251358 -0.000133644 0.000238859 -0.000120476
79720.000 0.000266079 -5.39566e-05 0.00028188 -6.74711e-05
79740.000 0.000231802 -0.000137436 0.000236939 -0.000143364
79760.000 0.00024316 -0.000151813 0.000248878 -0.000126249
79780.000 9.42264e-05 -0.000255221 0.000109263 -0.000253844
79800.000 0.000130985 -0.000263844 0.00013222 -0.000254766
79820.000 0.000144028 -0.000236626 0.000148722 -0.000244232
79840.000 0.00013503 -0.000252402 0.000122388 -0.000267396
79860.000 0.000176596 -0.000231371 0.000181379 -0.00022098
79880.000 0.000231446 -0.00018082 0.000211133 -0.000196323
79900.000 0.000224743 -0.000152393 0.000241448 -0.000161307
79920.000 0.000249879 -0.0001361 0.000254816 -0.000134689
79940.000 0.00024617 -0.000139557 0.000251402 -0.00012166
79960.000 0.000211773 -0.000163561 0.000222634 -0.000163571
79980.000 0.000212131 -0.000179411 0.000198327 -0.000195667
80000.000 0.000211116 -0.000174019 0.000205085 -0.000165456
80020.000 0.000165701 -0.000205601 0.000149141 -0.000221981
80040.000 0.000178907 -0.000221561 0.000181072 -0.000200501
80060.000 0.000237235 -0.000133665 0.000251702 -0.000118556
80080.000 0.000240839 -0.000126668 0.000233166 -0.000140181
80100.000 0.000232486 -0.000158385 0.000226177 -0.000157338
80120.000 0.000197194 -0.000182972 0.000190328 -0.000188406
80140.000 0.000216193 -0.000188831 0.000203634 -0.000179168
80160.000 0.000119781 -0.000262228 0.000112726 -0.000252045
80180.000 0.000198683 -0.000189943 0.000196738 -0.000174967
80200.000 0.000264656 -0.000102418 0.000266285 -8.36036e-05
80220.000 0.000230788 -0.000161566 0.000239149 -0.000149851
80240.000 0.000209602 -0.000179763 0.000220515 -0.000172374
80260.000 0.00023048 -0.000182176 0.00022044 -0.000171778
80280.000 0.000234074 -0.000152575 0.000233454 -0.000161961
80300.000 0.000270551 -0.000121192 0.000270541 -0.000106891
80320.000 0.000283523 -4.12811e-05 0.000282145 -4.03151e-05
80340.000 0.000283096 -6.56627e-05 0.000282399 -6.29026e-05
80360.000 0.000246484 -0.000135072 0.000242745 -0.000138224
80380.000 0.000206882 -0.000225781 0.000209113 -0.000225805
80400.000 0.000199292 -0.00017818 0.000203241 -0.000187071
80420.000 0.000219609 -0.000132604 0.000217148 -0.000128496
80440.000 0.000197029 -0.00018925 0.000199669 -0.000190868
80460.000 0.000223386 -0.000180202 0.000202905 -0.00017546
80480.000 0.000245496 -0.00012485 0.000250479 -0.00013598
80500.000 0.000249848 -0.000100749 0.000272909 -9.3705e-05
80520.000 0.000270253 -6.2706e-05 0.000272826 -5.89297e-05
80540.000 0.000268845 6.11895e-05 0.000261324 6.27307e-05
80560.000 0.000263227 9.60448e-05 0.000266196 8.27973e-05
% Warning: sampling overrun detected
80580.000 0.000268462 6.97185e-05 0.000270158 8.16753e-05
80600.000 0.0002766 -2.03142e-05 0.000295173 -1.49287e-05
80620.000 0.000272946 -6.69482e-05 0.000281783 -5.24666e-05
% Warning: sampling overrun detected
80640.000 0.000253914 -0.000123351 0.000242069 -0.000120884
80660.000 0.000216988 -0.000195162 0.000192792 -0.000183015
80680.000 0.000245088 -0.00013563 0.000239912 -0.000122171
% Warning: sampling overrun detected
80700.000 0.000259654 -0.000117048 0.000259091 -0.00012184
80720.000 0.000277841 -7.27516e-05 0.000258337 -9.03427e-05
80740.000 0.000260863 -0.000103982 0.00026854 -0.000102957
% Warning: sampling overrun detected
80760.000 0.000242356 -0.000133076 0.000251102 -0.00012867
% Warning: sampling overrun detected
80780.000 0.000255358 -8.90724e-05 0.000278165 -9.07532e-05
% Warning: sampling overrun detected
80800.000 0.000259123 -9.73065e-05 0.000267022 -8.46904e-05
80820.000 0.000287502 9.2816e-06 0.000280137 2.53634e-06
80840.000 0.000274082 -1.97092e-05 0.000274493 -1.43778e-05
80860.000 0.000270215 -8.26395e-05 0.000261069 -8.79847e-05
% Warning: sampling overrun detected
80880.000 0.000233825 -0.000122414 0.00024977 -0.000116876
% Warning: sampling overrun detected
80900.000 0.00021322 -0.000169928 0.000230744 -0.000170923
% Warning: sampling overrun detected
80920.000 0.000192218 -0.000197154 0.000191236 -0.000197918
% Warning: sampling overrun detected
80940.000 0.000214953 -0.000182425 0.00018792 -0.000184841
80960.000 0.000235894 -0.000164522 0.000226664 -0.000176778
80980.000 0.000227114 -0.000183148 0.000229514 -0.000175108
% Warning: sampling overrun detected
81000.000 0.000165598 -0.000230723 0.000161852 -0.000233953
81020.000 0.000136049 -0.000245197 0.000134525 -0.000240645
81040.000 0.000146806 -0.000244827 0.000135009 -0.000238603
% Warning: sampling overrun detected
81060.000 0.00018162 -0.00022153 0.000182025 -0.000204368
81080.000 0.000211561 -0.000176271 0.00021761 -0.000185867
81100.000 0.000234084 -0.0001919 0.000229476 -0.00019551
% Warning: sampling overrun detected
81120.000 0.000251353 -0.000149557 0.000241282 -0.000149158
% Warning: sampling overrun detected
81140.000 0.000234897 -0.000169965 0.000230037 -0.000161369
% Warning: sampling overrun detected
81160.000 0.000172778 -0.000217926 0.000173333 -0.000211054
81180.000 0.000190461 -0.000208674 0.000202893 -0.000211113
81200.000 0.000198981 -0.000207563 0.000203182 -0.00020558
81220.000 0.000183556 -0.000234511 0.000182046 -0.000222816
81240.000 0.000183753 -0.000204992 0.000186608 -0.000220562
81260.000 0.000150376 -0.000224752 0.000170538 -0.000227757
81280.000 0.000199908 -0.000191186 0.00020399 -0.000179144
81300.000 0.0002351 -0.000124781 0.000240237 -0.000130036
81320.000 0.000218416 -0.000173576 0.000224259 -0.000175344
81340.000 0.000191081 -0.000210124 0.000193152 -0.000196693
81360.000 0.000189367 -0.000191276 0.000191802 -0.000196294
81380.000 0.000166866 -0.000223835 0.000163481 -0.000207668
81400.000 0.000223872 -0.000165738 0.000223662 -0.000171911
81420.000 0.000239398 -0.000140601 0.000249583 -0.000123738
81440.000 0.000149645 -0.000222989 0.000146807 -0.000227692
81460.000 0.000182754 -0.00020579 0.000192184 -0.000218988
81480.000 0.000173217 -0.000228348 0.00019111 -0.000216583
81500.000 9.05917e-05 -0.000281591 7.93906e-05 -0.000280204
81520.000 -1.60997e-05 -0.000289947 -1.98705e-05 -0.000281831
81540.000 -7.27241e-06 -0.000278233 -1.44022e-05 -0.000283493
81560.000 -4.94264e-05 -0.000263358 -6.03691e-05 -0.000273255
81580.000 4.734e-05 -0.000277863 4.91679e-05 -0.000278211
81600.000 0.000107593 -0.000258789 0.000115951 -0.000271863
81620.000 0.000159356 -0.000228123 0.000170524 -0.000229989
81640.000 0.000195127 -0.000209247 0.000195602 -0.000204404
81660.000 0.000201796 -0.000198187 0.000190692 -0.000193814
81680.000 0.000147973 -0.000241126 0.000153548 -0.000249355
81700.000 0.000134487 -0.000272749 0.000136803 -0.000270169
81720.000 9.67085e-05 -0.000278152 9.42436e-05 -0.00027882
81740.000 0.000177369 -0.000226182 0.000180842 -0.000229415
81760.000 0.000141565 -0.000249095 0.000142656 -0.000247497
% Warning: sampling overrun detected
81780.000 0.000138287 -0.00025428 0.000136237 -0.000251391
81800.000 0.000148268 -0.000252468 0.000132177 -0.000241279
81820.000 0.000224762 -0.000187575 0.000239129 -0.000174139
81840.000 0.00027617 -9.62954e-05 0.000265897 -0.000104151
81860.000 0.000231414 -0.000158496 0.000239667 -0.000161762
81880.000 0.000206393 -0.000211849 0.000200755 -0.000215662
81900.000 0.000237441 -0.000184778 0.000250653 -0.000179605
81920.000 0.000276615 -0.000106924 0.000269743 -0.00011512
81940.000 0.000244776 -0.000158311 0.00025319 -0.000154449
81960.000 0.000214147 -0.000206779 0.000221539 -0.000204498
81980.000 0.00018725 -0.000233859 0.000197082 -0.000226576
82000.000 0.000162695 -0.000248009 0.000144086 -0.000256051
82020.000 0.000107015 -0.000290457 9.8495e-05 -0.000276895
82040.000 6.48885e-05 -0.000282415 4.49696e-05 -0.000294191
82060.000 6.15495e-06 -0.000279106 6.77383e-06 -0.000303344
82080.000 -9.17327e-06 -0.000283343 -1.26907e-05 -0.00028775
82100.000 4.24327e-05 -0.000285107 4.85512e-05 -0.000278676
82120.000 0.000158102 -0.000243894 0.000169484 -0.0002397
82140.000 0.000138964 -0.000253719 0.000154878 -0.000246413
82160.000 9.6121e-05 -0.000258404 0.00010259 -0.00026991
82180.000 8.69467e-05 -0.000274378 7.68941e-05 -0.000269393
82200.000 3.61515e-05 -0.000287934 4.34949e-05 -0.000291071
82220.000 3.89414e-05 -0.000290324 5.66521e-05 -0.000286293
82240.000 5.23331e-05 -0.000282754 2.00237e-05 -0.000277694
82260.000 6.62025e-05 -0.000263195 7.44277e-05 -0.000274215
82280.000 0.000180815 -0.000200236 0.000190853 -0.000204664
82300.000 0.000182962 -0.000227666 0.000179221 -0.000216787
82320.000 0.000173281 -0.000221151 0.000159205 -0.000221166
82340.000 0.000123842 -0.000262589 0.000117561 -0.000257281
82360.000 0.000121177 -0.000262204 0.000115113 -0.000252825
82380.000 0.000140006 -0.000242567 0.000143282 -0.000233804
82400.000 0.000149705 -0.000243805 0.000123245 -0.000245918
82420.000 3.06297e-05 -0.000267093 3.8874e-05 -0.000274082
82440.000 7.00169e-05 -0.000259313 7.01916e-05 -0.000271041
82460.000 0.000184245 -0.000211326 0.000167019 -0.000220668
82480.000 0.000228237 -0.000148088 0.000230117 -0.000162635
82500.000 0.000261287 -9.08829e-05 0.000264477 -7.23421e-05
82520.000 0.00017056 -0.000208509 0.000176564 -0.000217482
82540.000 0.00022674 -0.000153637 0.000222726 -0.000150753
82560.000 0.000196851 -0.000173316 0.000212608 -0.000176015
82580.000 0.000159496 -0.000225744 0.000162638 -0.000227776
82600.000 0.000214468 -0.000183822 0.000198258 -0.000190208
82620.000 0.000175189 -0.000195665 0.000177481 -0.000205857
82640.000 0.00021519 -0.00018213 0.000219577 -0.000182222
82660.000 0.000240202 -0.000147847 0.00023999 -0.000148046
82680.000 0.000208831 -0.000176424 0.000198454 -0.000182977
82700.000 0.000225268 -0.000154858 0.000228954 -0.000153425
82720.000 0.000265442 -7.37046e-05 0.000250173 -7.05813e-05
82740.000 0.000278548 -9.27326e-06 0.00027236 -1.54582e-05
82760.000 0.000269709 8.54572e-06 0.000276259 1.06469e-05
82780.000 0.000258435 -0.000102323 0.000268317 -9.69107e-05
82800.000 0.00026305 2.41327e-05 0.000271999 2.68148e-05
82820.000 0.000264101 7.46397e-05 0.000255709 8.75823e-05
82840.000 0.000251611 9.98019e-05 0.000243807 0.00010385
82860.000 0.000237373 0.000130251 0.000238293 0.000126696
82880.000 0.000264359 2.328e-05 0.000268907 1.03612e-05
82900.000 0.000271118 9.38002e-07 0.000265821 6.23088e-06
82920.000 0.000249287 8.55258e-05 0.000245108 8.4045e-05
82940.000 0.000271135 -1.24178e-05 0.000266973 -2.42853e-05
82960.000 0.000277334 2.9384e-05 0.000266609 4.4583e-05
82980.000 0.000264905 2.74318e-05 0.000256704 1.20768e-05
83000.000 0.000242109 -0.00010225 0.000253994 -0.000110342
83020.000 0.000215591 -0.000161118 0.000212494 -0.000149511
83040.000 0.00023328 -0.000165 0.000214068 -0.000149681
83060.000 0.000125483 -0.000233244 0.00014352 -0.000229839
83080.000 0.000149131 -0.000226802 0.000137899 -0.000224027
83100.000 0.000115399 -0.000231766 0.000113209 -0.000239173
83120.000 8.26434e-05 -0.000264486 8.78008e-05 -0.000237818
83140.000 2.06819e-05 -0.000289007 3.21439e-05 -0.000282259
83160.000 -2.41118e-06 -0.00028134 1.34147e-05 -0.000300337
83180.000 8.36146e-05 -0.000263035 7.10963e-05 -0.000258934
83200.000 0.000129016 -0.000228363 0.000117328 -0.000232582
83220.000 0.000201445 -0.000167063 0.000207533 -0.000164826
83240.000 0.000178273 -0.000199879 0.000179505 -0.000180947
83260.000 9.60651e-05 -0.000237998 0.000111803 -0.000245388
83280.000 4.00133e-05 -0.000272993 4.99378e-05 -0.000271681
83300.000 0.000111102 -0.000235872 0.000112219 -0.000243993
83320.000 7.553e-05 -0.000252368 8.97341e-05 -0.000265997
83340.000 0.000159361 -0.00020223 0.000164863 -0.000207351
83360.000 0.000227244 -0.000162286 0.000217248 -0.000164746
83380.000 0.000218126 -0.000154159 0.000225216 -0.000153528
83400.000 0.00019024 -0.000187963 0.00017903 -0.000194544
83420.000 0.000120087 -0.000224735 0.000134512 -0.000232264
83440.000 0.00021738 -0.000204944 0.000199513 -0.000207112
83460.000 0.000118093 -0.000232777 0.000102416 -0.000232965
83480.000 0.000104902 -0.000267862 0.000102242 -0.000249489
83500.000 0.000123101 -0.000270055 0.000123131 -0.000277688
83520.000 0.000154023 -0.000205347 0.000161189 -0.000217369
83540.000 0.000120113 -0.000256362 0.00011178 -0.000248112
83560.000 0.000205108 -0.000160995 0.000207372 -0.000183786
% Warning: sampling overrun detected
83580.000 0.000209815 -0.000187039 0.000201598 -0.000178317
83600.000 0.000222849 -0.000138375 0.000225226 -0.000143101
83620.000 0.000264556 -2.24644e-05 0.000275148 -3.56765e-05
83640.000 0.000238543 0.000102436 0.000238705 0.000113622
83660.000 0.000257914 4.18726e-05 0.000272966 5.50183e-05
83680.000 0.000267314 3.83973e-05 0.000273782 3.94855e-05
83700.000 0.000264036 6.46787e-05 0.000259004 7.49899e-05
83720.000 0.000260962 -4.26367e-05 0.000266595 -3.72828e-05
83740.000 0.000264586 -4.72144e-05 0.000269524 -5.271e-05
83760.000 0.00027313 1.94439e-05 0.000265881 1.87625e-05
83780.000 0.00027289 6.60963e-05 0.000253075 5.20928e-05
83800.000 0.00024186 0.000124731 0.000240567 0.000125049
83820.000 0.000199779 0.000174141 0.000213528 0.000174584
83840.000 0.000104291 0.000262739 9.87459e-05 0.000237321
83860.000 1.25819e-05 0.000264897 1.13341e-05 0.000267143
83880.000 -6.54544e-05 0.000264113 -6.65716e-05 0.000267199
83900.000 -0.000117569 0.000242479 -0.0001129 0.000251136
83920.000 -0.000154687 0.000217671 -0.000151762 0.000238084
83940.000 -0.000186247 0.000201386 -0.000182516 0.000199378
83960.000 -0.000170482 0.000212823 -0.000177125 0.000209254
83980.000 -0.000152762 0.000219296 -0.000148363 0.000211396
84000.000 -0.000138481 0.000205256 -0.00013783 0.0002166
84020.000 -0.000208655 0.000172596 -0.000217993 0.000182516
84040.000 -0.000132039 0.00021236 -0.000129311 0.000206413
84060.000 -0.000172032 0.00019467 -0.000180766 0.000195667
84080.000 -0.000146125 0.000207007 -0.000147571 0.000207222
84100.000 -0.000122945 0.000237017 -0.000119228 0.000235849
84120.000 -5.058e-05 0.000265264 -4.65079e-05 0.000277025
84140.000 -1.20681e-05 0.000266258 -1.09249e-05 0.000251177
84160.000 -4.8993e-05 0.000261361 -4.85457e-05 0.000264456
84180.000 -6.45425e-05 0.000295894 -6.41415e-05 0.000283372
84200.000 -7.70609e-05 0.000255867 -7.75444e-05 0.000256882
84220.000 -7.35057e-05 0.000253667 -6.71438e-05 0.000260279
84240.000 -2.84427e-05 0.00028285 -4.32117e-05 0.000267027
84260.000 -4.7332e-05 0.000280631 -3.85684e-05 0.000273022
84280.000 -7.36144e-05 0.000267822 -7.94468e-05 0.000266416
84300.000 -9.94059e-05 0.000251412 -8.51454e-05 0.000249948
% Warning: sampling overrun detected
84320.000 -5.96061e-05 0.000269034 -5.17545e-05 0.000252427
84340.000 -0.000137174 0.000237479 -0.000129491 0.000239304
84360.000 -0.000129462 0.00024189 -0.000132707 0.000232631
84380.000 -0.000108635 0.00024985 -0.000120243 0.000256019
84400.000 -3.21082e-05 0.000289308 -2.38323e-05 0.00029185
84420.000 -0.000139432 0.000248339 -0.000149026 0.000246332
84440.000 -0.000192404 0.000178088 -0.000196747 0.000174273
84460.000 -0.000255692 0.000123093 -0.00023464 0.000124058
84480.000 -0.000232028 8.64036e-05 -0.000232561 8.70829e-05
84500.000 -0.000203163 0.000150835 -0.00020389 0.000147479
84520.000 -0.000208563 0.000162338 -0.000211993 0.000165921
84540.000 -0.000160514 0.000203784 -0.000176939 0.000209629
84560.000 -0.000118613 0.00024807 -0.000107699 0.000234311
84580.000 -1.99165e-05 0.000255858 -2.07316e-05 0.000255993
84600.000 5.65557e-06 0.000279027 -2.05033e-06 0.00026862
% Warning: sampling overrun detected
84620.000 -9.21688e-05 0.00025004 -8.42963e-05 0.000254189
% Warning: sampling overrun detected
84640.000 -0.000139103 0.000229464 -0.000133409 0.000218867
84660.000 -0.000123293 0.000229556 -0.000109795 0.00022333
84680.000 9.28852e-07 0.000270378 4.4075e-06 0.000258376
84700.000 5.04212e-06 0.000271448 2.0943e-05 0.000265144
84720.000 0.000117333 0.000234723 0.000122663 0.000236585
84740.000 0.000108045 0.000244655 9.58571e-05 0.000240066
84760.000 8.8182e-05 0.00025419 7.94791e-05 0.000256142
84780.000 0.000106087 0.000247535 0.000103798 0.00024658
84800.000 0.00010777 0.000250426 0.000121725 0.00023993
84820.000 8.52178e-05 0.000247552 8.79366e-05 0.00024869
84840.000 7.30762e-05 0.000258467 6.96405e-05 0.00025617
84860.000 0.000142125 0.000221032 0.000130203 0.000215145
84880.000 0.000138578 0.000240749 0.000129331 0.000238852
84900.000 -4.93604e-06 0.000263672 7.26489e-06 0.00025097
84920.000 -0.000125434 0.000233362 -0.000129118 0.000243213
84940.000 -9.0371e-05 0.000260046 -9.12286e-05 0.000253734
84960.000 -0.000167513 0.000207834 -0.000167678 0.000202596
84980.000 -0.000229685 0.000134377 -0.000216812 0.00013031
85000.000 -0.000225413 0.000168908 -0.000208098 0.000164299
85020.000 -0.000217798 0.000169643 -0.000215707 0.000173913
85040.000 -0.000231732 0.000152514 -0.000240657 0.000162931
85060.000 -0.0002651 3.5189e-05 -0.000283396 3.38873e-05
85080.000 -0.000267022 2.19749e-06 -0.000260903 -3.50724e-06
85100.000 -0.000269631 -7.38647e-06 -0.000267826 -4.8648e-06
85120.000 -0.000248239 -9.27927e-05 -0.000250575 -8.91586e-05
85140.000 -0.000182133 -0.000191423 -0.000200804 -0.00017625
85160.000 -0.000158898 -0.000213067 -0.000148305 -0.00023079
85180.000 -0.000167152 -0.000220018 -0.000157476 -0.000216622
85200.000 -0.000242059 -0.000116227 -0.000232403 -0.000124372
85220.000 -0.000246284 -0.000117458 -0.000248031 -0.00012108
85240.000 -0.000255126 -8.61099e-05 -0.000267256 -9.63429e-05
85260.000 -0.000265558 -5.81246e-05 -0.00025973 -6.20573e-05
85280.000 -0.00026204 -7.66911e-05 -0.000267875 -7.36828e-05
85300.000 -0.000262198 -1.5888e-05 -0.00028455 -1.0573e-05
85320.000 -0.000271751 -8.87123e-05 -0.000264072 -7.18496e-05
85340.000 -0.000277414 -5.30382e-05 -0.000274537 -5.12149e-05
85360.000 -0.000285828 -1.68939e-05 -0.000282613 -2.10998e-05
85380.000 -0.000283035 -5.37646e-05 -0.000262052 -7.83688e-05
85400.000 -0.000257454 -8.83654e-05 -0.000261946 -9.55418e-05
85420.000 -0.00027114 -6.22826e-05 -0.000264288 -7.30162e-05
85440.000 -0.000279356 -9.99277e-07 -0.000275796 -2.78783e-07
85460.000 -0.000261585 9.85971e-06 -0.000277254 8.58216e-06
85480.000 -0.000278195 1.20514e-05 -0.000278014 2.27813e-06
85500.000 -0.000215681 -0.000173313 -0.00020038 -0.000178206
85520.000 -0.000186999 -0.000179141 -0.000188078 -0.000163201
85540.000 -0.000201943 -0.000198119 -0.00020205 -0.000183532
85560.000 -0.000200092 -0.000209981 -0.000194729 -0.000218021
85580.000 -0.000142851 -0.000252681 -0.000129581 -0.000255946
85600.000 -0.000132773 -0.000237202 -0.000122121 -0.000243978
85620.000 -1.99561e-05 -0.000284233 -5.48442e-06 -0.000296937
85640.000 -7.51154e-06 -0.000286819 -3.85316e-06 -0.000292346
85660.000 -0.000117552 -0.000263107 -0.000106088 -0.00025463
85680.000 -0.000227806 -0.000155887 -0.000244309 -0.000155755
85700.000 -0.000290173 4.22715e-05 -0.000286233 1.9244e-05
85720.000 -0.000268829 -0.000112595 -0.000265636 -0.000114641
85740.000 -0.000193755 -0.000174226 -0.0001865 -0.00017682
85760.000 -0.000146522 -0.000219521 -0.000161647 -0.00021867
85780.000 -0.000130364 -0.000238543 -0.000109386 -0.000237408
85800.000 -0.000154384 -0.000224836 -0.000157975 -0.000228346
85820.000 -5.17029e-05 -0.000272203 -4.89271e-05 -0.000273723
85840.000 -5.44065e-05 -0.000272398 -3.73372e-05 -0.000264323
85860.000 -7.00636e-05 -0.000264891 -6.37514e-05 -0.000268189
85880.000 -0.000206331 -0.00018753 -0.000200926 -0.000188398
85900.000 -0.000232027 -0.000136319 -0.000227529 -0.000151498
85920.000 -0.000239401 -0.000114354 -0.000242868 -0.000129955
85940.000 -0.000233966 -0.000135619 -0.000236575 -0.000137513
85960.000 -0.000225844 -0.000159198 -0.000225817 -0.000154605
85980.000 -0.000237533 -0.000139884 -0.000249194 -0.000128431
86000.000 -0.000263224 -0.000103888 -0.000262784 -8.54498e-05
86020.000 -0.000263095 -9.85273e-05 -0.000251499 -0.000115866
86040.000 -0.00026101 -2.8327e-05 -0.000265775 -4.17294e-05
86060.000 -0.000271023 -9.07082e-07 -0.000274799 1.51864e-06
86080.000 -0.000271736 -3.13697e-05 -0.000269754 -5.23945e-05
86100.000 -0.000275925 -1.131e-06 -0.000270606 6.67563e-06
86120.000 -0.000264012 -3.92197e-05 -0.000256383 -5.61154e-05
86140.000 -0.000239388 -0.000115089 -0.000255259 -0.000110098
86160.000 -0.000263822 -8.84628e-05 -0.000256185 -0.00010055
86180.000 -0.000243365 -0.000130275 -0.00024697 -0.00013405
86200.000 -0.000248666 -0.000124499 -0.000255164 -0.000124703
86220.000 -0.000197665 -0.000194359 -0.000195804 -0.000200411
86240.000 -0.000218254 -0.000173514 -0.000226581 -0.000175022
86260.000 -0.000237686 -0.000150895 -0.000230852 -0.00014746
86280.000 -0.000146794 -0.000217323 -0.000171078 -0.000227795
86300.000 -0.000134474 -0.000244703 -0.000133885 -0.000237691
86320.000 -9.94822e-05 -0.000263054 -9.34873e-05 -0.000252625
86340.000 -1.5885e-05 -0.000286636 -2.0021e-05 -0.000293218
86360.000 3.53613e-05 -0.000282907 5.03019e-05 -0.000275569
86380.000 8.14945e-05 -0.000269594 9.10993e-05 -0.000257045
